-0.01026 0.00511
-0.01102 0.00371
-0.01179 0.00337
-0.01174 0.00350
-0.00991 0.00612
-0.01064 0.00716
-0.01072 0.00435
-0.00981 0.00308
-0.00877 0.00292
-0.00805 0.00300
-0.00816 0.00531
-0.01021 0.00647
-0.00969 0.00452
-0.01018 0.00343
-0.01108 0.00304
-0.01045 0.00368
-0.01044 0.00389
-0.01051 0.00441
-0.01151 0.00509
-0.01345 0.00455
-0.01332 0.00542
-0.01352 0.00594
-0.01284 0.00616
-0.01186 0.00601
-0.01110 0.00635
-0.00935 0.00523
-0.00829 0.00508
-0.00896 0.00375
-0.00916 0.00314
-0.01226 0.00472
-0.01228 0.00476
-0.01236 0.00454
-0.01239 0.00550
-0.01238 0.00559
-0.01194 0.00416
-0.01098 0.00409
-0.00971 0.00440
-0.00965 0.00567
-0.01017 0.00626
-0.01095 0.00577
-0.01021 0.00602
-0.01008 0.00501
-0.01182 0.00467
-0.01250 0.00431
-0.01153 0.00355
-0.00872 0.00441
-0.00412 0.00409
0.00329 0.00535
0.01140 0.00678
0.01909 0.00603
0.02470 0.00734
0.02678 0.00615
0.02691 0.00613
0.03856 0.00172
0.04204 0.00313
0.05251 0.01182
0.05275 0.01199
0.05584 0.01368
0.05985 0.00989
0.06820 0.00932
0.07176 0.00980
0.07610 0.01136
0.08165 0.01155
0.08785 0.01143
0.09202 0.01157
0.09217 0.01160
0.09499 0.01253
0.10468 0.01270
0.10468 0.01270
0.11944 0.01312
0.12284 0.01547
0.13062 0.01783
0.13532 0.01758
0.14063 0.01740
0.14537 0.01750
0.15310 0.02075
0.15329 0.02084
0.15592 0.02186
0.15761 0.02359
0.16068 0.02534
0.16520 0.02544
0.17119 0.02635
0.17570 0.02660
0.17924 0.02576
0.18124 0.02655
0.18786 0.03103
0.19156 0.03234
0.19716 0.03340
0.20248 0.03744
0.20733 0.03746
0.21178 0.03589
0.21807 0.03483
0.21824 0.03481
0.21937 0.03550
0.22398 0.03869
0.23130 0.04498
0.23166 0.04526
0.23727 0.04518
0.24617 0.04610
0.24891 0.04696
0.25151 0.04760
0.25802 0.04838
0.26216 0.05093
0.26565 0.05305
0.26978 0.05619
0.27349 0.05916
0.27743 0.06117
0.28062 0.06149
0.28407 0.06052
0.28705 0.06000
0.28866 0.06041
0.29116 0.06255
0.29447 0.06562
0.29864 0.06872
0.30319 0.07037
0.30859 0.07074
0.31588 0.06972
0.32019 0.06960
0.32373 0.07156
0.32507 0.07357
0.32769 0.07591
0.32911 0.07772
0.33212 0.07822
0.33502 0.07814
0.33838 0.07788
0.34275 0.08036
0.34795 0.08341
0.35221 0.08756
0.35522 0.08975
0.35879 0.08962
0.36270 0.08994
0.36685 0.09067
0.37096 0.09300
0.37410 0.09515
0.37800 0.09652
0.38082 0.09666
0.38481 0.09804
0.38923 0.10066
0.39194 0.10030
0.39267 0.10042
0.39336 0.10346
0.39697 0.10508
0.40066 0.10788
0.40577 0.11012
0.41104 0.11272
0.41573 0.11487
0.42045 0.11587
0.42361 0.11717
0.42704 0.11719
0.43087 0.11978
0.43695 0.12123
0.44057 0.12357
0.44363 0.12672
0.44501 0.12754
0.44605 0.12862
0.44996 0.13293
0.45456 0.13615
0.45919 0.13747
0.46262 0.13764
0.46361 0.13818
0.46629 0.14038
0.47003 0.14245
0.47346 0.14455
0.47532 0.14726
0.48087 0.14913
0.48669 0.15109
0.49069 0.15160
0.49214 0.15301
0.49416 0.15663
0.49673 0.16020
0.50033 0.16342
0.50402 0.16604
0.50708 0.16840
0.51357 0.16892
0.51924 0.17085
0.52222 0.17398
0.52372 0.17597
0.52471 0.17745
0.52728 0.17856
0.52913 0.17956
0.53150 0.17948
0.53427 0.18009
0.53771 0.18268
0.54151 0.18724
0.54626 0.19242
0.54953 0.19489
0.55370 0.19717
0.55749 0.20009
0.56049 0.20193
0.56361 0.20278
0.56569 0.20457
0.56832 0.20732
0.57158 0.20931
0.57424 0.21026
0.57544 0.21049
0.57770 0.21265
0.58138 0.21572
0.58426 0.21743
0.58845 0.21924
0.59243 0.22409
0.60217 0.23371
0.60241 0.23395
0.60700 0.23675
0.60914 0.24045
0.61254 0.24041
0.61488 0.24260
0.61598 0.24315
0.61772 0.24487
0.61972 0.24480
0.61951 0.24555
0.61874 0.24839
0.61957 0.25210
0.62298 0.25493
0.62917 0.25784
0.63473 0.26158
0.64045 0.26444
0.64251 0.26645
0.64589 0.27132
0.64945 0.27498
0.65391 0.27622
0.65649 0.27908
0.65917 0.28254
0.66115 0.28635
0.66198 0.28774
0.66307 0.28778
0.66718 0.28916
0.66856 0.29243
0.66946 0.29569
0.67471 0.30389
0.67483 0.30406
0.67793 0.30748
0.68415 0.31123
0.68876 0.31422
0.69145 0.31855
0.69405 0.32025
0.69596 0.32293
0.70014 0.32243
0.70014 0.32243
0.70207 0.32157
0.70398 0.32491
0.70342 0.32944
0.70460 0.33457
0.72071 0.34710
0.72481 0.35051
0.72880 0.35412
0.73239 0.35715
0.73690 0.36326
0.73798 0.36692
0.73976 0.36896
0.74195 0.37072
0.74172 0.37572
0.74173 0.37586
0.74319 0.37830
0.74674 0.38079
0.75066 0.38416
0.75434 0.38687
0.75731 0.38982
0.76056 0.39137
0.76501 0.39434
0.76808 0.39860
0.77017 0.40478
0.77054 0.40747
0.77335 0.41128
0.77527 0.41286
0.77704 0.41329
0.77868 0.41355
0.78212 0.41598
0.78639 0.42245
0.79035 0.42761
0.79182 0.43223
0.79370 0.43593
0.79413 0.44041
0.79565 0.44440
0.79683 0.44642
0.79755 0.44577
0.79926 0.44936
0.80188 0.45201
0.80431 0.45539
0.80729 0.45887
0.81144 0.46342
0.81366 0.46666
0.81620 0.46944
0.82043 0.47410
0.82311 0.47539
0.82346 0.48006
0.82194 0.48139
0.82267 0.48413
0.82351 0.48564
0.82344 0.49031
0.82877 0.49154
0.83219 0.49698
0.83600 0.50121
0.84083 0.50895
0.84462 0.51527
0.84593 0.52129
0.84598 0.52324
0.84625 0.52342
0.84632 0.52236
0.84824 0.52573
0.85111 0.52954
0.85355 0.53541
0.85343 0.54138
0.85593 0.54438
0.85871 0.54765
0.86152 0.54919
0.86359 0.55354
0.86535 0.55713
0.86707 0.56165
0.86935 0.56509
0.87078 0.56827
0.87173 0.57182
0.87294 0.57678
0.87319 0.58267
0.87413 0.58653
0.87557 0.58786
0.87813 0.59000
0.88149 0.59340
0.88394 0.59631
0.88655 0.60108
0.88773 0.60745
0.88829 0.61314
0.88954 0.61690
0.89058 0.61914
0.89426 0.62041
0.89539 0.62139
0.89578 0.62531
0.89598 0.63020
0.89677 0.63433
0.89835 0.63776
0.90053 0.64139
0.90296 0.64516
0.90465 0.64934
0.90574 0.65170
0.90721 0.65407
0.90742 0.65724
0.90820 0.66050
0.91105 0.66574
0.91082 0.67081
0.91253 0.67507
0.91525 0.67820
0.91843 0.68296
0.91899 0.68608
0.91974 0.69156
0.92117 0.69680
0.92206 0.70193
0.92413 0.70281
0.92431 0.70357
0.92618 0.70502
0.92926 0.70742
0.93097 0.71126
0.92936 0.71607
0.92842 0.72364
0.92864 0.72865
0.93019 0.73053
0.93325 0.73236
0.93496 0.73373
0.93535 0.73679
0.93773 0.74476
0.93829 0.74872
0.93920 0.75574
0.94181 0.75829
0.94276 0.76177
0.94466 0.76549
0.94506 0.77229
0.94715 0.77583
0.94764 0.77658
0.94783 0.77866
0.94823 0.78317
0.94834 0.78663
0.95057 0.79159
0.95395 0.79425
0.95564 0.79852
0.95567 0.80776
0.95716 0.81299
0.95868 0.81626
0.96156 0.82447
0.96160 0.82461
0.96149 0.82835
0.96130 0.83092
0.96163 0.83506
0.96277 0.83934
0.96446 0.84262
0.96780 0.84914
0.96789 0.84929
0.96804 0.85302
0.96789 0.85699
0.96843 0.86283
0.96877 0.87141
0.96878 0.87162
0.96902 0.87455
0.97016 0.87738
0.97153 0.88416
0.97156 0.88435
0.97243 0.88754
0.97292 0.89212
0.97483 0.90133
0.97485 0.90155
0.97426 0.90532
0.97509 0.90723
0.97429 0.90983
0.97581 0.91371
0.97700 0.91836
0.97573 0.92709
0.97571 0.92732
0.97610 0.93049
0.97663 0.93554
0.97820 0.94008
0.98048 0.95101
0.98073 0.95184
0.98061 0.95396
0.98019 0.95833
0.98061 0.96350
0.97955 0.96862
0.97999 0.97436
0.98065 0.97889
0.98108 0.98249
0.98152 0.98586
0.98212 0.99438
0.98214 0.99458
0.98150 0.99724
0.98046 1.00124
0.98220 1.01764
0.98220 1.02232
0.98334 1.02466
0.98238 1.02775
0.98195 1.02993
0.98270 1.03138
0.98214 1.03310
0.98051 1.03439
0.98137 1.03887
0.97971 1.04496
0.97989 1.05156
0.98009 1.05939
0.98296 1.06542
0.98347 1.06954
0.98409 1.07365
0.98294 1.07803
0.98165 1.08210
0.98082 1.08435
0.98038 1.08633
0.97943 1.08997
0.97780 1.09408
0.97863 1.09742
0.97971 1.10089
0.98053 1.10373
0.97918 1.10689
0.97684 1.11129
0.97603 1.11491
0.97641 1.11749
0.97558 1.12338
0.97611 1.12845
0.97748 1.13229
0.97777 1.13583
0.97860 1.13828
0.97701 1.14050
0.97556 1.14266
0.97340 1.14545
0.97435 1.14949
0.97341 1.15627
0.97134 1.16144
0.97175 1.16598
0.97033 1.17035
0.96991 1.17474
0.96916 1.18148
0.96981 1.18601
0.97259 1.18941
0.97312 1.19161
0.97288 1.19174
0.97138 1.19150
0.96749 1.19255
0.96418 1.19644
0.96330 1.20231
0.96159 1.21114
0.96345 1.21747
0.96592 1.22079
0.96372 1.22379
0.96151 1.22852
0.95991 1.23066
0.96180 1.23559
0.96356 1.23805
0.96085 1.23957
0.96160 1.24079
0.95706 1.24124
0.95620 1.24306
0.95537 1.24753
0.95357 1.25558
0.95181 1.26308
0.94947 1.26933
0.94940 1.27615
0.94937 1.28156
0.94975 1.28496
0.94689 1.28392
0.94563 1.28479
0.94687 1.28621
0.94901 1.28637
0.94914 1.28759
0.94708 1.28969
0.94472 1.29499
0.94192 1.29936
0.93901 1.30502
0.93763 1.31060
0.93662 1.31768
0.93572 1.32375
0.93555 1.32915
0.93512 1.33088
0.93361 1.33285
0.93137 1.33594
0.93159 1.34154
0.93121 1.34392
0.92916 1.34616
0.92934 1.34773
0.92943 1.35076
0.92607 1.35468
0.92487 1.36025
0.92357 1.36506
0.92069 1.37021
0.91855 1.37641
0.91872 1.38140
0.91979 1.38767
0.92066 1.39177
0.91910 1.39417
0.91511 1.39606
0.91124 1.39938
0.90739 1.40192
0.90648 1.40677
0.90865 1.40826
0.90927 1.41196
0.90624 1.41309
0.90420 1.41551
0.89902 1.41849
0.89765 1.42413
0.89963 1.42908
0.89674 1.43525
0.89486 1.43931
0.89181 1.44292
0.89077 1.44730
0.89125 1.45263
0.88914 1.45465
0.88877 1.45640
0.88560 1.45941
0.88383 1.46235
0.88416 1.46576
0.88083 1.47068
0.88137 1.47320
0.87727 1.47583
0.87347 1.48068
0.87039 1.48629
0.86930 1.48800
0.86748 1.49285
0.86528 1.49792
0.86244 1.50237
0.85974 1.51956
0.85526 1.52833
0.85613 1.53086
0.85493 1.53459
0.84922 1.53919
0.84019 1.54529
0.84043 1.54772
0.83756 1.55116
0.83678 1.55516
0.83556 1.56009
0.82421 1.57071
0.82242 1.57538
0.82287 1.58188
0.82479 1.58643
0.82205 1.59030
0.81874 1.59136
0.81098 1.59685
0.81129 1.59694
0.80831 1.59872
0.80689 1.60193
0.80730 1.60429
0.80489 1.60764
0.80286 1.61259
0.79546 1.62628
0.79373 1.62743
0.78774 1.63130
0.78761 1.63141
0.78650 1.63419
0.78522 1.63647
0.78401 1.63918
0.77664 1.64611
0.77646 1.64628
0.77413 1.64919
0.77289 1.65246
0.77129 1.65559
0.77004 1.65915
0.76466 1.66109
0.76004 1.66334
0.75769 1.66525
0.75524 1.66716
0.75319 1.67080
0.75184 1.67399
0.75059 1.67596
0.74950 1.67935
0.74753 1.68526
0.74363 1.69025
0.73964 1.69379
0.73615 1.69606
0.73444 1.69575
0.73242 1.69942
0.73096 1.70342
0.72958 1.70742
0.72534 1.71215
0.72309 1.71411
0.72071 1.71532
0.71845 1.71370
0.71479 1.71431
0.71108 1.71562
0.70936 1.71922
0.70789 1.72551
0.70687 1.73144
0.70645 1.73485
0.70570 1.73781
0.70063 1.74157
0.69457 1.74182
0.69114 1.74324
0.68885 1.74511
0.68586 1.74876
0.68349 1.75200
0.68031 1.75536
0.67648 1.75903
0.67489 1.76179
0.67313 1.76444
0.67113 1.76582
0.66958 1.76718
0.66685 1.76879
0.66078 1.77171
0.65677 1.77397
0.65396 1.77738
0.65184 1.78163
0.64986 1.78697
0.64794 1.79080
0.64629 1.79345
0.64267 1.79554
0.63961 1.79585
0.63652 1.79803
0.63150 1.79950
0.62673 1.80127
0.62449 1.80443
0.62261 1.80992
0.62109 1.81676
0.61800 1.82112
0.61609 1.82197
0.61224 1.82271
0.60841 1.82277
0.60752 1.82241
0.60394 1.82511
0.59976 1.82843
0.59556 1.83081
0.59254 1.82986
0.58814 1.83170
0.58739 1.83399
0.58646 1.83477
0.58293 1.83691
0.58132 1.83935
0.57774 1.84402
0.57360 1.85221
0.56916 1.85850
0.56347 1.86347
0.56032 1.86711
0.55743 1.87028
0.55371 1.87014
0.55120 1.86801
0.54769 1.86809
0.54647 1.86734
0.54607 1.86797
0.54328 1.86903
0.53888 1.87154
0.53270 1.87237
0.52773 1.87549
0.52652 1.87968
0.52288 1.88337
0.52208 1.88694
0.51962 1.88902
0.51680 1.89024
0.51394 1.89134
0.50911 1.89278
0.50375 1.89389
0.50077 1.89433
0.49850 1.89670
0.49563 1.89852
0.49370 1.90102
0.49073 1.90382
0.48751 1.90693
0.48231 1.90748
0.47829 1.91103
0.46859 1.91997
0.46546 1.92201
0.45728 1.92468
0.45308 1.92645
0.44836 1.92781
0.44579 1.93069
0.44313 1.93023
0.43955 1.93147
0.43550 1.93323
0.43343 1.93605
0.42931 1.93674
0.42489 1.93987
0.41764 1.94372
0.41405 1.94444
0.41094 1.94886
0.40527 1.95185
0.40511 1.95193
0.40351 1.95572
0.40032 1.95646
0.39603 1.95746
0.39056 1.95735
0.38633 1.95958
0.37696 1.96789
0.37452 1.97121
0.37165 1.97218
0.35831 1.97202
0.35380 1.97347
0.34423 1.98145
0.34048 1.98267
0.33872 1.98396
0.33558 1.98510
0.33066 1.98661
0.32368 1.98935
0.32330 1.98951
0.31940 1.99102
0.31620 1.99291
0.31353 1.99299
0.31095 1.99241
0.30787 1.99403
0.30477 1.99473
0.30018 1.99646
0.29313 2.00037
0.28742 2.00234
0.28494 2.00573
0.28099 2.00599
0.27902 2.00632
0.27723 2.00650
0.27483 2.00548
0.27009 2.00440
0.26615 2.00484
0.25013 2.01497
0.24442 2.01689
0.24032 2.01759
0.23709 2.01704
0.23398 2.01703
0.23475 2.01798
0.22832 2.01815
0.22814 2.01813
0.22335 2.02025
0.21316 2.02141
0.21290 2.02145
0.20765 2.02214
0.20395 2.02342
0.20258 2.02539
0.19547 2.02741
0.18971 2.02811
0.17678 2.03457
0.17220 2.03579
0.16850 2.03725
0.16355 2.03648
0.16028 2.03676
0.15601 2.03622
0.15210 2.03715
0.14987 2.03751
0.14816 2.03585
0.14823 2.03609
0.13338 2.04143
0.12919 2.04552
0.12436 2.04817
0.12033 2.04680
0.11376 2.04505
0.10915 2.04501
0.10640 2.04502
0.10323 2.04513
0.09815 2.04496
0.09631 2.04521
0.09386 2.04620
0.08875 2.04587
0.08303 2.04831
0.07956 2.04925
0.07828 2.04952
0.07626 2.05033
0.07508 2.04849
0.07166 2.05013
0.06352 2.04904
0.05808 2.04888
0.05395 2.04996
0.05153 2.05151
0.04926 2.05276
0.04848 2.05511
0.04416 2.05499
0.03929 2.05373
0.03150 2.05206
0.02523 2.05182
0.02088 2.05369
0.01659 2.05639
0.01297 2.05856
0.00995 2.05766
0.00773 2.05777
0.00614 2.05703
0.00339 2.05513
-0.00126 2.05299
-0.00590 2.05343
-0.00942 2.05542
-0.01475 2.05824
-0.02009 2.05848
-0.02444 2.05753
-0.02855 2.05675
-0.03265 2.05549
-0.03517 2.05424
-0.03805 2.05432
-0.04331 2.05607
-0.04555 2.05866
-0.04955 2.05897
-0.05457 2.05824
-0.05728 2.05717
-0.06166 2.05666
-0.06338 2.05511
-0.06927 2.05412
-0.07406 2.05360
-0.07637 2.05230
-0.08078 2.05263
-0.08589 2.05097
-0.08996 2.05278
-0.09589 2.05436
-0.09850 2.05616
-0.10288 2.05722
-0.10663 2.05720
-0.11050 2.05726
-0.11400 2.05664
-0.11823 2.05476
-0.12164 2.05384
-0.12410 2.05117
-0.12941 2.04886
-0.13597 2.04566
-0.13935 2.04663
-0.14282 2.04766
-0.14396 2.04938
-0.14736 2.05044
-0.15142 2.05230
-0.15888 2.05030
-0.16424 2.05043
-0.17028 2.05087
-0.17329 2.04918
-0.17426 2.04734
-0.17471 2.04623
-0.17732 2.04349
-0.17909 2.04346
-0.18187 2.04423
-0.19348 2.04508
-0.19375 2.04510
-0.20091 2.04449
-0.20674 2.04443
-0.21990 2.04762
-0.22386 2.04558
-0.22721 2.04294
-0.23057 2.04137
-0.23854 2.04077
-0.24076 2.03940
-0.24377 2.03706
-0.24967 2.03720
-0.25787 2.03367
-0.25808 2.03360
-0.26154 2.02710
-0.26475 2.02622
-0.27084 2.02773
-0.27677 2.02774
-0.28723 2.02330
-0.28750 2.02319
-0.29666 2.02024
-0.29696 2.02012
-0.30119 2.02005
-0.30723 2.02060
-0.30737 2.02060
-0.30829 2.02120
-0.30994 2.02072
-0.31137 2.01922
-0.31606 2.01754
-0.32149 2.01454
-0.32678 2.01286
-0.32896 2.01114
-0.33751 2.00992
-0.33774 2.00987
-0.34660 2.00540
-0.35173 2.00368
-0.35471 2.00150
-0.35958 2.00173
-0.36438 2.00203
-0.36873 2.00121
-0.37149 2.00064
-0.37458 2.00007
-0.37813 1.99783
-0.38116 1.99611
-0.38531 1.99428
-0.38736 1.99319
-0.39074 1.99049
-0.39320 1.98892
-0.39621 1.98800
-0.40120 1.98834
-0.40689 1.98631
-0.41058 1.98448
-0.41183 1.98373
-0.42151 1.97762
-0.42949 1.97793
-0.43851 1.97830
-0.43920 1.97688
-0.44394 1.97570
-0.44687 1.97410
-0.44969 1.97158
-0.45244 1.96677
-0.45363 1.96289
-0.45601 1.96099
-0.45760 1.96002
-0.46214 1.95996
-0.46671 1.96025
-0.47025 1.95956
-0.47414 1.95786
-0.47860 1.95613
-0.48249 1.95498
-0.48554 1.95374
-0.48792 1.94986
-0.49182 1.94585
-0.49410 1.94213
-0.49735 1.94107
-0.50137 1.94095
-0.50342 1.94158
-0.50582 1.94016
-0.50943 1.93922
-0.51287 1.93574
-0.51564 1.93152
-0.51874 1.93143
-0.52433 1.93020
-0.52931 1.92870
-0.53257 1.92780
-0.53728 1.92766
-0.53975 1.92500
-0.53946 1.92074
-0.53965 1.91858
-0.54250 1.91665
-0.54583 1.91413
-0.54862 1.91052
-0.55438 1.90895
-0.55894 1.90747
-0.56352 1.90588
-0.56888 1.90499
-0.57123 1.90458
-0.57367 1.90284
-0.57620 1.90043
-0.57899 1.89731
-0.58340 1.89428
-0.58778 1.88996
-0.59120 1.88681
-0.59546 1.88372
-0.59882 1.88075
-0.60269 1.88011
-0.60533 1.88070
-0.60977 1.88053
-0.61173 1.87965
-0.61425 1.87862
-0.61501 1.87561
-0.61818 1.86905
-0.62137 1.86595
-0.62595 1.86353
-0.63085 1.86243
-0.63530 1.86119
-0.63780 1.86050
-0.63890 1.85710
-0.64041 1.85592
-0.64248 1.85440
-0.64655 1.85087
-0.64922 1.84615
-0.65273 1.84205
-0.65432 1.83933
-0.65520 1.83671
-0.65769 1.83567
-0.66326 1.83569
-0.66891 1.83537
-0.67312 1.83266
-0.67371 1.82824
-0.67510 1.82403
-0.67760 1.82064
-0.68145 1.81790
-0.68723 1.81546
-0.69261 1.81282
-0.69426 1.81216
-0.69711 1.80998
-0.69942 1.80701
-0.70273 1.80308
-0.70586 1.80236
-0.70732 1.79919
-0.70925 1.79716
-0.71181 1.79821
-0.71421 1.79707
-0.71729 1.79014
-0.72234 1.78364
-0.72413 1.78088
-0.72667 1.77907
-0.72953 1.77869
-0.73318 1.77642
-0.73525 1.77307
-0.73683 1.77014
-0.73786 1.76997
-0.74076 1.76578
-0.74930 1.75785
-0.74952 1.75769
-0.75386 1.75493
-0.75346 1.75306
-0.75668 1.74560
-0.76595 1.73912
-0.76613 1.73901
-0.77010 1.73665
-0.77505 1.73721
-0.77898 1.73557
-0.78289 1.73375
-0.78664 1.73060
-0.79107 1.72450
-0.79501 1.71259
-0.79510 1.71231
-0.79367 1.71068
-0.79648 1.71052
-0.79655 1.71049
-0.79763 1.70867
-0.79799 1.70279
-0.79801 1.70265
-0.80101 1.69878
-0.80392 1.69407
-0.80930 1.68999
-0.81629 1.68941
-0.82043 1.68808
-0.82642 1.68027
-0.82659 1.68006
-0.82913 1.67846
-0.83605 1.67436
-0.84098 1.67174
-0.84251 1.66872
-0.84208 1.66517
-0.84139 1.66171
-0.84099 1.65713
-0.84151 1.64985
-0.84504 1.64446
-0.84851 1.64251
-0.85188 1.64209
-0.85578 1.64343
-0.85851 1.64348
-0.86137 1.64225
-0.86334 1.63862
-0.86718 1.63318
-0.87053 1.62770
-0.87253 1.61815
-0.87452 1.61599
-0.87742 1.61475
-0.88097 1.61476
-0.88194 1.61087
-0.88234 1.60472
-0.88494 1.59811
-0.88784 1.59086
-0.89026 1.58797
-0.89316 1.58619
-0.89563 1.58434
-0.89712 1.58326
-0.89785 1.58119
-0.89921 1.57755
-0.90170 1.57355
-0.90491 1.56940
-0.90651 1.56483
-0.90786 1.56045
-0.90977 1.55683
-0.91169 1.55385
-0.91356 1.55099
-0.91647 1.54834
-0.91872 1.53731
-0.92661 1.52881
-0.92916 1.52784
-0.93307 1.52480
-0.93797 1.51575
-0.94111 1.51191
-0.94249 1.50737
-0.94282 1.50173
-0.94374 1.49842
-0.94490 1.49714
-0.94631 1.49417
-0.94763 1.48912
-0.95102 1.48215
-0.95216 1.47964
-0.95461 1.47759
-0.95625 1.47407
-0.95706 1.46875
-0.95860 1.46532
-0.96032 1.46131
-0.96145 1.45743
-0.96226 1.45427
-0.96364 1.45267
-0.96612 1.44950
-0.96819 1.44535
-0.96953 1.44150
-0.97017 1.43879
-0.97146 1.43377
-0.97208 1.43086
-0.97404 1.42875
-0.97478 1.42455
-0.97672 1.41981
-0.98010 1.41623
-0.98290 1.41180
-0.98367 1.40916
-0.98603 1.40565
-0.98776 1.40354
-0.98877 1.40001
-0.99018 1.39706
-0.99260 1.39229
-0.99401 1.38915
-0.99576 1.38381
-0.99592 1.37769
-0.99718 1.37170
-0.99878 1.36955
-1.00041 1.36706
-1.00044 1.36348
-1.00112 1.35969
-1.00168 1.35693
-1.00270 1.35582
-1.00420 1.35398
-1.00533 1.35071
-1.00510 1.34715
-1.00927 1.34281
-1.01425 1.33660
-1.01792 1.33227
-1.01859 1.32761
-1.01817 1.32647
-1.01727 1.32215
-1.01695 1.31636
-1.01605 1.31388
-1.01852 1.31147
-1.02000 1.30843
-1.02231 1.30433
-1.02312 1.30018
-1.02432 1.29472
-1.02417 1.29076
-1.02371 1.28564
-1.02654 1.28148
-1.03009 1.27803
-1.02969 1.27465
-1.02897 1.27069
-1.02879 1.26920
-1.02871 1.26724
-1.03051 1.26494
-1.03274 1.26050
-1.03400 1.25719
-1.03481 1.25085
-1.03554 1.24566
-1.03642 1.24187
-1.03598 1.23849
-1.03645 1.23561
-1.03873 1.23063
-1.03978 1.22795
-1.04182 1.22528
-1.04173 1.22143
-1.04188 1.21789
-1.04074 1.21533
-1.04088 1.21138
-1.04142 1.20647
-1.04380 1.20171
-1.04605 1.19578
-1.04937 1.19003
-1.05149 1.18655
-1.05089 1.18449
-1.05006 1.18280
-1.04937 1.18080
-1.04963 1.17611
-1.04846 1.17269
-1.04749 1.16632
-1.04813 1.16053
-1.05156 1.15598
-1.05349 1.15253
-1.05560 1.14779
-1.05478 1.14537
-1.05581 1.14235
-1.05556 1.14092
-1.05559 1.13919
-1.05574 1.13859
-1.05543 1.13384
-1.05313 1.12842
-1.05430 1.11955
-1.05496 1.11293
-1.05487 1.10555
-1.05634 1.10020
-1.05919 1.09837
-1.05998 1.09519
-1.05805 1.09379
-1.05777 1.09274
-1.05957 1.09086
-1.05931 1.08723
-1.05889 1.08486
-1.05878 1.07462
-1.05877 1.07443
-1.05954 1.06979
-1.06068 1.06458
-1.06132 1.06151
-1.05956 1.06026
-1.05858 1.05675
-1.05733 1.05140
-1.05659 1.03742
-1.05659 1.03742
-1.05818 1.03355
-1.06115 1.03087
-1.06237 1.02927
-1.06087 1.02759
-1.06058 1.02532
-1.06019 1.02060
-1.05924 1.01506
-1.05897 1.00949
-1.05857 1.00506
-1.05911 1.00062
-1.05990 0.99601
-1.05946 0.99323
-1.05765 0.99123
-1.05657 0.98976
-1.05459 0.98790
-1.05155 0.98439
-1.05200 0.98025
-1.05456 0.97447
-1.05651 0.97046
-1.05921 0.96642
-1.06040 0.95891
-1.06043 0.95871
-1.05843 0.95246
-1.05626 0.94670
-1.05463 0.94183
-1.05297 0.93222
-1.05291 0.93197
-1.05150 0.92930
-1.05094 0.92877
-1.05094 0.92830
-1.05107 0.92677
-1.05155 0.92336
-1.05609 0.90641
-1.05540 0.90106
-1.05411 0.89598
-1.05229 0.88956
-1.04839 0.87920
-1.04831 0.87892
-1.04891 0.87704
-1.05015 0.87511
-1.05145 0.87597
-1.05121 0.87475
-1.05175 0.87473
-1.04954 0.87102
-1.04549 0.86704
-1.04136 0.86017
-1.03924 0.84782
-1.03916 0.84753
-1.03821 0.84202
-1.04039 0.83891
-1.04075 0.83223
-1.04200 0.82750
-1.04301 0.82435
-1.04075 0.82038
-1.03812 0.81829
-1.03659 0.81857
-1.03611 0.81944
-1.03606 0.81578
-1.03696 0.81152
-1.03692 0.80383
-1.03734 0.79598
-1.03750 0.78996
-1.03526 0.78392
-1.03426 0.78006
-1.03149 0.77511
-1.02790 0.77227
-1.02558 0.77092
-1.02331 0.76992
-1.02093 0.76719
-1.02115 0.76338
-1.02162 0.75785
-1.02270 0.75343
-1.02408 0.74700
-1.02513 0.74107
-1.02384 0.73585
-1.02216 0.73329
-1.02161 0.73197
-1.02102 0.72819
-1.02034 0.72405
-1.01885 0.72006
-1.01665 0.71719
-1.01276 0.71463
-1.00733 0.71162
-1.00521 0.70903
-1.00364 0.70652
-1.00339 0.70084
-1.00432 0.69571
-1.00573 0.69055
-1.00736 0.68476
-1.00762 0.68227
-1.00804 0.67989
-1.00502 0.67580
-1.00211 0.67488
-0.99710 0.67312
-0.99449 0.66988
-0.98990 0.66851
-0.98817 0.66431
-0.98650 0.66131
-0.98413 0.65453
-0.98300 0.64925
-0.98311 0.64313
-0.98631 0.64045
-0.98623 0.63749
-0.98272 0.63504
-0.98204 0.63165
-0.97832 0.62474
-0.97495 0.61997
-0.97376 0.61656
-0.96978 0.61477
-0.96688 0.61229
-0.96652 0.60796
-0.96556 0.60634
-0.96256 0.60462
-0.96319 0.60103
-0.96308 0.59861
-0.95831 0.59312
-0.95680 0.58704
-0.95548 0.58090
-0.95654 0.57529
-0.95403 0.56972
-0.95274 0.56793
-0.95348 0.56549
-0.94871 0.56231
-0.94561 0.55607
-0.94269 0.55188
-0.93800 0.54844
-0.93415 0.54471
-0.93275 0.54137
-0.93051 0.53781
-0.92820 0.53585
-0.92855 0.53456
-0.92848 0.53278
-0.92753 0.52830
-0.92586 0.52374
-0.92241 0.51923
-0.91922 0.51536
-0.91544 0.51202
-0.91461 0.50891
-0.91401 0.50692
-0.91075 0.49475
-0.91065 0.49446
-0.90600 0.48945
-0.89865 0.48405
-0.89861 0.48413
-0.89660 0.48014
-0.89252 0.47744
-0.88582 0.46861
-0.88568 0.46840
-0.88505 0.46508
-0.88661 0.46153
-0.88662 0.46142
-0.88568 0.45979
-0.88234 0.45317
-0.88228 0.45301
-0.87813 0.44922
-0.87103 0.43770
-0.87103 0.43770
-0.87199 0.43313
-0.87258 0.43047
-0.87171 0.42732
-0.86988 0.42455
-0.86494 0.42017
-0.86032 0.42000
-0.85429 0.41680
-0.85413 0.41672
-0.85164 0.41330
-0.84936 0.40963
-0.84839 0.40403
-0.84288 0.39659
-0.83607 0.39273
-0.83607 0.39273
-0.83120 0.38744
-0.82748 0.38314
-0.82324 0.37651
-0.82319 0.37635
-0.82757 0.37030
-0.82769 0.37013
-0.82934 0.36651
-0.81915 0.35925
-0.81490 0.35609
-0.80960 0.35200
-0.80597 0.34775
-0.80094 0.34236
-0.80070 0.34211
-0.79836 0.34058
-0.79830 0.33884
-0.79572 0.33731
-0.79048 0.33147
-0.79037 0.33133
-0.78947 0.32857
-0.78798 0.32593
-0.78691 0.32220
-0.78465 0.31893
-0.78086 0.31574
-0.77055 0.30972
-0.77033 0.30956
-0.76712 0.30671
-0.76407 0.30452
-0.76291 0.30219
-0.76276 0.29944
-0.76175 0.29551
-0.75926 0.29281
-0.75705 0.28988
-0.75451 0.29017
-0.75209 0.28744
-0.74921 0.28462
-0.74494 0.28148
-0.74237 0.27643
-0.73936 0.27141
-0.73535 0.26982
-0.73524 0.26973
-0.73304 0.26868
-0.72815 0.26235
-0.72804 0.26222
-0.72427 0.25860
-0.72022 0.25443
-0.71391 0.24738
-0.71373 0.24721
-0.71111 0.24657
-0.70638 0.24507
-0.70292 0.24202
-0.70076 0.23897
-0.69947 0.23529
-0.69726 0.23421
-0.69452 0.23086
-0.69659 0.22900
-0.69216 0.22989
-0.68877 0.22869
-0.68396 0.22699
-0.68029 0.22572
-0.67546 0.21912
-0.67189 0.21436
-0.67189 0.21061
-0.67010 0.20707
-0.66722 0.20456
-0.66534 0.20290
-0.66322 0.20162
-0.66083 0.20063
-0.65677 0.19860
-0.65401 0.19770
-0.64900 0.19541
-0.64342 0.19306
-0.63721 0.19074
-0.63351 0.18846
-0.63134 0.18647
-0.63025 0.18471
-0.62868 0.18220
-0.62779 0.18009
-0.62493 0.17744
-0.62095 0.17321
-0.61647 0.16980
-0.61189 0.16831
-0.60731 0.16718
-0.60420 0.16741
-0.60246 0.16758
-0.60123 0.16549
-0.59944 0.16338
-0.59537 0.16001
-0.59091 0.15621
-0.58760 0.15220
-0.58361 0.14786
-0.57986 0.14470
-0.57630 0.14394
-0.57308 0.14390
-0.57053 0.14568
-0.56749 0.14587
-0.56383 0.14442
-0.56105 0.14097
-0.55903 0.13910
-0.55465 0.13745
-0.55021 0.13719
-0.54748 0.13286
-0.54307 0.13055
-0.53878 0.12592
-0.53575 0.12254
-0.53449 0.11967
-0.53025 0.11890
-0.52673 0.11836
-0.52340 0.12081
-0.52167 0.12103
-0.51758 0.11992
-0.51529 0.11767
-0.51204 0.11556
-0.50856 0.11231
-0.50539 0.10949
-0.50225 0.10643
-0.49854 0.10574
-0.49557 0.10478
-0.49107 0.10404
-0.48700 0.10430
-0.48344 0.10427
-0.48119 0.10356
-0.47563 0.10206
-0.46906 0.09914
-0.46384 0.09699
-0.46025 0.09435
-0.45719 0.09322
-0.45424 0.09280
-0.45192 0.09232
-0.44983 0.08985
-0.44664 0.08615
-0.44069 0.08001
-0.44053 0.07985
-0.43682 0.07980
-0.43081 0.07892
-0.42583 0.07685
-0.42128 0.07580
-0.41858 0.07419
-0.41659 0.07468
-0.41380 0.07509
-0.41025 0.07297
-0.40584 0.07026
-0.40188 0.06862
-0.39706 0.06780
-0.39483 0.06633
-0.39124 0.06483
-0.38754 0.06265
-0.38106 0.06001
-0.38090 0.05995
-0.37889 0.05863
-0.37628 0.05624
-0.37211 0.05450
-0.36738 0.05400
-0.36365 0.05434
-0.35979 0.05498
-0.34838 0.05004
-0.33889 0.04423
-0.33644 0.04142
-0.33334 0.03995
-0.32801 0.03702
-0.32169 0.03481
-0.31766 0.03511
-0.31433 0.03787
-0.31220 0.03970
-0.30968 0.04051
-0.30483 0.04278
-0.30083 0.04114
-0.29778 0.03801
-0.29467 0.03474
-0.29067 0.03057
-0.28729 0.02685
-0.28450 0.02582
-0.27859 0.02867
-0.27337 0.03254
-0.26997 0.03210
-0.26554 0.03048
-0.26271 0.02924
-0.25858 0.02503
-0.25415 0.02205
-0.25024 0.01835
-0.24674 0.01635
-0.24334 0.01516
-0.24036 0.01555
-0.23737 0.01642
-0.23324 0.01832
-0.22328 0.01751
-0.22304 0.01751
-0.21917 0.01687
-0.21379 0.01472
-0.21048 0.01390
-0.20680 0.01319
-0.20421 0.00981
-0.20128 0.00974
-0.19702 0.00995
-0.19359 0.01001
-0.18942 0.00867
-0.18458 0.00596
-0.17909 0.00464
-0.17473 0.00406
-0.17047 0.00637
-0.16647 0.00746
-0.16268 0.00991
-0.15994 0.00621
-0.15744 0.00025
-0.15442 -0.00347
-0.15239 -0.00518
-0.15012 -0.00526
-0.14660 -0.00261
-0.14295 0.00096
-0.13778 0.00202
-0.13302 0.00004
-0.12734 -0.00286
-0.12313 -0.00573
-0.11832 -0.00643
-0.11443 -0.00636
-0.11034 -0.00725
-0.10973 -0.00673
-0.10928 -0.00479
-0.10732 -0.00462
-0.10324 -0.00475
-0.09820 -0.00530
-0.09149 -0.00687
-0.08596 -0.00851
-0.07929 -0.00965
-0.07501 -0.00814
-0.07232 -0.00589
-0.07121 -0.00583
-0.06933 -0.00474
-0.06523 -0.00397
-0.06112 -0.00343
-0.05731 -0.00476
-0.05530 -0.00651
-0.05241 -0.00867
-0.05169 -0.00885
-0.04514 -0.00536
-0.03820 -0.00324
-0.03734 -0.00621
-0.03523 -0.00648
-0.04056 -0.00852
-0.04603 -0.00839
-0.05266 -0.00816
-0.06100 -0.00716
-0.06602 -0.00677
-0.06720 -0.00727
-0.06578 -0.00705
-0.06094 -0.00558
-0.05466 -0.00595
-0.04739 -0.00606
-0.04110 -0.00760
-0.03665 -0.00808
-0.03626 -0.00878
-0.03831 -0.00909
-0.04285 -0.00766
-0.04804 -0.00742
-0.05275 -0.00571
-0.05648 -0.00499
-0.05918 -0.00542
-0.06086 -0.00690
-0.06200 -0.00846
-0.05969 -0.00934
-0.05620 -0.00890
-0.05193 -0.00881
-0.04782 -0.00877
-0.04472 -0.00705
-0.04370 -0.00558
-0.04318 -0.00582
-0.04430 -0.00681
-0.04596 -0.00739
-0.04883 -0.00789
-0.04994 -0.00723
-0.05245 -0.00835
-0.05304 -0.00781
-0.05332 -0.00905
-0.05350 -0.00822
-0.05431 -0.00791
-0.05499 -0.00879
-0.05380 -0.00928
-0.05211 -0.00701
-0.05382 -0.00955
-0.05304 -0.00867
-0.04947 -0.00827
-0.04808 -0.00905
-0.04742 -0.00955
-0.04867 -0.00971
-0.05023 -0.00913
-0.05097 -0.00850
-0.05092 -0.00889
-0.05146 -0.00815
-0.05227 -0.00905
-0.05346 -0.00857
