-0.01297 -0.00508
-0.01368 -0.00559
-0.01418 -0.00476
-0.01362 -0.00422
-0.01337 -0.00338
-0.01320 -0.00280
-0.01252 -0.00340
-0.01222 -0.00505
-0.01340 -0.00770
-0.01436 -0.00646
-0.01556 -0.00657
-0.01435 -0.00501
-0.01346 -0.00466
-0.01273 -0.00533
-0.01309 -0.00462
-0.01114 -0.00468
-0.01231 -0.00534
-0.01293 -0.00444
-0.01299 -0.00441
-0.01077 -0.00504
-0.01296 -0.00463
-0.01271 -0.00305
-0.01116 -0.00570
-0.01114 -0.00576
-0.01317 -0.00712
-0.01315 -0.00659
-0.01314 -0.00660
-0.01300 -0.00436
-0.01275 -0.00313
-0.01202 -0.00601
-0.01201 -0.00606
-0.01190 -0.00602
-0.01284 -0.00521
-0.01397 -0.00168
-0.01397 -0.00168
-0.01415 -0.00381
-0.01355 -0.00632
-0.01509 -0.00636
-0.01419 -0.00908
-0.01134 -0.00616
-0.00398 -0.00552
0.01689 -0.00382
0.02030 -0.00375
0.02283 -0.00236
0.02443 -0.00150
0.02670 -0.00311
0.02924 -0.00448
0.03310 -0.00429
0.03762 -0.00190
0.04317 -0.00253
0.04685 -0.00008
0.05467 0.00103
0.05489 0.00105
0.05903 -0.00039
0.06486 0.00025
0.07024 -0.00010
0.07661 0.00042
0.07678 0.00043
0.07864 0.00032
0.08300 0.00252
0.08689 0.00329
0.09089 0.00533
0.09485 0.00439
0.10093 0.00167
0.10109 0.00161
0.10374 0.00450
0.11198 0.00590
0.11220 0.00593
0.11496 0.00714
0.12299 0.00544
0.12322 0.00543
0.12739 0.00557
0.13233 0.00814
0.13694 0.00945
0.13980 0.01110
0.14519 0.01259
0.14765 0.01339
0.15078 0.01241
0.15429 0.01367
0.15678 0.01524
0.16063 0.01616
0.16617 0.01591
0.17145 0.01661
0.17565 0.01817
0.17927 0.02079
0.18314 0.02311
0.18526 0.02248
0.18805 0.02237
0.19213 0.02274
0.19483 0.02381
0.19976 0.02457
0.20317 0.02616
0.20824 0.02761
0.21175 0.02888
0.21427 0.02926
0.21859 0.03103
0.22111 0.03046
0.22539 0.03167
0.23131 0.03558
0.23611 0.03669
0.23990 0.03619
0.24233 0.03647
0.24353 0.03882
0.24642 0.04055
0.25009 0.04161
0.25464 0.04224
0.25816 0.04502
0.26398 0.04548
0.26800 0.04528
0.27066 0.04506
0.27247 0.04672
0.27666 0.04642
0.28071 0.04898
0.28523 0.05142
0.29118 0.05490
0.29631 0.05590
0.29875 0.05679
0.30073 0.05768
0.30291 0.05606
0.30424 0.05584
0.30969 0.05856
0.31392 0.05980
0.31826 0.06168
0.32258 0.06426
0.32731 0.06581
0.33238 0.06712
0.33561 0.06800
0.33720 0.06920
0.33849 0.07121
0.34041 0.07196
0.34437 0.07317
0.34879 0.07428
0.35422 0.07643
0.35996 0.07902
0.36470 0.08058
0.36834 0.08101
0.37008 0.08233
0.37237 0.08547
0.37471 0.08889
0.37739 0.09140
0.37951 0.09202
0.38356 0.09178
0.38884 0.09246
0.39398 0.09479
0.39959 0.09662
0.40308 0.09822
0.40705 0.10067
0.40994 0.10307
0.41135 0.10618
0.41350 0.10777
0.41671 0.10804
0.41970 0.10937
0.42305 0.11228
0.42574 0.11358
0.42765 0.11539
0.43150 0.11761
0.43560 0.11918
0.44099 0.12170
0.44690 0.12409
0.45023 0.12538
0.45364 0.12617
0.45761 0.12582
0.45996 0.12794
0.46223 0.13172
0.47362 0.13821
0.47982 0.13932
0.47997 0.13937
0.48434 0.13993
0.48606 0.14112
0.49149 0.14681
0.49163 0.14693
0.49700 0.14818
0.50927 0.15429
0.51247 0.15597
0.51406 0.15850
0.51830 0.16221
0.52127 0.16202
0.52427 0.16538
0.52999 0.16865
0.53466 0.17218
0.53812 0.17589
0.53880 0.17776
0.53887 0.17784
0.54168 0.17939
0.54324 0.17938
0.54666 0.18207
0.55221 0.18457
0.55826 0.18870
0.56283 0.19325
0.56528 0.19592
0.56856 0.19782
0.57005 0.19955
0.57306 0.20547
0.57318 0.20560
0.57505 0.20767
0.57855 0.20760
0.58231 0.20844
0.59449 0.21760
0.59862 0.22015
0.60127 0.22320
0.60429 0.22695
0.60583 0.22953
0.60794 0.23032
0.61193 0.23243
0.61421 0.23525
0.61812 0.23803
0.62174 0.24100
0.62473 0.24383
0.62553 0.24486
0.62623 0.24681
0.62900 0.24973
0.63820 0.25343
0.64078 0.25500
0.64402 0.25787
0.64859 0.26356
0.66065 0.28101
0.66506 0.28429
0.66738 0.28709
0.66903 0.28797
0.67137 0.28787
0.67269 0.28766
0.67525 0.28780
0.68134 0.29073
0.68149 0.29080
0.68376 0.29319
0.68670 0.29764
0.69060 0.29965
0.68991 0.30534
0.68986 0.30865
0.69316 0.30971
0.69663 0.31040
0.70189 0.31293
0.70536 0.31785
0.70849 0.32210
0.71244 0.32708
0.71429 0.32821
0.71699 0.33057
0.71596 0.33388
0.71605 0.33618
0.71853 0.33804
0.72127 0.33905
0.72568 0.34283
0.72997 0.34609
0.73576 0.35294
0.73700 0.36156
0.73838 0.36408
0.73886 0.36462
0.74242 0.36422
0.74586 0.36705
0.74882 0.36873
0.75110 0.36971
0.75273 0.37419
0.75520 0.37805
0.75835 0.38177
0.75974 0.38544
0.76123 0.38851
0.76288 0.39322
0.76589 0.39527
0.76922 0.39590
0.77223 0.39712
0.77445 0.39997
0.77719 0.40510
0.77975 0.40968
0.78159 0.41351
0.78425 0.41628
0.78527 0.41899
0.78699 0.42258
0.78937 0.42491
0.79188 0.42741
0.79462 0.43067
0.79704 0.43457
0.80055 0.43904
0.80213 0.44326
0.80369 0.44787
0.80609 0.45156
0.80891 0.45261
0.81107 0.45468
0.81358 0.45574
0.81519 0.45760
0.81678 0.46009
0.81926 0.46314
0.82175 0.46783
0.82468 0.47331
0.82719 0.47804
0.82849 0.48228
0.82951 0.48507
0.83104 0.48637
0.83211 0.48745
0.83430 0.49009
0.83640 0.49498
0.83930 0.49863
0.84087 0.50445
0.84487 0.50736
0.84795 0.51274
0.84966 0.51976
0.85223 0.52382
0.85312 0.52633
0.85407 0.52780
0.85441 0.52987
0.85712 0.53074
0.85956 0.53299
0.86335 0.53390
0.86591 0.53850
0.86665 0.54386
0.86785 0.55076
0.86844 0.55443
0.87188 0.55756
0.87311 0.55974
0.87422 0.56139
0.87577 0.56350
0.87672 0.56680
0.87807 0.57086
0.87904 0.57675
0.88150 0.57908
0.88671 0.58213
0.88988 0.58596
0.89077 0.59020
0.88983 0.59494
0.88755 0.59836
0.88835 0.60424
0.88996 0.60891
0.89352 0.61156
0.89716 0.61550
0.90076 0.61634
0.90137 0.61890
0.90309 0.62199
0.90266 0.62443
0.90299 0.62943
0.90455 0.63401
0.90332 0.63683
0.90652 0.63914
0.90961 0.64420
0.91308 0.64830
0.91563 0.65195
0.91450 0.66741
0.91543 0.67122
0.91825 0.67263
0.92014 0.67431
0.92247 0.67521
0.92300 0.68386
0.92302 0.68407
0.92428 0.68906
0.92738 0.69788
0.92753 0.69834
0.93000 0.70321
0.93143 0.70729
0.93278 0.71126
0.93362 0.71413
0.93348 0.71928
0.93347 0.71941
0.93381 0.72320
0.93572 0.72760
0.93687 0.73066
0.93993 0.73648
0.94069 0.74235
0.94228 0.74561
0.94393 0.74818
0.94389 0.74950
0.94499 0.75958
0.94656 0.76409
0.94884 0.77589
0.94992 0.78116
0.95083 0.78540
0.95250 0.78976
0.95382 0.79370
0.95448 0.79755
0.95757 0.80740
0.95763 0.80765
0.95755 0.81099
0.95626 0.81163
0.95449 0.81245
0.95480 0.81537
0.95787 0.81893
0.96007 0.82232
0.96174 0.82700
0.96296 0.84548
0.96311 0.85062
0.96386 0.85191
0.96604 0.85510
0.96852 0.85760
0.96998 0.86056
0.97009 0.86413
0.96739 0.86631
0.96789 0.87018
0.96897 0.87651
0.96965 0.88186
0.97078 0.88655
0.97218 0.89028
0.97319 0.89376
0.97370 0.89621
0.97403 0.90122
0.97454 0.90529
0.97386 0.91033
0.97403 0.91347
0.97419 0.91778
0.97425 0.92105
0.97493 0.92472
0.97547 0.92661
0.97634 0.93033
0.97652 0.93285
0.97586 0.93549
0.97597 0.93811
0.97553 0.94056
0.97582 0.94426
0.97714 0.95006
0.97901 0.95572
0.97810 0.96211
0.97728 0.96693
0.97629 0.97064
0.97741 0.97383
0.97750 0.97592
0.97851 0.97795
0.97901 0.98034
0.97928 0.98470
0.97843 0.98961
0.97810 0.99448
0.97811 0.99948
0.97940 1.00366
0.98082 1.00618
0.98107 1.00913
0.98182 1.01365
0.97967 1.01795
0.97842 1.02175
0.97886 1.02726
0.97966 1.03193
0.97926 1.03662
0.98082 1.04271
0.98166 1.04477
0.98128 1.04635
0.98000 1.04906
0.97964 1.05374
0.97918 1.05749
0.98017 1.06334
0.97842 1.06814
0.97928 1.07298
0.98021 1.07732
0.98006 1.07993
0.97998 1.08108
0.97873 1.08258
0.97620 1.08469
0.97514 1.08793
0.97324 1.09128
0.97276 1.09557
0.97381 1.10031
0.97462 1.10758
0.97625 1.11391
0.97578 1.11903
0.97711 1.12272
0.97481 1.12397
0.97319 1.12968
0.97231 1.13279
0.97165 1.13583
0.97120 1.13802
0.97101 1.14138
0.96996 1.14567
0.96988 1.14994
0.97047 1.15421
0.97117 1.15848
0.97061 1.16478
0.96982 1.17168
0.96932 1.17512
0.96644 1.17788
0.96535 1.18078
0.96526 1.18500
0.96415 1.19002
0.96326 1.19390
0.96357 1.19663
0.96260 1.20058
0.96155 1.20269
0.96216 1.20513
0.96040 1.20775
0.96038 1.21122
0.95836 1.21350
0.95815 1.21641
0.95809 1.22118
0.95822 1.22579
0.95612 1.23111
0.95528 1.23682
0.95302 1.24342
0.95377 1.24849
0.95466 1.25379
0.95510 1.25663
0.95152 1.25852
0.94986 1.25974
0.94875 1.26253
0.94915 1.26293
0.94954 1.26581
0.94603 1.26818
0.94343 1.27281
0.94254 1.27815
0.94281 1.28114
0.94120 1.30072
0.94044 1.30373
0.93818 1.30812
0.93616 1.31180
0.93340 1.31514
0.93055 1.31648
0.93382 1.31618
0.93020 1.31898
0.92808 1.32795
0.92655 1.33211
0.92492 1.34084
0.92381 1.34677
0.92381 1.35184
0.92256 1.35585
0.92286 1.36035
0.92166 1.36218
0.91885 1.36558
0.91880 1.36564
0.91899 1.36419
0.91676 1.36320
0.91399 1.36680
0.91390 1.36690
0.91158 1.37197
0.90846 1.37894
0.90889 1.38448
0.90915 1.39136
0.90788 1.39652
0.90403 1.40892
0.90053 1.41514
0.90045 1.41530
0.89675 1.41967
0.89542 1.42435
0.89405 1.42740
0.89289 1.42673
0.89136 1.42678
0.88910 1.42925
0.88646 1.43706
0.88640 1.43724
0.88556 1.44299
0.88436 1.44804
0.87803 1.46425
0.87601 1.47183
0.87594 1.47204
0.87588 1.47371
0.87322 1.47484
0.87022 1.47884
0.86665 1.48125
0.86436 1.48362
0.86347 1.48983
0.86131 1.49491
0.85907 1.49964
0.85880 1.50164
0.85532 1.50615
0.85212 1.51134
0.84900 1.51827
0.84905 1.52232
0.84991 1.52527
0.84953 1.52875
0.84676 1.52904
0.84423 1.52929
0.84116 1.53531
0.83918 1.53857
0.83837 1.54015
0.83512 1.54356
0.83259 1.54746
0.83011 1.55166
0.82899 1.55666
0.82782 1.56160
0.82602 1.56485
0.82545 1.56675
0.82286 1.57029
0.82093 1.57224
0.81801 1.57434
0.81495 1.57727
0.81134 1.58049
0.80939 1.58443
0.80923 1.58871
0.80849 1.59242
0.80651 1.59431
0.80402 1.59651
0.80230 1.59886
0.79999 1.60244
0.79516 1.60622
0.79209 1.61031
0.79073 1.61464
0.78790 1.61893
0.78811 1.62219
0.78545 1.62428
0.78317 1.62780
0.78049 1.63061
0.77790 1.63361
0.77615 1.63477
0.77252 1.63766
0.77147 1.64132
0.77078 1.64430
0.76859 1.64688
0.76515 1.65067
0.76233 1.65323
0.75995 1.65510
0.75766 1.65969
0.75549 1.66309
0.75591 1.66520
0.75375 1.66616
0.74923 1.66624
0.74386 1.66959
0.74050 1.67447
0.74168 1.68101
0.73961 1.68628
0.73532 1.68953
0.73257 1.69242
0.73218 1.69520
0.73274 1.69747
0.72940 1.69982
0.72405 1.69844
0.71769 1.70128
0.71427 1.70743
0.71172 1.71317
0.71435 1.71654
0.71395 1.71706
0.70898 1.71776
0.70763 1.71829
0.70397 1.71984
0.70026 1.72561
0.69572 1.72824
0.69124 1.73295
0.68746 1.73666
0.68759 1.74293
0.68615 1.74516
0.68454 1.74707
0.68148 1.74891
0.67739 1.75016
0.67288 1.75178
0.66486 1.75580
0.66466 1.75590
0.66381 1.75905
0.66072 1.76511
0.66063 1.76525
0.65818 1.76859
0.65454 1.77220
0.64981 1.77647
0.64729 1.77841
0.64582 1.78040
0.63639 1.78228
0.63239 1.78503
0.62951 1.78928
0.62674 1.79428
0.62037 1.80380
0.61256 1.81133
0.61238 1.81150
0.60979 1.81282
0.60592 1.81654
0.60357 1.81873
0.60203 1.81976
0.60156 1.82046
0.59890 1.82191
0.59513 1.82460
0.59023 1.82550
0.58369 1.83047
0.58354 1.83060
0.58235 1.83150
0.57055 1.84791
0.56504 1.85192
0.56233 1.85286
0.56057 1.85392
0.55935 1.85356
0.55513 1.85397
0.55501 1.85400
0.55150 1.85548
0.54661 1.85840
0.53500 1.86737
0.53174 1.87024
0.52871 1.87350
0.52559 1.87799
0.52430 1.88009
0.52200 1.88123
0.51847 1.88150
0.51260 1.88281
0.50900 1.88574
0.50437 1.88615
0.50210 1.88709
0.49802 1.88980
0.49791 1.88986
0.49686 1.89319
0.49303 1.89638
0.48772 1.90053
0.47997 1.90357
0.47650 1.90435
0.47496 1.90587
0.47449 1.90714
0.47179 1.91050
0.46817 1.91264
0.46464 1.91431
0.46112 1.91536
0.45860 1.91403
0.45672 1.91388
0.45356 1.91347
0.44969 1.91849
0.44594 1.92473
0.44131 1.92871
0.43724 1.93079
0.43358 1.93243
0.43052 1.93292
0.42674 1.93420
0.42211 1.93459
0.41904 1.93537
0.41368 1.93775
0.41177 1.93934
0.40820 1.94314
0.40722 1.94615
0.40420 1.94883
0.39953 1.94985
0.39507 1.95078
0.39231 1.95125
0.38994 1.95333
0.38781 1.95488
0.38254 1.95699
0.37764 1.95875
0.37477 1.96003
0.37088 1.96108
0.36739 1.96218
0.36475 1.96405
0.36095 1.96534
0.35797 1.96703
0.35399 1.96819
0.35037 1.96940
0.34657 1.97071
0.34436 1.97308
0.34147 1.97576
0.33821 1.97743
0.33288 1.97991
0.32815 1.97924
0.32353 1.98114
0.31990 1.98279
0.31623 1.98611
0.31306 1.98734
0.30943 1.98951
0.30424 1.99097
0.29898 1.99289
0.29675 1.99467
0.29505 1.99441
0.29237 1.99318
0.28952 1.99464
0.28852 1.99304
0.28393 1.99497
0.27855 1.99762
0.27388 2.00046
0.26760 2.00476
0.26395 2.00677
0.26128 2.00870
0.25882 2.01199
0.25530 2.01139
0.25157 2.00831
0.24768 2.00544
0.24430 2.00617
0.23825 2.00696
0.23355 2.00827
0.23154 2.01266
0.22934 2.01367
0.22697 2.01599
0.22289 2.01964
0.22020 2.02066
0.21801 2.02008
0.21373 2.01863
0.21058 2.01756
0.20759 2.01672
0.20163 2.01785
0.19547 2.02108
0.19039 2.02474
0.18562 2.02713
0.18353 2.02918
0.17968 2.02720
0.17528 2.02313
0.17123 2.02219
0.16721 2.02409
0.16529 2.02820
0.16169 2.03274
0.15858 2.03533
0.15294 2.03362
0.14948 2.03250
0.14268 2.02950
0.14251 2.02945
0.13843 2.03051
0.13433 2.03381
0.12679 2.03446
0.12659 2.03447
0.12279 2.03450
0.11861 2.03492
0.11425 2.03591
0.11059 2.03794
0.10779 2.03863
0.10492 2.03912
0.09565 2.03948
0.09540 2.03948
0.09086 2.04008
0.08630 2.04062
0.08314 2.03949
0.07932 2.03913
0.07555 2.03951
0.07170 2.04219
0.06865 2.04420
0.06667 2.04691
0.05914 2.04335
0.05896 2.04330
0.05491 2.04319
0.05043 2.04381
0.04166 2.04470
0.04141 2.04471
0.03571 2.04467
0.03251 2.04782
0.02881 2.04962
0.02458 2.04990
0.02246 2.04935
0.01358 2.04788
0.01337 2.04785
0.00870 2.04588
-0.00017 2.04972
-0.00038 2.04980
-0.00264 2.05157
-0.00647 2.05133
-0.00658 2.05132
-0.00839 2.05071
-0.01358 2.04963
-0.01842 2.04686
-0.02542 2.04722
-0.03033 2.04916
-0.03496 2.05070
-0.04412 2.05167
-0.04810 2.04979
-0.05375 2.05054
-0.05680 2.05180
-0.06092 2.05019
-0.06438 2.05162
-0.06848 2.04912
-0.07336 2.04590
-0.07755 2.04392
-0.08204 2.04534
-0.08516 2.04851
-0.08787 2.04987
-0.09185 2.05014
-0.09632 2.04991
-0.09832 2.04904
-0.10158 2.04654
-0.10566 2.04488
-0.10976 2.04543
-0.11441 2.04583
-0.12060 2.04511
-0.12429 2.04579
-0.12784 2.04592
-0.13004 2.04652
-0.13080 2.04694
-0.13406 2.04589
-0.13909 2.04346
-0.14321 2.04238
-0.15044 2.04143
-0.15515 2.03902
-0.15877 2.03911
-0.16172 2.03949
-0.16275 2.04076
-0.16573 2.04032
-0.17074 2.03912
-0.17547 2.03837
-0.17866 2.03771
-0.18375 2.03736
-0.18917 2.03557
-0.19436 2.03625
-0.19605 2.03843
-0.19963 2.03863
-0.20270 2.03769
-0.20645 2.03748
-0.21305 2.03711
-0.21620 2.03774
-0.22002 2.03533
-0.22448 2.03326
-0.22807 2.03042
-0.23081 2.02882
-0.23455 2.02933
-0.23820 2.02988
-0.24297 2.02991
-0.24700 2.02972
-0.24961 2.02677
-0.25372 2.02647
-0.25930 2.02625
-0.26306 2.02632
-0.26894 2.02413
-0.27378 2.02423
-0.27871 2.02516
-0.28124 2.02785
-0.28218 2.02522
-0.28407 2.02219
-0.28782 2.01961
-0.29339 2.01689
-0.29817 2.01557
-0.30127 2.01366
-0.30580 2.01480
-0.30753 2.01624
-0.31086 2.01544
-0.31613 2.01517
-0.32078 2.01415
-0.32488 2.01146
-0.32913 2.01030
-0.33408 2.01111
-0.33862 2.01070
-0.34180 2.00885
-0.34463 2.00610
-0.34467 2.00351
-0.34565 2.00052
-0.34798 1.99809
-0.35148 1.99753
-0.35513 1.99632
-0.36000 1.99526
-0.36424 1.99505
-0.36892 1.99231
-0.37356 1.99068
-0.37889 1.99230
-0.38381 1.99308
-0.38772 1.99429
-0.39136 1.99333
-0.39393 1.99071
-0.39671 1.98728
-0.39893 1.98343
-0.40087 1.98082
-0.40365 1.97835
-0.40751 1.97687
-0.41158 1.97597
-0.41793 1.97559
-0.42292 1.97605
-0.42763 1.97635
-0.43126 1.97587
-0.43277 1.97528
-0.43689 1.97219
-0.44185 1.96961
-0.44650 1.96769
-0.44950 1.96649
-0.45180 1.96324
-0.45518 1.96029
-0.45777 1.95965
-0.46385 1.95784
-0.46400 1.95777
-0.46854 1.95522
-0.47484 1.95176
-0.47501 1.95168
-0.47701 1.95159
-0.48107 1.95002
-0.48693 1.94515
-0.49305 1.94455
-0.49834 1.94609
-0.50148 1.94581
-0.50397 1.94551
-0.50918 1.94034
-0.50932 1.94024
-0.50829 1.93604
-0.50980 1.93170
-0.51317 1.92660
-0.51786 1.92278
-0.52450 1.92305
-0.52661 1.92597
-0.53026 1.92931
-0.54368 1.92237
-0.54609 1.91717
-0.54832 1.91121
-0.55350 1.90762
-0.55899 1.90922
-0.55914 1.90922
-0.56083 1.90849
-0.56276 1.90926
-0.57289 1.89679
-0.57598 1.89431
-0.58028 1.89049
-0.58315 1.89002
-0.58811 1.89200
-0.59216 1.89195
-0.60141 1.88240
-0.60342 1.87927
-0.60609 1.87717
-0.61029 1.87279
-0.61035 1.87272
-0.61090 1.87170
-0.61672 1.86859
-0.62428 1.86559
-0.63339 1.86643
-0.63412 1.86643
-0.63573 1.86720
-0.63959 1.86319
-0.63971 1.86311
-0.64222 1.86017
-0.64448 1.85291
-0.64598 1.84934
-0.64981 1.84335
-0.64981 1.84335
-0.65501 1.84579
-0.65817 1.84370
-0.66214 1.84204
-0.66605 1.83868
-0.66952 1.83647
-0.67305 1.83241
-0.68298 1.82391
-0.68881 1.81719
-0.68895 1.81700
-0.69025 1.81493
-0.69276 1.81319
-0.69612 1.81373
-0.69997 1.81159
-0.70282 1.80979
-0.70467 1.80683
-0.70523 1.80156
-0.70784 1.79698
-0.71148 1.79469
-0.71460 1.79256
-0.71745 1.79126
-0.72159 1.78949
-0.72389 1.78631
-0.72548 1.78130
-0.72663 1.77822
-0.73056 1.77696
-0.73694 1.77560
-0.74256 1.77032
-0.74783 1.76793
-0.74978 1.76542
-0.75247 1.76302
-0.75169 1.76232
-0.75312 1.75960
-0.75663 1.75690
-0.75939 1.75416
-0.76126 1.75128
-0.76275 1.74771
-0.76736 1.74310
-0.77262 1.73932
-0.77676 1.73463
-0.77821 1.73375
-0.77825 1.73432
-0.77931 1.73358
-0.78164 1.73337
-0.78571 1.72914
-0.78790 1.72511
-0.79256 1.71996
-0.79633 1.71405
-0.79817 1.71061
-0.79960 1.70885
-0.80185 1.70658
-0.80520 1.70584
-0.80658 1.70325
-0.81145 1.70015
-0.81476 1.69649
-0.81808 1.69369
-0.82068 1.69207
-0.82404 1.68961
-0.82682 1.68761
-0.82764 1.68609
-0.82856 1.68211
-0.83080 1.67462
-0.83223 1.67016
-0.83288 1.66601
-0.83364 1.66268
-0.83639 1.66018
-0.83923 1.65642
-0.84287 1.65428
-0.84742 1.65310
-0.85085 1.65031
-0.85470 1.64863
-0.85627 1.64516
-0.85770 1.64380
-0.85851 1.64218
-0.86055 1.63965
-0.86397 1.63414
-0.86758 1.62932
-0.87185 1.62581
-0.87419 1.62434
-0.87406 1.62291
-0.87406 1.61921
-0.87358 1.61480
-0.87545 1.60854
-0.87747 1.60333
-0.88042 1.59837
-0.88464 1.59632
-0.88962 1.59538
-0.89493 1.59494
-0.89987 1.59532
-0.90185 1.59522
-0.90300 1.59241
-0.90281 1.58760
-0.90233 1.58158
-0.90086 1.57666
-0.90508 1.56233
-0.91314 1.56130
-0.91333 1.56123
-0.91640 1.55867
-0.91998 1.55530
-0.92363 1.55151
-0.92385 1.55130
-0.92787 1.54624
-0.92797 1.54610
-0.93009 1.53979
-0.93257 1.53721
-0.93555 1.52487
-0.93570 1.52101
-0.93731 1.51605
-0.93844 1.51160
-0.94080 1.50910
-0.94220 1.50569
-0.94392 1.50108
-0.94657 1.49718
-0.95070 1.49518
-0.95966 1.49000
-0.95988 1.48986
-0.96054 1.48718
-0.96022 1.48370
-0.96048 1.47005
-0.96120 1.46600
-0.96344 1.46181
-0.96462 1.45751
-0.96651 1.45384
-0.96809 1.45203
-0.96794 1.44908
-0.97052 1.44381
-0.97057 1.44370
-0.97387 1.44177
-0.97786 1.43789
-0.97986 1.43205
-0.97962 1.42660
-0.98237 1.42146
-0.98433 1.41952
-0.98477 1.41971
-0.99087 1.41302
-0.99144 1.40560
-0.99187 1.39762
-0.99142 1.39134
-0.99328 1.38481
-0.99554 1.38194
-0.99815 1.38394
-1.00079 1.38576
-1.00177 1.38650
-1.00214 1.38318
-1.00356 1.37651
-1.00349 1.36886
-1.00470 1.35956
-1.00529 1.35138
-1.00946 1.34588
-1.01224 1.34985
-1.01283 1.34933
-1.01386 1.34904
-1.01341 1.34753
-1.01239 1.34360
-1.01311 1.33737
-1.01585 1.33076
-1.01661 1.32549
-1.01621 1.32006
-1.01989 1.31534
-1.02455 1.31034
-1.02760 1.30869
-1.02928 1.30712
-1.02933 1.30511
-1.02943 1.30239
-1.02855 1.29942
-1.03000 1.29423
-1.03044 1.29034
-1.03243 1.28488
-1.03379 1.27977
-1.03432 1.27693
-1.03435 1.27209
-1.03407 1.26708
-1.03580 1.26346
-1.03881 1.26145
-1.03958 1.25898
-1.04117 1.25742
-1.04241 1.25316
-1.04213 1.24573
-1.04092 1.23970
-1.04263 1.23430
-1.04405 1.23093
-1.04396 1.22947
-1.04517 1.22845
-1.04631 1.22781
-1.04564 1.22474
-1.04385 1.21850
-1.04393 1.21307
-1.04470 1.20778
-1.04611 1.20331
-1.04978 1.19971
-1.05354 1.19469
-1.05524 1.19248
-1.05516 1.19155
-1.05468 1.18943
-1.05391 1.18704
-1.05408 1.18460
-1.05541 1.18095
-1.05557 1.17713
-1.05635 1.17028
-1.06133 1.16272
-1.06331 1.15559
-1.06350 1.15209
-1.06058 1.15291
-1.05893 1.15109
-1.05838 1.14796
-1.05720 1.14202
-1.05885 1.13620
-1.06220 1.13152
-1.06287 1.12954
-1.06387 1.12520
-1.06448 1.12158
-1.06262 1.11540
-1.06159 1.11152
-1.06276 1.10910
-1.06388 1.10582
-1.06352 1.10388
-1.06384 1.10127
-1.06459 1.09582
-1.06474 1.09070
-1.06532 1.08649
-1.06640 1.08247
-1.06574 1.07814
-1.06475 1.07527
-1.06536 1.07143
-1.06386 1.06916
-1.06248 1.06644
-1.06350 1.06352
-1.06366 1.05715
-1.06461 1.04933
-1.06480 1.04402
-1.06499 1.03857
-1.06467 1.03691
-1.06511 1.03615
-1.06650 1.03523
-1.06547 1.03260
-1.06319 1.02812
-1.06285 1.02323
-1.06162 1.01816
-1.06234 1.01269
-1.06166 1.00733
-1.06256 1.00278
-1.06368 0.99927
-1.06575 0.99752
-1.06652 0.99471
-1.06419 0.99117
-1.06191 0.98664
-1.06169 0.98337
-1.06102 0.97605
-1.06000 0.96904
-1.05892 0.96339
-1.05971 0.96119
-1.06196 0.96162
-1.06236 0.96164
-1.06385 0.96181
-1.06271 0.95671
-1.06016 0.95176
-1.05982 0.94642
-1.06091 0.93815
-1.06041 0.93169
-1.05935 0.92655
-1.06148 0.92033
-1.06334 0.91613
-1.05968 0.91398
-1.05582 0.91050
-1.05508 0.90829
-1.05431 0.89864
-1.05432 0.89841
-1.05547 0.89430
-1.05481 0.87791
-1.05401 0.87226
-1.05263 0.86751
-1.05124 0.86282
-1.04882 0.86001
-1.04601 0.85694
-1.04475 0.85408
-1.04574 0.85059
-1.04888 0.84040
-1.04701 0.83701
-1.04327 0.83497
-1.04112 0.82994
-1.04122 0.82528
-1.04214 0.82295
-1.04364 0.81787
-1.04419 0.81487
-1.04174 0.81281
-1.03922 0.80854
-1.03777 0.80184
-1.03363 0.78512
-1.03325 0.78289
-1.03156 0.77554
-1.03545 0.77302
-1.03545 0.77302
-1.03227 0.76961
-1.02897 0.76466
-1.02388 0.75854
-1.02219 0.75354
-1.02021 0.74620
-1.01780 0.74004
-1.01821 0.73746
-1.01906 0.73713
-1.01888 0.73569
-1.01951 0.73317
-1.01796 0.72959
-1.01630 0.72618
-1.01451 0.72120
-1.01273 0.71534
-1.01189 0.70992
-1.01143 0.70722
-1.01037 0.70375
-1.01175 0.70162
-1.01131 0.69975
-1.00793 0.69634
-1.00377 0.69215
-1.00144 0.68355
-0.99866 0.67669
-0.99838 0.67228
-0.99637 0.66816
-0.99600 0.66471
-0.99542 0.66169
-0.99637 0.66041
-0.99518 0.65924
-0.99278 0.65729
-0.99121 0.65339
-0.98971 0.64802
-0.98809 0.64043
-0.98673 0.63285
-0.98394 0.62859
-0.98142 0.62611
-0.97821 0.62475
-0.97729 0.62338
-0.97667 0.62037
-0.97647 0.61499
-0.97622 0.60869
-0.97415 0.60332
-0.97355 0.59952
-0.97476 0.59864
-0.97254 0.59903
-0.97039 0.59688
-0.96614 0.59326
-0.96361 0.58518
-0.96215 0.57785
-0.96308 0.57653
-0.96144 0.57287
-0.96140 0.57294
-0.95921 0.57458
-0.95569 0.57563
-0.95179 0.57284
-0.95074 0.56648
-0.94855 0.55899
-0.94684 0.55015
-0.94577 0.54078
-0.94640 0.53589
-0.94226 0.53233
-0.93867 0.53145
-0.93618 0.53038
-0.93322 0.53046
-0.93180 0.52811
-0.93200 0.52671
-0.93409 0.52311
-0.93106 0.51694
-0.92565 0.51112
-0.92248 0.50624
-0.92193 0.49874
-0.91999 0.49611
-0.91779 0.49574
-0.91722 0.49590
-0.91640 0.49500
-0.91408 0.49467
-0.91071 0.49188
-0.90829 0.48508
-0.90632 0.47935
-0.90298 0.47182
-0.90081 0.46904
-0.89779 0.46683
-0.89493 0.46341
-0.89239 0.46154
-0.89192 0.45925
-0.89039 0.45737
-0.88927 0.45607
-0.88659 0.45378
-0.88381 0.44756
-0.88045 0.44205
-0.87828 0.43966
-0.87860 0.43691
-0.87570 0.43238
-0.87255 0.42831
-0.86865 0.42485
-0.86534 0.42290
-0.86179 0.42006
-0.86116 0.41547
-0.85980 0.41046
-0.85747 0.40762
-0.85511 0.40333
-0.85172 0.40046
-0.84916 0.39978
-0.84921 0.39986
-0.84736 0.39835
-0.84536 0.39582
-0.84350 0.39174
-0.84156 0.38766
-0.84147 0.38264
-0.83775 0.37931
-0.83351 0.37384
-0.82952 0.37068
-0.82792 0.36665
-0.82683 0.36331
-0.82433 0.35787
-0.82072 0.35622
-0.82029 0.35521
-0.81956 0.35145
-0.81785 0.34790
-0.81377 0.34475
-0.80744 0.34346
-0.80730 0.34339
-0.80360 0.34256
-0.79930 0.34054
-0.79640 0.33680
-0.79556 0.33120
-0.79374 0.32630
-0.79244 0.32253
-0.79255 0.32064
-0.79212 0.31847
-0.78694 0.31751
-0.78259 0.31421
-0.77957 0.31182
-0.77522 0.31131
-0.77179 0.31049
-0.77072 0.30515
-0.76833 0.30106
-0.76654 0.29733
-0.76466 0.29288
-0.75427 0.28256
-0.74478 0.27755
-0.74120 0.27621
-0.73649 0.26969
-0.73638 0.26954
-0.73422 0.26744
-0.73085 0.26542
-0.72835 0.26338
-0.72552 0.26083
-0.72340 0.25904
-0.71891 0.25792
-0.71560 0.25400
-0.71380 0.24855
-0.71209 0.24012
-0.71201 0.23992
-0.70855 0.23748
-0.70405 0.23620
-0.69934 0.23511
-0.69557 0.23414
-0.69252 0.23064
-0.69242 0.23055
-0.69043 0.22798
-0.68884 0.22587
-0.68493 0.22476
-0.67920 0.22509
-0.67471 0.22360
-0.67344 0.22313
-0.67193 0.21326
-0.67193 0.21326
-0.66913 0.20773
-0.66670 0.20337
-0.65330 0.20108
-0.64988 0.19931
-0.64782 0.19759
-0.64561 0.19606
-0.64304 0.19588
-0.64015 0.19365
-0.63548 0.19125
-0.62907 0.18914
-0.62456 0.18545
-0.62312 0.18136
-0.62276 0.17661
-0.62208 0.17179
-0.61885 0.16974
-0.61462 0.16836
-0.60917 0.16879
-0.60505 0.16870
-0.60238 0.16899
-0.59782 0.16611
-0.59449 0.16329
-0.59293 0.16093
-0.58852 0.15867
-0.58353 0.15549
-0.58009 0.15234
-0.57557 0.14924
-0.57501 0.14795
-0.57257 0.14651
-0.57040 0.14210
-0.56557 0.13953
-0.56056 0.13843
-0.55632 0.13738
-0.55265 0.13931
-0.55075 0.13932
-0.54978 0.13774
-0.54811 0.13643
-0.54485 0.13188
-0.54012 0.12649
-0.53712 0.12388
-0.53502 0.12483
-0.53043 0.12478
-0.52876 0.12338
-0.52288 0.12124
-0.51771 0.12081
-0.51407 0.11863
-0.51186 0.11842
-0.50914 0.11413
-0.50902 0.11063
-0.50580 0.10891
-0.50094 0.10864
-0.49616 0.11113
-0.49043 0.10912
-0.48580 0.10734
-0.48359 0.10372
-0.48001 0.09807
-0.47844 0.09648
-0.47688 0.09439
-0.47574 0.09442
-0.47185 0.09370
-0.46627 0.09487
-0.45918 0.09479
-0.45292 0.09510
-0.44962 0.09448
-0.44695 0.09013
-0.44658 0.08730
-0.44471 0.08539
-0.44001 0.08204
-0.43632 0.07748
-0.43238 0.07289
-0.42778 0.07023
-0.42356 0.06995
-0.41715 0.07095
-0.41258 0.07255
-0.41007 0.07159
-0.40881 0.06853
-0.40608 0.06701
-0.40283 0.06532
-0.39959 0.06478
-0.39464 0.06224
-0.38995 0.06247
-0.38604 0.06195
-0.38343 0.06071
-0.38167 0.06047
-0.37975 0.06127
-0.37644 0.06114
-0.37167 0.05774
-0.36914 0.05470
-0.36374 0.04851
-0.35881 0.04505
-0.34701 0.04879
-0.34414 0.04944
-0.34084 0.04880
-0.33773 0.04727
-0.33258 0.04572
-0.32917 0.04081
-0.32421 0.03817
-0.31702 0.03488
-0.31684 0.03480
-0.30627 0.03784
-0.30366 0.03736
-0.30027 0.03546
-0.29252 0.03001
-0.28820 0.02949
-0.28281 0.02828
-0.27670 0.02718
-0.27223 0.02598
-0.26782 0.02405
-0.26530 0.02203
-0.26370 0.02222
-0.25911 0.02255
-0.25897 0.02255
-0.24494 0.02306
-0.23892 0.02192
-0.23401 0.01945
-0.22600 0.01508
-0.22580 0.01500
-0.22306 0.01499
-0.22090 0.01646
-0.21848 0.01717
-0.21543 0.01610
-0.21144 0.01432
-0.20624 0.01367
-0.20030 0.01143
-0.19725 0.01060
-0.19435 0.01037
-0.19128 0.01029
-0.17935 0.01068
-0.17636 0.01186
-0.17270 0.01061
-0.16908 0.00904
-0.16314 0.00790
-0.15865 0.00699
-0.15318 0.00568
-0.14485 0.00886
-0.13891 0.00745
-0.13493 0.00675
-0.13007 0.00464
-0.12638 0.00215
-0.12388 0.00138
-0.11974 0.00155
-0.11545 0.00188
-0.11177 0.00363
-0.10800 0.00330
-0.10543 0.00350
-0.10082 0.00282
-0.09733 0.00322
-0.09281 0.00322
-0.08724 0.00269
-0.08160 0.00214
-0.07673 -0.00026
-0.07229 -0.00044
-0.07007 0.00060
-0.06867 0.00256
-0.06713 0.00158
-0.06498 0.00042
-0.06148 -0.00021
-0.05641 0.00109
-0.05007 0.00158
-0.04451 0.00091
-0.03823 0.00079
-0.03168 0.00072
-0.02923 -0.00095
-0.03008 -0.00018
-0.03067 0.00160
-0.02918 0.00168
-0.02544 0.00192
-0.01995 0.00084
-0.01187 -0.00220
-0.00299 -0.00309
0.00345 -0.00232
0.00650 -0.00140
0.00790 0.00176
0.00754 0.00268
0.00812 0.00297
0.01015 0.00071
0.01388 -0.00053
0.02075 0.00030
0.02713 0.00223
0.03242 0.00257
0.03642 0.00398
0.03963 0.00570
0.03537 0.00447
0.03248 0.00315
0.03274 0.00253
0.02789 -0.00018
0.02579 -0.00176
0.02844 0.00078
0.03123 0.00098
0.03350 0.00304
0.03365 0.00550
0.03084 0.00517
0.03078 0.00486
0.02904 0.00197
0.02744 0.00268
0.02871 0.00396
0.02927 0.00566
0.03156 0.00293
0.03131 0.00241
0.03069 0.00206
0.02993 0.00159
0.02978 0.00027
0.02964 0.00051
0.02983 0.00233
0.02986 0.00254
0.03071 0.00188
0.03105 0.00319
0.03032 0.00203
0.02912 0.00244
0.02975 0.00144
0.03031 0.00247
0.03123 0.00470
0.03109 0.00538
0.03093 0.00234
0.02977 0.00203
0.02938 0.00111
