-0.01335 -0.00172
-0.01383 -0.00091
-0.01276 0.00000
-0.01274 -0.00000
-0.01251 -0.00049
-0.01082 0.00078
-0.00884 -0.00188
-0.00882 -0.00194
-0.01021 -0.00155
-0.01153 -0.00106
-0.01435 -0.00022
-0.01441 -0.00020
-0.01411 -0.00124
-0.01266 -0.00178
-0.00936 -0.00041
-0.00929 -0.00039
-0.00838 0.00035
-0.00964 -0.00068
-0.01207 -0.00242
-0.01254 -0.00147
-0.01294 0.00108
-0.01257 -0.00006
-0.01306 -0.00181
-0.01256 -0.00132
-0.01139 -0.00047
-0.01077 0.00077
-0.01060 0.00177
-0.01039 0.00047
-0.01105 -0.00155
-0.01190 -0.00442
-0.01193 -0.00449
-0.01186 -0.00308
-0.01308 0.00090
-0.01308 0.00090
-0.01274 0.00186
-0.01278 0.00043
-0.01310 -0.00275
-0.01252 -0.00133
-0.01009 -0.00027
-0.00925 -0.00045
-0.00937 -0.00057
-0.01151 -0.00057
-0.01314 -0.00173
-0.01165 -0.00255
-0.00696 -0.00338
-0.00015 -0.00231
0.00813 -0.00007
0.01573 0.00198
0.02582 0.00305
0.02607 0.00307
0.02785 0.00276
0.02926 0.00134
0.02965 0.00130
0.03247 0.00130
0.03579 0.00193
0.04047 0.00379
0.04542 0.00423
0.05082 0.00322
0.05513 0.00159
0.05963 0.00133
0.06454 0.00172
0.06810 0.00454
0.07078 0.00696
0.07356 0.00774
0.07677 0.00809
0.08131 0.00698
0.08333 0.00659
0.08803 0.00564
0.09234 0.00446
0.09523 0.00720
0.10033 0.00829
0.10393 0.00892
0.10852 0.00905
0.11327 0.00902
0.11841 0.00996
0.12303 0.01171
0.12563 0.01237
0.12815 0.01297
0.13120 0.01480
0.13455 0.01604
0.13844 0.01350
0.14400 0.01386
0.15020 0.01619
0.15549 0.01808
0.15838 0.01820
0.16063 0.01916
0.16259 0.02027
0.16273 0.01885
0.16526 0.01900
0.17036 0.01996
0.17485 0.02114
0.18147 0.02305
0.18643 0.02387
0.19314 0.02511
0.19710 0.02679
0.20079 0.02791
0.20230 0.03068
0.20387 0.03103
0.20482 0.03073
0.20781 0.03005
0.21145 0.03170
0.21611 0.03379
0.22153 0.03725
0.22725 0.04041
0.23206 0.04076
0.23662 0.03974
0.23820 0.03954
0.24043 0.03944
0.24251 0.03909
0.24535 0.03838
0.24957 0.03855
0.25399 0.04046
0.25976 0.04173
0.26496 0.04631
0.26846 0.04809
0.27177 0.05084
0.27451 0.05292
0.27858 0.05441
0.28343 0.05441
0.28626 0.05453
0.28982 0.05445
0.29186 0.05654
0.29482 0.05807
0.29935 0.05728
0.30347 0.05812
0.30847 0.05946
0.31009 0.06089
0.31374 0.06232
0.31579 0.06525
0.31680 0.06694
0.32141 0.06942
0.32702 0.07008
0.33270 0.07049
0.33662 0.07200
0.33995 0.07396
0.34235 0.07544
0.34393 0.07817
0.34606 0.07911
0.34955 0.07790
0.35446 0.07876
0.35951 0.08183
0.36503 0.08498
0.37037 0.08656
0.37541 0.08891
0.37962 0.09028
0.38410 0.09132
0.38712 0.09141
0.38670 0.09584
0.38704 0.09826
0.38964 0.09878
0.40448 0.10365
0.40829 0.10666
0.41675 0.11014
0.41697 0.11021
0.41925 0.11009
0.42081 0.11265
0.42404 0.11595
0.42845 0.11691
0.43996 0.11999
0.44234 0.11864
0.44531 0.12064
0.44770 0.12463
0.45165 0.12808
0.45605 0.13192
0.45992 0.13303
0.46270 0.13301
0.46522 0.13462
0.47052 0.13635
0.47675 0.13898
0.48028 0.14133
0.48369 0.14311
0.48657 0.14695
0.48740 0.14928
0.48862 0.14882
0.48990 0.14785
0.49103 0.14896
0.49606 0.15303
0.50016 0.15742
0.50515 0.16192
0.50948 0.16639
0.51634 0.16649
0.52221 0.16922
0.52506 0.17247
0.52742 0.17305
0.52762 0.17157
0.52712 0.17210
0.52879 0.17534
0.53161 0.17771
0.53603 0.17926
0.54308 0.18163
0.54662 0.18392
0.55054 0.18605
0.55179 0.19085
0.55628 0.19513
0.55694 0.19691
0.56205 0.20083
0.56677 0.20117
0.56975 0.20363
0.57254 0.20582
0.57534 0.20580
0.57606 0.20682
0.57790 0.20815
0.58083 0.20852
0.58359 0.20889
0.58613 0.21006
0.58892 0.21462
0.59173 0.21978
0.59579 0.22322
0.60169 0.22851
0.60619 0.23062
0.60948 0.23208
0.61422 0.23260
0.61618 0.23483
0.61711 0.23887
0.61750 0.23911
0.62095 0.24260
0.62482 0.24372
0.62833 0.24601
0.63131 0.25072
0.63345 0.25307
0.63783 0.25346
0.63946 0.25612
0.64278 0.25990
0.64617 0.26476
0.65026 0.26785
0.65301 0.27091
0.65555 0.27506
0.65733 0.27886
0.66001 0.27899
0.66396 0.27965
0.66596 0.28315
0.66721 0.28420
0.66977 0.28683
0.67060 0.28810
0.67248 0.29273
0.67522 0.29461
0.67994 0.29776
0.68569 0.30188
0.69034 0.30792
0.69457 0.31452
0.69774 0.31707
0.69820 0.31933
0.69981 0.31983
0.70115 0.32075
0.70110 0.32205
0.70209 0.32366
0.70655 0.32652
0.70715 0.33107
0.71026 0.33749
0.71484 0.34025
0.71925 0.34356
0.72316 0.34519
0.72525 0.34809
0.72629 0.35178
0.72827 0.35256
0.73133 0.35322
0.73416 0.35634
0.73696 0.36006
0.73908 0.36284
0.74154 0.36634
0.74489 0.37052
0.74789 0.37344
0.75073 0.37653
0.75330 0.38058
0.75462 0.38503
0.75664 0.38810
0.75956 0.39090
0.76288 0.39361
0.76708 0.39689
0.76946 0.40030
0.77369 0.40387
0.77521 0.40738
0.77607 0.40915
0.77581 0.41035
0.77592 0.41337
0.77711 0.41538
0.78164 0.41961
0.78692 0.41997
0.79008 0.42220
0.79215 0.42548
0.79323 0.43137
0.79346 0.43655
0.79701 0.43900
0.80017 0.44282
0.80214 0.44528
0.80392 0.44672
0.80599 0.44885
0.80787 0.45241
0.80909 0.45459
0.81185 0.45690
0.81588 0.46213
0.81718 0.46666
0.81793 0.47171
0.81936 0.47420
0.82217 0.47689
0.82505 0.47773
0.82855 0.48014
0.83214 0.48458
0.83397 0.48540
0.83445 0.49294
0.83570 0.49600
0.83671 0.50151
0.83772 0.50518
0.83828 0.50681
0.83956 0.50816
0.84187 0.50839
0.84586 0.51166
0.85006 0.51636
0.85212 0.52485
0.85366 0.53266
0.85368 0.53284
0.85458 0.53507
0.85700 0.53836
0.86035 0.54322
0.86326 0.54558
0.86523 0.54935
0.86767 0.55198
0.86821 0.55539
0.86887 0.55924
0.86933 0.56190
0.87012 0.56440
0.87258 0.56982
0.87639 0.57427
0.88018 0.57793
0.88212 0.58160
0.88288 0.58561
0.88310 0.58884
0.88372 0.59402
0.88573 0.59842
0.88787 0.60016
0.88962 0.60293
0.89015 0.60553
0.89011 0.60928
0.89036 0.61202
0.89378 0.61534
0.89770 0.61741
0.90062 0.62192
0.90208 0.62860
0.90252 0.63428
0.90282 0.64010
0.90305 0.64527
0.90456 0.64818
0.90783 0.65019
0.91173 0.65116
0.91222 0.65416
0.91127 0.65711
0.90937 0.66068
0.90978 0.66429
0.91116 0.66843
0.91501 0.67264
0.91948 0.67760
0.92243 0.68200
0.92254 0.68574
0.92041 0.68818
0.91977 0.68882
0.92083 0.69008
0.92665 0.70024
0.92665 0.70024
0.92930 0.70561
0.93240 0.71226
0.93156 0.71653
0.92940 0.72044
0.93496 0.72923
0.93721 0.73191
0.93781 0.73592
0.93817 0.73999
0.93966 0.74374
0.94135 0.74665
0.94252 0.74983
0.94309 0.75397
0.94341 0.75839
0.94474 0.76258
0.94591 0.76741
0.94658 0.77134
0.94794 0.77491
0.95063 0.78010
0.95136 0.78278
0.95225 0.78731
0.95286 0.78910
0.95234 0.79056
0.95198 0.79272
0.95398 0.79734
0.95654 0.80288
0.95724 0.80482
0.95793 0.80864
0.95781 0.81474
0.95898 0.81937
0.95953 0.82345
0.96130 0.82692
0.96382 0.83025
0.96404 0.83566
0.96297 0.83850
0.96163 0.83928
0.96087 0.84138
0.96351 0.84448
0.96609 0.84938
0.96850 0.85524
0.97091 0.86197
0.97041 0.86595
0.97007 0.86965
0.96932 0.87400
0.97147 0.87706
0.97204 0.87873
0.97076 0.87882
0.97208 0.87931
0.97160 0.88365
0.97284 0.89049
0.97218 0.89623
0.97301 0.90213
0.97321 0.90760
0.97299 0.91245
0.97406 0.91499
0.97704 0.91642
0.97798 0.92121
0.97966 0.92508
0.97795 0.92706
0.97638 0.93288
0.97661 0.93814
0.97643 0.94244
0.97612 0.94589
0.97696 0.94900
0.97831 0.95229
0.97954 0.95406
0.98031 0.95850
0.97996 0.96278
0.98153 0.96632
0.98185 0.97200
0.98205 0.97701
0.98083 0.98145
0.97898 0.98602
0.97965 0.99105
0.98103 0.99582
0.98024 0.99753
0.97975 0.99726
0.97958 1.00135
0.97954 1.00650
0.97920 1.01091
0.97912 1.01566
0.98023 1.02181
0.98046 1.02792
0.98218 1.03171
0.98259 1.03407
0.98231 1.03727
0.98246 1.04092
0.98227 1.04511
0.98183 1.04917
0.98262 1.05374
0.98290 1.05794
0.98293 1.05806
0.98284 1.06110
0.98297 1.06556
0.98214 1.06983
0.98155 1.07530
0.98054 1.07954
0.97922 1.08373
0.97907 1.08865
0.98068 1.09282
0.98319 1.09899
0.98155 1.10205
0.98005 1.10767
0.97980 1.10906
0.97996 1.11409
0.98255 1.11663
0.97980 1.11896
0.97928 1.12217
0.97879 1.12450
0.97766 1.13185
0.97766 1.13185
0.97614 1.13875
0.97635 1.14521
0.97885 1.14916
0.97683 1.15169
0.97577 1.15307
0.97507 1.15575
0.97420 1.16098
0.97524 1.16490
0.97080 1.17255
0.96743 1.17386
0.96629 1.17665
0.96648 1.18043
0.96716 1.18510
0.96706 1.18932
0.96639 1.20190
0.96639 1.20221
0.96590 1.20736
0.96339 1.22296
0.96460 1.22783
0.96384 1.22847
0.96078 1.22965
0.95819 1.23006
0.95706 1.23431
0.95781 1.24296
0.95780 1.24314
0.95822 1.24392
0.95332 1.24800
0.95323 1.24812
0.95077 1.25508
0.95062 1.26200
0.95218 1.26526
0.95233 1.26855
0.95233 1.27235
0.95197 1.27627
0.94953 1.28149
0.94988 1.28252
0.94669 1.28993
0.94669 1.28993
0.94387 1.29349
0.94223 1.29685
0.94187 1.30077
0.94118 1.30776
0.94049 1.31286
0.93935 1.31676
0.93700 1.32001
0.93695 1.32013
0.93575 1.32421
0.93298 1.32861
0.93297 1.33065
0.93208 1.33467
0.93011 1.33805
0.92748 1.34128
0.92472 1.34553
0.92385 1.35098
0.92336 1.35715
0.92406 1.36256
0.92557 1.36721
0.92571 1.36828
0.92433 1.37079
0.91988 1.37284
0.91779 1.37578
0.91751 1.37885
0.91554 1.38206
0.91351 1.38619
0.91198 1.38914
0.90975 1.39292
0.90679 1.39909
0.90721 1.40484
0.90787 1.41102
0.90854 1.41330
0.90739 1.41428
0.90561 1.41423
0.90424 1.41681
0.90150 1.42172
0.89769 1.42707
0.89541 1.43337
0.89448 1.43875
0.89350 1.44187
0.89353 1.44303
0.89266 1.44687
0.89165 1.45121
0.88945 1.45708
0.88723 1.46172
0.88346 1.46599
0.88214 1.47089
0.87994 1.47334
0.87949 1.47442
0.87825 1.47772
0.87699 1.47993
0.87553 1.48263
0.87535 1.48646
0.87096 1.48953
0.86942 1.49561
0.86968 1.49852
0.86894 1.50158
0.86899 1.50410
0.86213 1.50690
0.85589 1.51278
0.85733 1.51816
0.85801 1.52263
0.85677 1.52392
0.85471 1.52601
0.85155 1.52754
0.84911 1.52986
0.84794 1.53375
0.84606 1.53701
0.84590 1.54088
0.84474 1.54436
0.84245 1.54797
0.83991 1.55165
0.83620 1.55525
0.83288 1.56030
0.83030 1.56563
0.82818 1.57107
0.82688 1.57550
0.82581 1.58019
0.82456 1.58411
0.82337 1.58612
0.82062 1.58631
0.81798 1.58737
0.81615 1.58728
0.81440 1.58950
0.81132 1.59405
0.80740 1.59876
0.80538 1.60210
0.80556 1.60602
0.80441 1.61181
0.80322 1.61550
0.79978 1.61939
0.79780 1.62395
0.79346 1.62491
0.79000 1.62371
0.78908 1.62653
0.78771 1.62744
0.78624 1.63181
0.78612 1.63560
0.78046 1.64045
0.77555 1.64415
0.77206 1.64810
0.77156 1.65342
0.77193 1.65602
0.76896 1.65919
0.76384 1.66448
0.75676 1.67057
0.75660 1.67071
0.75427 1.67313
0.74865 1.67744
0.74918 1.68282
0.74470 1.68926
0.74518 1.68937
0.74386 1.69223
0.74089 1.69416
0.73435 1.69873
0.73234 1.70199
0.73047 1.70457
0.72495 1.70983
0.72113 1.71108
0.71859 1.71325
0.71624 1.71766
0.70752 1.73054
0.70476 1.73226
0.70162 1.73520
0.69820 1.73841
0.69492 1.74408
0.69482 1.74423
0.68994 1.74651
0.68463 1.75273
0.68450 1.75289
0.68153 1.75532
0.68058 1.76028
0.68054 1.76042
0.67778 1.76320
0.67493 1.76394
0.67194 1.76461
0.66898 1.76615
0.66166 1.77113
0.66132 1.77136
0.65666 1.77603
0.65625 1.78036
0.65436 1.78466
0.65328 1.78898
0.64868 1.79107
0.64392 1.79354
0.64002 1.79563
0.63780 1.79552
0.63482 1.79809
0.62785 1.80591
0.62362 1.80615
0.62339 1.80618
0.61962 1.80776
0.61589 1.81197
0.60673 1.82434
0.60651 1.82467
0.60404 1.82801
0.60177 1.83182
0.59863 1.83277
0.59594 1.83386
0.59315 1.83423
0.59082 1.83644
0.58961 1.83862
0.58384 1.84036
0.58370 1.84039
0.57972 1.84093
0.57640 1.84291
0.57334 1.84913
0.56942 1.85322
0.56655 1.85806
0.56048 1.86222
0.55785 1.86594
0.55506 1.86680
0.55157 1.86691
0.54822 1.86645
0.54591 1.86654
0.54341 1.86801
0.54068 1.86981
0.53645 1.87272
0.53455 1.87667
0.53194 1.87940
0.52858 1.88065
0.52279 1.88360
0.52030 1.88593
0.51687 1.88746
0.51532 1.88973
0.51280 1.89323
0.51069 1.89452
0.50486 1.89615
0.49996 1.89605
0.49643 1.89873
0.49347 1.90027
0.49186 1.90097
0.48797 1.90549
0.48594 1.91110
0.48324 1.91553
0.47697 1.91558
0.47437 1.91665
0.47006 1.91743
0.46521 1.91873
0.46422 1.91983
0.46298 1.92363
0.46008 1.92530
0.45557 1.92580
0.45177 1.92643
0.44827 1.92812
0.44414 1.93053
0.44047 1.93203
0.43737 1.93469
0.43384 1.93736
0.42989 1.93955
0.42845 1.94187
0.42536 1.94339
0.42078 1.94463
0.41622 1.94570
0.41083 1.94591
0.40573 1.94694
0.40063 1.94884
0.39850 1.95279
0.39870 1.95623
0.39697 1.95964
0.39534 1.96070
0.39211 1.96087
0.38596 1.95969
0.38049 1.96026
0.37616 1.96171
0.37318 1.96431
0.36992 1.96645
0.36740 1.96962
0.36554 1.97179
0.36218 1.97266
0.35765 1.97401
0.35194 1.97542
0.34863 1.97632
0.34539 1.97949
0.34309 1.98107
0.33892 1.98379
0.33642 1.98497
0.33308 1.98533
0.33076 1.98751
0.32656 1.99002
0.32016 1.99122
0.31512 1.99393
0.31183 1.99560
0.30890 1.99549
0.30595 1.99510
0.30258 1.99590
0.29964 1.99674
0.29559 1.99725
0.29184 1.99805
0.28721 1.99947
0.28249 2.00235
0.27658 2.00366
0.27189 2.00677
0.27189 2.00677
0.27038 2.00946
0.26604 2.00730
0.26559 2.00792
0.25945 2.00823
0.25602 2.01063
0.24666 2.01470
0.24303 2.01432
0.23960 2.01394
0.23058 2.01304
0.23035 2.01304
0.22501 2.01562
0.21975 2.01791
0.20623 2.02748
0.20327 2.02681
0.20010 2.02523
0.19537 2.02506
0.19524 2.02506
0.19069 2.02556
0.18652 2.02723
0.17890 2.02841
0.16881 2.02589
0.16857 2.02586
0.16513 2.02847
0.16075 2.03145
0.15606 2.03404
0.15312 2.03639
0.14725 2.03841
0.14226 2.03789
0.13873 2.03867
0.13504 2.03687
0.13412 2.03664
0.12144 2.03921
0.11621 2.04132
0.11210 2.04142
0.10676 2.04174
0.10426 2.04352
0.10198 2.04379
0.09869 2.04340
0.09418 2.04448
0.08887 2.04584
0.08632 2.04554
0.08333 2.04584
0.07992 2.04539
0.07529 2.04636
0.07143 2.04760
0.05807 2.05037
0.04699 2.04974
0.04279 2.04985
0.03270 2.05232
0.03245 2.05237
0.02797 2.05339
0.02438 2.05548
0.02002 2.05520
0.01967 2.05461
0.01577 2.05128
0.01566 2.05120
0.01265 2.05031
0.00934 2.05071
-0.00891 2.05255
-0.01498 2.05514
-0.01792 2.05773
-0.02176 2.05699
-0.02320 2.05596
-0.02698 2.05437
-0.03044 2.05238
-0.03436 2.05141
-0.03878 2.05176
-0.04246 2.05225
-0.04683 2.05322
-0.05238 2.05402
-0.05723 2.05489
-0.06379 2.05516
-0.06849 2.05476
-0.07312 2.05328
-0.07506 2.05379
-0.07666 2.05475
-0.07911 2.05403
-0.08161 2.05372
-0.08330 2.05282
-0.08742 2.05107
-0.09210 2.04965
-0.09661 2.04741
-0.10162 2.04652
-0.10537 2.04721
-0.10974 2.04980
-0.11418 2.05162
-0.11798 2.05131
-0.12408 2.05081
-0.12953 2.04949
-0.13213 2.04974
-0.13447 2.04914
-0.13701 2.04949
-0.13790 2.04920
-0.14385 2.04741
-0.14769 2.04647
-0.15056 2.04410
-0.15306 2.04222
-0.15645 2.04151
-0.16390 2.04257
-0.16930 2.04655
-0.17388 2.04703
-0.17928 2.04777
-0.18509 2.04872
-0.19003 2.04779
-0.19299 2.04682
-0.19303 2.04434
-0.19502 2.04101
-0.19903 2.03941
-0.20142 2.03928
-0.20754 2.03927
-0.21129 2.03722
-0.21305 2.03473
-0.21525 2.03273
-0.22080 2.03319
-0.22742 2.03598
-0.23470 2.03772
-0.24331 2.04072
-0.24650 2.03761
-0.25041 2.03573
-0.25146 2.03475
-0.25259 2.03317
-0.25339 2.03106
-0.25640 2.02974
-0.25983 2.02932
-0.26464 2.02873
-0.26779 2.02742
-0.27192 2.02589
-0.27656 2.02402
-0.28063 2.02439
-0.28424 2.02436
-0.28815 2.02473
-0.29307 2.02347
-0.29634 2.02255
-0.29833 2.02055
-0.30103 2.01918
-0.30221 2.01738
-0.30349 2.01481
-0.30683 2.01370
-0.31147 2.01289
-0.31725 2.01235
-0.32310 2.01279
-0.32851 2.01114
-0.33136 2.00887
-0.33439 2.00957
-0.34043 2.00717
-0.34568 2.00587
-0.35019 2.00650
-0.35474 2.00714
-0.35861 2.00747
-0.36559 2.00303
-0.36577 2.00293
-0.36912 2.00092
-0.37239 1.99827
-0.37317 1.99738
-0.37577 1.99767
-0.37883 1.99375
-0.38633 1.99157
-0.38650 1.99151
-0.39094 1.98982
-0.39375 1.98932
-0.39692 1.99035
-0.40064 1.99041
-0.40614 1.99088
-0.41307 1.98900
-0.41327 1.98895
-0.41696 1.98805
-0.42123 1.98760
-0.42394 1.98252
-0.42756 1.97780
-0.44007 1.96719
-0.44464 1.96844
-0.45010 1.97216
-0.45010 1.97216
-0.45163 1.97265
-0.46673 1.95556
-0.47078 1.95244
-0.47380 1.95129
-0.47584 1.95602
-0.47588 1.95613
-0.48495 1.94906
-0.48863 1.94629
-0.49297 1.94318
-0.49681 1.94160
-0.51450 1.94200
-0.51694 1.94057
-0.51956 1.93697
-0.52783 1.92523
-0.53230 1.92460
-0.53518 1.92732
-0.53765 1.92575
-0.54690 1.91516
-0.55103 1.91160
-0.55718 1.90491
-0.55693 1.90638
-0.56078 1.90576
-0.56406 1.90493
-0.56818 1.90723
-0.57164 1.90674
-0.57650 1.90504
-0.58033 1.90152
-0.58767 1.88925
-0.58928 1.88812
-0.59585 1.88652
-0.59602 1.88645
-0.60008 1.88448
-0.60366 1.88250
-0.60720 1.88104
-0.61123 1.87630
-0.61329 1.87314
-0.61591 1.87176
-0.62021 1.87171
-0.62392 1.86904
-0.62828 1.86717
-0.63140 1.86367
-0.63427 1.86140
-0.63670 1.85922
-0.63723 1.85680
-0.63733 1.85420
-0.63876 1.85436
-0.64249 1.85109
-0.64727 1.84806
-0.65324 1.84723
-0.65750 1.84454
-0.66091 1.84018
-0.66301 1.83633
-0.66754 1.83533
-0.67141 1.83202
-0.67273 1.82952
-0.67589 1.82755
-0.67700 1.82855
-0.67824 1.82438
-0.67889 1.82034
-0.68310 1.81662
-0.68497 1.81325
-0.68970 1.81248
-0.69419 1.81265
-0.69756 1.81030
-0.70169 1.80794
-0.70452 1.80340
-0.71000 1.80147
-0.71337 1.79897
-0.71599 1.79551
-0.71890 1.79149
-0.72119 1.78997
-0.72436 1.78894
-0.72683 1.78788
-0.73224 1.78612
-0.73462 1.78183
-0.73619 1.77784
-0.73727 1.77314
-0.74042 1.76933
-0.74406 1.76667
-0.74683 1.76321
-0.75108 1.76264
-0.75480 1.76110
-0.75735 1.75876
-0.75911 1.75553
-0.76174 1.75181
-0.76474 1.74778
-0.76882 1.74591
-0.77166 1.74442
-0.77286 1.74184
-0.77651 1.73871
-0.77897 1.73760
-0.78270 1.73507
-0.78546 1.73318
-0.78961 1.73271
-0.79166 1.73011
-0.79381 1.72757
-0.79535 1.72193
-0.79796 1.71682
-0.80174 1.71156
-0.80366 1.70829
-0.80396 1.70522
-0.80489 1.70499
-0.80603 1.70332
-0.80887 1.70205
-0.81318 1.69896
-0.81637 1.69679
-0.81835 1.69464
-0.82041 1.68997
-0.82328 1.68467
-0.82613 1.68036
-0.82860 1.67577
-0.83231 1.67532
-0.83632 1.67383
-0.84076 1.66870
-0.84146 1.66396
-0.84179 1.65944
-0.84512 1.65582
-0.84521 1.65571
-0.84984 1.65373
-0.85399 1.65179
-0.85608 1.64938
-0.85704 1.64774
-0.86097 1.64027
-0.86109 1.64010
-0.86242 1.63865
-0.86309 1.63419
-0.86491 1.63070
-0.86762 1.62524
-0.87070 1.61970
-0.87426 1.61805
-0.87869 1.61550
-0.87882 1.61540
-0.87962 1.61458
-0.88244 1.61063
-0.88679 1.60637
-0.88864 1.60163
-0.89061 1.59940
-0.89349 1.59529
-0.89379 1.59187
-0.89508 1.58826
-0.90242 1.58140
-0.90649 1.57683
-0.90660 1.57671
-0.90740 1.57321
-0.90866 1.56862
-0.90988 1.56467
-0.91793 1.55816
-0.91811 1.55800
-0.92135 1.55594
-0.92377 1.55500
-0.92372 1.55191
-0.92841 1.53626
-0.92987 1.53196
-0.93229 1.52898
-0.93532 1.52571
-0.93810 1.52214
-0.94246 1.52026
-0.94526 1.51560
-0.94534 1.51548
-0.94625 1.51273
-0.94585 1.50952
-0.94640 1.50661
-0.94800 1.50279
-0.95006 1.49737
-0.95281 1.49144
-0.95383 1.48641
-0.95622 1.48392
-0.95764 1.48268
-0.95639 1.48277
-0.95654 1.48134
-0.95998 1.47845
-0.96456 1.47392
-0.96820 1.46883
-0.96970 1.46293
-0.96964 1.45594
-0.97080 1.44975
-0.97281 1.44727
-0.97599 1.44497
-0.97854 1.44366
-0.97978 1.44325
-0.97795 1.43793
-0.97801 1.43447
-0.98117 1.43022
-0.98209 1.42733
-0.98285 1.42197
-0.98378 1.41869
-0.98404 1.41271
-0.98550 1.40863
-0.98935 1.40440
-0.99308 1.40141
-0.99400 1.40005
-0.99603 1.39650
-0.99571 1.39240
-0.99610 1.38752
-0.99511 1.38365
-0.99571 1.38133
-0.99815 1.37577
-0.99997 1.37094
-1.00528 1.36971
-1.00695 1.36593
-1.00749 1.36248
-1.00875 1.35979
-1.00913 1.35565
-1.00970 1.35204
-1.01053 1.34743
-1.01214 1.34149
-1.01573 1.33570
-1.01816 1.33059
-1.02056 1.32746
-1.02250 1.32440
-1.02454 1.32348
-1.02447 1.32204
-1.02376 1.32101
-1.02359 1.31825
-1.02398 1.31259
-1.02534 1.30577
-1.02663 1.30014
-1.02732 1.29551
-1.02769 1.29123
-1.02694 1.28796
-1.02893 1.28335
-1.03094 1.28113
-1.03122 1.27923
-1.03312 1.27573
-1.03354 1.27255
-1.03519 1.26675
-1.03804 1.26167
-1.04007 1.25940
-1.04109 1.25469
-1.04047 1.25099
-1.04106 1.24767
-1.03979 1.24236
-1.04295 1.24012
-1.04539 1.23673
-1.04737 1.23270
-1.04893 1.22683
-1.05006 1.22252
-1.05180 1.22109
-1.04979 1.21751
-1.04931 1.21505
-1.04899 1.21378
-1.04929 1.20976
-1.05026 1.20478
-1.04955 1.20042
-1.04933 1.19715
-1.05111 1.19310
-1.05641 1.18880
-1.06005 1.18364
-1.05857 1.17877
-1.05797 1.17546
-1.05769 1.16922
-1.05572 1.16516
-1.05401 1.16204
-1.05273 1.16008
-1.05379 1.15713
-1.05720 1.15580
-1.05949 1.15232
-1.06042 1.14744
-1.06157 1.14621
-1.06235 1.14080
-1.06262 1.13790
-1.06308 1.13521
-1.06319 1.13055
-1.06128 1.12611
-1.06294 1.12216
-1.06411 1.11815
-1.06346 1.11342
-1.06438 1.11111
-1.06407 1.10684
-1.06349 1.10020
-1.06286 1.09406
-1.06468 1.08893
-1.06048 1.08233
-1.05893 1.07844
-1.05995 1.07696
-1.06282 1.07562
-1.06460 1.07309
-1.06367 1.06189
-1.06330 1.05853
-1.06307 1.05506
-1.06579 1.04591
-1.06584 1.04570
-1.06665 1.04009
-1.06518 1.03541
-1.06368 1.03083
-1.06457 1.02852
-1.06523 1.02605
-1.06720 1.02371
-1.06875 1.02123
-1.06937 1.01903
-1.06893 1.01626
-1.06738 1.01174
-1.06614 1.00795
-1.06540 1.00267
-1.06580 0.99863
-1.06628 0.98358
-1.06269 0.97304
-1.06261 0.97279
-1.06042 0.96835
-1.06055 0.96528
-1.06242 0.96531
-1.06311 0.96474
-1.06440 0.96340
-1.06569 0.96157
-1.06556 0.95805
-1.06565 0.95295
-1.06531 0.94467
-1.06469 0.93608
-1.06332 0.92842
-1.06231 0.92380
-1.06091 0.91835
-1.05739 0.91418
-1.05644 0.91235
-1.05598 0.91032
-1.05619 0.90729
-1.05730 0.90309
-1.05873 0.89905
-1.05763 0.89405
-1.05602 0.88847
-1.05557 0.87550
-1.05394 0.86232
-1.04740 0.84894
-1.04450 0.84331
-1.04442 0.84319
-1.04693 0.84016
-1.04936 0.83768
-1.04482 0.82484
-1.04371 0.82245
-1.04100 0.81842
-1.03597 0.80121
-1.03742 0.79484
-1.04010 0.79321
-1.04224 0.79238
-1.03834 0.78946
-1.03829 0.78937
-1.03207 0.78491
-1.02957 0.78179
-1.02759 0.77692
-1.02968 0.76914
-1.03054 0.76149
-1.02824 0.75555
-1.02504 0.74961
-1.02517 0.74474
-1.02743 0.74593
-1.02437 0.74363
-1.02249 0.74152
-1.01972 0.73698
-1.01727 0.73188
-1.01777 0.72853
-1.01871 0.72592
-1.01946 0.72370
-1.01710 0.71906
-1.01540 0.71625
-1.01409 0.70935
-1.01286 0.70547
-1.01028 0.70236
-1.00867 0.69715
-1.00638 0.69299
-1.00658 0.69038
-1.00582 0.68863
-1.00441 0.68679
-1.00271 0.68412
-1.00174 0.67980
-1.00147 0.67626
-1.00262 0.67275
-1.00233 0.66768
-1.00245 0.66419
-1.00104 0.66249
-0.99854 0.65723
-0.99506 0.65177
-0.99337 0.64581
-0.98979 0.64032
-0.98811 0.63490
-0.98428 0.63016
-0.98583 0.62768
-0.98786 0.62511
-0.98738 0.62569
-0.98695 0.62529
-0.98418 0.62290
-0.98108 0.62038
-0.97730 0.61579
-0.97654 0.60960
-0.97531 0.60366
-0.97481 0.60076
-0.97485 0.59532
-0.96945 0.58940
-0.96548 0.58628
-0.96196 0.58320
-0.96255 0.58111
-0.96539 0.57941
-0.96741 0.57321
-0.96702 0.56827
-0.96317 0.56433
-0.95892 0.55998
-0.95378 0.55780
-0.95113 0.55378
-0.94814 0.55474
-0.94639 0.55238
-0.94525 0.54851
-0.94723 0.54276
-0.94725 0.54261
-0.94710 0.54066
-0.94093 0.52822
-0.94081 0.52793
-0.93611 0.51994
-0.93240 0.51791
-0.93169 0.51708
-0.93097 0.51448
-0.93050 0.51133
-0.92835 0.50848
-0.92639 0.50555
-0.92437 0.50127
-0.92020 0.49753
-0.91447 0.49341
-0.91249 0.48626
-0.91304 0.48236
-0.91211 0.47573
-0.90910 0.47332
-0.90721 0.47098
-0.90601 0.47057
-0.90432 0.46933
-0.90126 0.46552
-0.90120 0.46540
-0.89963 0.46359
-0.89720 0.46154
-0.89032 0.45134
-0.89015 0.45111
-0.88682 0.44694
-0.88415 0.44238
-0.88380 0.43759
-0.88353 0.43404
-0.88203 0.42866
-0.87881 0.42312
-0.87700 0.41805
-0.87366 0.41798
-0.87064 0.42040
-0.86766 0.42232
-0.86339 0.41339
-0.85696 0.39534
-0.85287 0.39005
-0.85015 0.38599
-0.84818 0.38445
-0.85000 0.38159
-0.84341 0.37703
-0.84326 0.37692
-0.83876 0.37564
-0.83467 0.37263
-0.83320 0.36956
-0.83160 0.36661
-0.83026 0.36413
-0.82700 0.36197
-0.81978 0.35249
-0.81926 0.34668
-0.81081 0.33141
-0.80623 0.33045
-0.80291 0.33055
-0.79816 0.32707
-0.79897 0.32754
-0.79739 0.32639
-0.79485 0.32192
-0.78761 0.31285
-0.78743 0.31262
-0.78500 0.30784
-0.78294 0.30356
-0.78135 0.30156
-0.77864 0.29884
-0.77609 0.29757
-0.77188 0.29567
-0.76537 0.29175
-0.76521 0.29167
-0.76326 0.28943
-0.76161 0.28575
-0.75961 0.28234
-0.75627 0.27973
-0.74967 0.27739
-0.74537 0.27424
-0.74246 0.27047
-0.73868 0.26448
-0.73677 0.25967
-0.73433 0.25556
-0.73195 0.25066
-0.73181 0.25043
-0.72832 0.24892
-0.72442 0.24803
-0.72155 0.24753
-0.71834 0.24698
-0.71520 0.24711
-0.71128 0.24607
-0.70695 0.24256
-0.70434 0.23819
-0.70370 0.23408
-0.70242 0.22884
-0.70007 0.22480
-0.69620 0.22267
-0.69345 0.22082
-0.69034 0.21942
-0.68660 0.21557
-0.68250 0.21228
-0.67987 0.20961
-0.67891 0.20874
-0.67775 0.20783
-0.67260 0.20744
-0.66710 0.20572
-0.66172 0.20367
-0.65986 0.20156
-0.65868 0.19926
-0.65484 0.19624
-0.65444 0.19364
-0.65075 0.18889
-0.64784 0.18721
-0.64502 0.18357
-0.64210 0.17902
-0.64044 0.17690
-0.63652 0.17477
-0.63284 0.17067
-0.62796 0.16779
-0.62244 0.16913
-0.61716 0.16900
-0.61529 0.16761
-0.61207 0.16477
-0.61139 0.16137
-0.60809 0.15648
-0.60516 0.15400
-0.60271 0.15313
-0.60083 0.15379
-0.59670 0.15284
-0.59150 0.15085
-0.58449 0.14905
-0.57922 0.14739
-0.57724 0.14354
-0.57731 0.13998
-0.57694 0.13709
-0.57542 0.13668
-0.57163 0.13486
-0.56721 0.13359
-0.56286 0.13199
-0.55894 0.12969
-0.55528 0.12691
-0.55342 0.12679
-0.55097 0.12418
-0.54856 0.12255
-0.54368 0.12360
-0.53952 0.12460
-0.53546 0.12252
-0.53151 0.12263
-0.52695 0.12008
-0.52374 0.11676
-0.52083 0.11462
-0.51792 0.11062
-0.51631 0.10806
-0.51276 0.10743
-0.50929 0.10725
-0.50656 0.10552
-0.50180 0.10599
-0.49849 0.10582
-0.49556 0.10542
-0.49116 0.10497
-0.48728 0.10249
-0.48232 0.10022
-0.47982 0.09320
-0.47713 0.09030
-0.47271 0.08667
-0.47103 0.08463
-0.46937 0.08373
-0.46488 0.08195
-0.45965 0.08171
-0.45459 0.08198
-0.45178 0.08092
-0.44753 0.08195
-0.44465 0.08132
-0.44140 0.07932
-0.43880 0.07723
-0.43635 0.07599
-0.43433 0.07397
-0.42874 0.07181
-0.42400 0.07284
-0.41965 0.06974
-0.41610 0.06569
-0.40514 0.05600
-0.39993 0.05689
-0.39993 0.05689
-0.39604 0.06180
-0.39204 0.06271
-0.38784 0.05882
-0.38411 0.05558
-0.37926 0.05305
-0.37229 0.04746
-0.36336 0.04486
-0.36313 0.04481
-0.35755 0.04465
-0.35217 0.04266
-0.35217 0.04266
-0.35084 0.04077
-0.34886 0.03934
-0.33440 0.03767
-0.33416 0.03763
-0.32920 0.03540
-0.32519 0.03383
-0.32113 0.03253
-0.31911 0.03225
-0.31783 0.03061
-0.30747 0.03060
-0.30193 0.02956
-0.30167 0.02952
-0.29526 0.03068
-0.29342 0.03022
-0.29069 0.02798
-0.28686 0.02539
-0.28470 0.02427
-0.28160 0.02374
-0.27622 0.02294
-0.27601 0.02290
-0.26301 0.01793
-0.25931 0.01860
-0.25908 0.01858
-0.25717 0.01679
-0.25669 0.01660
-0.25363 0.01754
-0.24875 0.01663
-0.24857 0.01661
-0.24135 0.01625
-0.23440 0.01792
-0.22807 0.01556
-0.22526 0.01357
-0.22472 0.01235
-0.22208 0.00981
-0.21901 0.00739
-0.21746 0.00841
-0.21432 0.00845
-0.20883 0.00898
-0.20387 0.00924
-0.19275 0.00925
-0.18948 0.00640
-0.18628 0.00342
-0.18371 0.00309
-0.17901 0.00289
-0.17528 0.00114
-0.17230 0.00250
-0.16825 0.00517
-0.16464 0.00817
-0.15950 0.00927
-0.15450 0.00849
-0.14937 0.00433
-0.14337 0.00014
-0.13941 -0.00117
-0.13400 -0.00324
-0.13336 -0.00381
-0.13003 -0.00001
-0.12806 0.00145
-0.12327 0.00172
-0.11826 0.00057
-0.11635 -0.00126
-0.11306 -0.00193
-0.10836 -0.00316
-0.10354 -0.00386
-0.09943 -0.00312
-0.09579 -0.00325
-0.09289 -0.00413
-0.09028 -0.00384
-0.08797 -0.00310
-0.08422 -0.00401
-0.07935 -0.00419
-0.07515 -0.00505
-0.07057 -0.00662
-0.06581 -0.00693
-0.06207 -0.00587
-0.05945 -0.00537
-0.05694 -0.00523
-0.05396 -0.00426
-0.05013 -0.00468
-0.04506 -0.00573
-0.03839 -0.00617
-0.03306 -0.00609
-0.02804 -0.00533
-0.02517 -0.00321
-0.02715 -0.00109
-0.03199 -0.00039
-0.03546 -0.00047
-0.03744 0.00040
-0.03947 -0.00120
-0.04259 -0.00392
-0.04362 -0.00622
-0.04269 -0.00592
-0.04061 -0.00496
-0.03572 -0.00434
-0.03231 -0.00290
-0.03084 -0.00033
-0.03009 -0.00089
-0.03131 -0.00315
-0.03409 -0.00260
-0.03783 -0.00287
-0.04045 -0.00320
-0.04086 -0.00443
-0.04086 -0.00628
-0.03794 -0.00629
-0.03606 -0.00576
-0.03447 -0.00619
-0.03549 -0.00378
-0.03608 -0.00185
-0.03644 -0.00060
-0.03773 -0.00058
-0.03796 -0.00218
-0.03600 -0.00397
-0.03715 -0.00793
-0.03799 -0.00930
-0.03885 -0.00824
-0.03773 -0.00640
-0.03810 -0.00365
-0.03678 -0.00297
-0.03437 -0.00324
