-0.01085 -0.00357
-0.01129 -0.00294
-0.00911 -0.00297
-0.00532 -0.00579
-0.00447 -0.00634
-0.00493 -0.00490
-0.00690 -0.00605
-0.00820 -0.00479
-0.00931 -0.00591
-0.00886 -0.00703
-0.00928 -0.00824
-0.00833 -0.00800
-0.00691 -0.00540
-0.00802 -0.00387
-0.00883 -0.00423
-0.00900 -0.00445
-0.00910 -0.00666
-0.00841 -0.00731
-0.00897 -0.00615
-0.00779 -0.00557
-0.00947 -0.00655
-0.00857 -0.00583
-0.00834 -0.00570
-0.00808 -0.00673
-0.00873 -0.00677
-0.00797 -0.00663
-0.00894 -0.00730
-0.00854 -0.00660
-0.00901 -0.00513
-0.00937 -0.00425
-0.00826 -0.00424
-0.00739 -0.00549
-0.00755 -0.00792
-0.00881 -0.00710
-0.00954 -0.00818
-0.00914 -0.00894
-0.00852 -0.00796
-0.00849 -0.00652
-0.00842 -0.00690
-0.00819 -0.00618
-0.00972 -0.00631
-0.01234 -0.00776
-0.01197 -0.00833
-0.01004 -0.00671
-0.00305 -0.00739
0.00469 -0.00880
0.01104 -0.00929
0.02234 -0.00808
0.02262 -0.00806
0.02533 -0.00718
0.02596 -0.00631
0.03119 -0.00395
0.03559 -0.00353
0.04072 -0.00334
0.06000 -0.00242
0.06621 -0.00412
0.06766 -0.00406
0.06944 -0.00468
0.07203 -0.00478
0.07563 -0.00433
0.07849 -0.00077
0.08092 0.00098
0.08510 0.00155
0.08867 0.00164
0.09325 0.00145
0.09825 0.00214
0.10259 0.00275
0.10657 0.00381
0.11057 0.00547
0.11378 0.00702
0.11684 0.00690
0.12598 0.00690
0.12620 0.00690
0.13004 0.00637
0.13468 0.00602
0.13855 0.00725
0.14253 0.00843
0.14696 0.01023
0.15157 0.01190
0.15169 0.01193
0.15424 0.01104
0.15694 0.01206
0.16023 0.01207
0.16693 0.01352
0.17196 0.01629
0.18041 0.02248
0.18061 0.02262
0.18274 0.02241
0.18563 0.02223
0.19440 0.02282
0.19750 0.02420
0.20315 0.02551
0.20870 0.02929
0.21712 0.03145
0.21734 0.03152
0.22106 0.03455
0.22252 0.03353
0.22542 0.03177
0.22777 0.03293
0.23681 0.03627
0.23702 0.03634
0.24257 0.04048
0.24653 0.04283
0.24909 0.04196
0.25277 0.04281
0.25539 0.04219
0.25866 0.04239
0.26023 0.04233
0.26481 0.04378
0.27214 0.04700
0.27329 0.04709
0.27710 0.04967
0.28154 0.05142
0.28664 0.05385
0.29010 0.05487
0.29371 0.05486
0.29747 0.05404
0.30077 0.05492
0.30335 0.05693
0.30848 0.05849
0.31292 0.05979
0.31725 0.06197
0.32071 0.06199
0.32452 0.06333
0.32908 0.06480
0.33327 0.06629
0.33602 0.06903
0.33747 0.07118
0.33877 0.07184
0.34079 0.07358
0.34442 0.07328
0.34922 0.07276
0.35317 0.07499
0.35771 0.07854
0.36194 0.08144
0.36705 0.08274
0.37080 0.08394
0.37441 0.08352
0.37748 0.08465
0.37977 0.08638
0.38160 0.08814
0.38304 0.08934
0.38593 0.09229
0.39161 0.09521
0.39796 0.09779
0.40332 0.09949
0.40592 0.10297
0.41016 0.10418
0.41314 0.10394
0.41722 0.10462
0.42051 0.10604
0.42230 0.10728
0.42385 0.10990
0.42633 0.11318
0.42842 0.11433
0.43326 0.11506
0.44067 0.11559
0.44368 0.11674
0.44788 0.11778
0.45004 0.11945
0.45177 0.12383
0.45529 0.12676
0.45902 0.12935
0.46279 0.13167
0.46641 0.13130
0.47013 0.13200
0.47392 0.13379
0.47704 0.13635
0.48122 0.13923
0.48366 0.14206
0.48555 0.14403
0.49070 0.14676
0.49487 0.14757
0.49814 0.14855
0.50077 0.15126
0.50333 0.15318
0.50588 0.15555
0.50959 0.15994
0.51369 0.16368
0.51713 0.16734
0.52113 0.16796
0.52535 0.16910
0.53016 0.17015
0.53366 0.17362
0.53680 0.17659
0.54040 0.17940
0.54243 0.17986
0.54471 0.18160
0.54581 0.18299
0.54720 0.18515
0.54912 0.18777
0.55277 0.19097
0.55799 0.19347
0.56224 0.19521
0.56850 0.19593
0.57428 0.19816
0.57618 0.20044
0.57860 0.20427
0.57917 0.20684
0.58051 0.20743
0.58298 0.21013
0.58484 0.21087
0.58592 0.21262
0.58935 0.21564
0.59488 0.21710
0.59962 0.22115
0.60158 0.22329
0.60513 0.22699
0.60807 0.22841
0.61170 0.22990
0.61660 0.23408
0.62076 0.23872
0.62333 0.23965
0.62479 0.24177
0.62655 0.24407
0.62808 0.24513
0.62984 0.24656
0.63249 0.24878
0.63679 0.25166
0.64058 0.25434
0.64519 0.25801
0.65027 0.26332
0.65448 0.26812
0.65745 0.27100
0.65906 0.27273
0.66068 0.27471
0.66161 0.27592
0.66365 0.27677
0.66591 0.27779
0.66598 0.27784
0.66864 0.28220
0.67279 0.28648
0.67648 0.29106
0.68114 0.29455
0.68525 0.29929
0.68869 0.30368
0.69196 0.30624
0.69578 0.30834
0.69586 0.30839
0.69670 0.30625
0.69756 0.31030
0.69760 0.31037
0.70032 0.31391
0.70432 0.31695
0.71531 0.33166
0.71890 0.33475
0.73076 0.34528
0.73368 0.34968
0.73720 0.35205
0.74034 0.35467
0.73696 0.35921
0.73694 0.35933
0.73836 0.36002
0.74356 0.36043
0.74372 0.36048
0.74794 0.36455
0.75940 0.38191
0.76229 0.38561
0.76393 0.38735
0.76896 0.39293
0.77142 0.39497
0.77837 0.40611
0.77854 0.40637
0.77951 0.40854
0.78439 0.41300
0.78451 0.41310
0.78576 0.41204
0.78755 0.41650
0.79044 0.42683
0.79052 0.42706
0.79206 0.42878
0.79403 0.43101
0.79719 0.43325
0.79953 0.43738
0.80379 0.44076
0.80706 0.44524
0.81119 0.44826
0.81473 0.45082
0.81484 0.45089
0.81543 0.44782
0.81532 0.44914
0.81631 0.45561
0.81915 0.46282
0.82035 0.47037
0.82685 0.47564
0.83032 0.48098
0.83297 0.48589
0.83381 0.48782
0.83383 0.48789
0.83418 0.49021
0.83578 0.49303
0.83825 0.49544
0.84316 0.50266
0.84330 0.50286
0.84597 0.50717
0.84778 0.51120
0.84942 0.51685
0.85115 0.51998
0.85471 0.52596
0.85479 0.52615
0.85527 0.52991
0.86364 0.54346
0.86587 0.54660
0.86800 0.54999
0.86921 0.55304
0.87163 0.55412
0.87067 0.55627
0.87285 0.56142
0.87519 0.56606
0.87641 0.57078
0.87745 0.57318
0.87830 0.57682
0.88030 0.58114
0.88288 0.58731
0.88402 0.58913
0.88701 0.59064
0.88893 0.59187
0.89144 0.59725
0.89349 0.59958
0.89459 0.60338
0.89687 0.60798
0.89866 0.61288
0.89655 0.61867
0.89691 0.62143
0.89834 0.62673
0.90213 0.63085
0.90575 0.63623
0.90827 0.63756
0.90911 0.63820
0.90746 0.63709
0.90788 0.63935
0.90698 0.64243
0.91018 0.65051
0.91228 0.65676
0.91559 0.66144
0.91738 0.66480
0.91847 0.66682
0.92114 0.67045
0.92196 0.67428
0.92251 0.67799
0.92332 0.68148
0.92321 0.68430
0.92484 0.68785
0.92554 0.68994
0.92817 0.69317
0.92926 0.69710
0.92992 0.70068
0.92949 0.70330
0.92878 0.70560
0.93160 0.70917
0.93368 0.71382
0.93680 0.71766
0.93955 0.72426
0.94115 0.73040
0.94112 0.73585
0.94058 0.73892
0.93986 0.74284
0.94167 0.74472
0.94476 0.74854
0.94603 0.75232
0.94709 0.75531
0.94704 0.75924
0.94569 0.76438
0.94783 0.76783
0.94905 0.76906
0.95008 0.77179
0.94846 0.77437
0.95173 0.77689
0.95319 0.78193
0.95279 0.78829
0.95181 0.79315
0.95277 0.79665
0.95451 0.80116
0.95596 0.80617
0.95866 0.81015
0.96114 0.81322
0.96088 0.81601
0.96061 0.81588
0.96038 0.81744
0.96103 0.81943
0.96203 0.82491
0.96388 0.82967
0.96233 0.83484
0.96406 0.84277
0.96565 0.84833
0.96730 0.85429
0.96876 0.85797
0.96859 0.86077
0.96775 0.86266
0.96663 0.86473
0.96775 0.86728
0.96910 0.87080
0.96962 0.87459
0.97024 0.87816
0.97081 0.88342
0.97032 0.88701
0.97085 0.89135
0.97107 0.89401
0.97157 0.89611
0.97123 0.89980
0.97083 0.90335
0.97258 0.90959
0.97328 0.91441
0.97474 0.91802
0.97680 0.91999
0.97606 0.92437
0.97434 0.92946
0.97388 0.93349
0.97451 0.93766
0.97626 0.94279
0.97811 0.94709
0.97885 0.95357
0.97916 0.95737
0.97722 0.96012
0.97484 0.96250
0.97578 0.96413
0.97593 0.96500
0.97657 0.96737
0.97949 0.96955
0.98050 0.97443
0.98043 0.97977
0.97702 0.98814
0.97775 0.99722
0.97931 1.00369
0.97966 1.00855
0.98040 1.01328
0.97967 1.01550
0.97742 1.01951
0.97693 1.02324
0.98058 1.03638
0.98110 1.04654
0.98112 1.04678
0.98080 1.05121
0.97938 1.05364
0.97989 1.05488
0.97981 1.05704
0.97918 1.06115
0.97906 1.06736
0.97897 1.07204
0.97867 1.07743
0.97742 1.08320
0.97740 1.08334
0.97713 1.08439
0.97592 1.08866
0.97715 1.09178
0.97626 1.09696
0.97618 1.11438
0.97479 1.12312
0.97475 1.12336
0.97498 1.12711
0.97440 1.12796
0.97453 1.13387
0.97452 1.13402
0.97292 1.13781
0.97215 1.14133
0.97142 1.14678
0.97214 1.15057
0.97117 1.15430
0.97115 1.15442
0.97158 1.15749
0.97168 1.16073
0.96804 1.17106
0.96798 1.17128
0.96692 1.17407
0.96192 1.18100
0.96192 1.18100
0.96387 1.19458
0.96485 1.19464
0.96532 1.19857
0.96429 1.19984
0.96252 1.20184
0.96023 1.20387
0.96018 1.20394
0.95888 1.20739
0.95939 1.21937
0.95940 1.21969
0.95887 1.22615
0.95817 1.23368
0.95521 1.24017
0.95549 1.24263
0.95421 1.24502
0.95336 1.24585
0.95175 1.24708
0.94965 1.25031
0.94850 1.25280
0.94742 1.25890
0.94704 1.26366
0.94712 1.26803
0.94647 1.27079
0.94606 1.27668
0.94604 1.27683
0.94523 1.27924
0.94309 1.28037
0.94151 1.28108
0.93927 1.28492
0.93752 1.29234
0.93639 1.29877
0.93542 1.30471
0.93569 1.31110
0.93372 1.32001
0.93665 1.32561
0.93339 1.32666
0.92989 1.32867
0.92986 1.32495
0.92801 1.32387
0.92665 1.32722
0.92139 1.33185
0.92020 1.33828
0.91665 1.34135
0.92053 1.34413
0.92409 1.34572
0.92520 1.35266
0.92188 1.35929
0.91931 1.36573
0.91630 1.37146
0.91329 1.37647
0.91263 1.38216
0.91197 1.38703
0.91065 1.39133
0.91069 1.39157
0.90983 1.39179
0.90776 1.39294
0.90513 1.39446
0.90167 1.39882
0.89923 1.40319
0.89891 1.40969
0.89858 1.41620
0.89704 1.42150
0.89504 1.42666
0.89274 1.43210
0.89204 1.43607
0.89124 1.43961
0.88984 1.44193
0.88689 1.44481
0.88424 1.44643
0.88088 1.44862
0.88177 1.45118
0.88209 1.45383
0.88177 1.45799
0.88176 1.46104
0.87801 1.46578
0.87670 1.47020
0.87226 1.47666
0.86927 1.48508
0.86686 1.48989
0.86604 1.49366
0.86463 1.49729
0.86440 1.49928
0.86349 1.50252
0.86356 1.50441
0.86246 1.50589
0.85884 1.50949
0.85381 1.51189
0.85012 1.51400
0.85076 1.51762
0.84932 1.52317
0.84659 1.52758
0.84565 1.53010
0.84448 1.53086
0.84372 1.53264
0.84181 1.53402
0.83821 1.53656
0.83603 1.54375
0.83576 1.55216
0.83363 1.55664
0.83189 1.56116
0.83052 1.56233
0.82783 1.56499
0.82586 1.56857
0.82340 1.57161
0.82056 1.57341
0.81791 1.57634
0.81405 1.57995
0.81114 1.58405
0.80925 1.58874
0.80845 1.59114
0.80888 1.59325
0.80869 1.59579
0.80873 1.59758
0.80500 1.60073
0.80056 1.60445
0.79525 1.60832
0.79082 1.61233
0.79071 1.61628
0.78953 1.62256
0.79085 1.62594
0.79077 1.62837
0.78972 1.62825
0.78601 1.62678
0.78086 1.62582
0.77201 1.64007
0.77098 1.64795
0.77000 1.65365
0.76702 1.65743
0.76353 1.66066
0.76056 1.66337
0.75971 1.66483
0.75687 1.66771
0.75149 1.66958
0.74843 1.67207
0.74972 1.67253
0.74918 1.67527
0.74846 1.68230
0.74846 1.68230
0.74402 1.68446
0.73781 1.68947
0.73279 1.69250
0.73116 1.69627
0.72855 1.69857
0.72510 1.70239
0.72287 1.70526
0.71776 1.70905
0.71765 1.70914
0.71825 1.70973
0.70936 1.71863
0.70658 1.72222
0.70348 1.72414
0.70042 1.72727
0.69779 1.73195
0.69490 1.73764
0.68868 1.74434
0.68853 1.74451
0.68777 1.74721
0.68419 1.74882
0.68409 1.74889
0.68245 1.74984
0.67502 1.75299
0.67490 1.75308
0.67146 1.75503
0.66592 1.76412
0.66556 1.76452
0.66159 1.76699
0.65777 1.77077
0.65684 1.77479
0.65412 1.77720
0.64932 1.77738
0.64707 1.77860
0.64559 1.78014
0.64291 1.78134
0.63922 1.78652
0.63675 1.79081
0.63200 1.79701
0.63188 1.79717
0.62985 1.80086
0.62650 1.80542
0.62359 1.80840
0.61368 1.80932
0.61368 1.80932
0.60956 1.81215
0.60652 1.81412
0.60721 1.81772
0.59977 1.82612
0.59486 1.82581
0.59197 1.82557
0.58899 1.82551
0.58625 1.82737
0.58327 1.83190
0.58099 1.83782
0.57772 1.84211
0.57419 1.84501
0.56064 1.84916
0.55896 1.85075
0.55694 1.85405
0.54290 1.86069
0.53969 1.86320
0.53775 1.86824
0.53767 1.86836
0.53670 1.87161
0.53596 1.87617
0.53129 1.87691
0.52714 1.87781
0.52046 1.87805
0.51326 1.88092
0.50749 1.88741
0.51017 1.88731
0.51141 1.88933
0.51116 1.88997
0.50798 1.89076
0.50450 1.89084
0.49816 1.89232
0.49178 1.89647
0.48730 1.90130
0.48419 1.90564
0.48211 1.90887
0.47987 1.91102
0.47633 1.91204
0.47270 1.91128
0.46971 1.91210
0.46582 1.91309
0.46297 1.91520
0.45989 1.91792
0.45676 1.91925
0.45402 1.92092
0.45088 1.92258
0.44795 1.92714
0.44337 1.93040
0.44124 1.93268
0.43765 1.93200
0.43280 1.93376
0.42701 1.93606
0.42508 1.93737
0.42106 1.93783
0.41788 1.93807
0.41344 1.93902
0.41149 1.94163
0.40809 1.94463
0.40364 1.94757
0.39977 1.94947
0.39850 1.95175
0.39698 1.95516
0.39205 1.95596
0.38689 1.95767
0.38047 1.95798
0.37813 1.95737
0.37272 1.96095
0.36996 1.96416
0.36849 1.96587
0.36453 1.96560
0.35917 1.96728
0.35787 1.96818
0.35388 1.96828
0.34950 1.97138
0.34798 1.97606
0.34168 1.97852
0.33780 1.97860
0.33404 1.97777
0.33231 1.97828
0.33271 1.97887
0.33151 1.97918
0.32252 1.98337
0.31678 1.98481
0.31232 1.98483
0.30933 1.98762
0.30575 1.99029
0.30230 1.99263
0.30245 1.99452
0.30013 1.99544
0.29567 1.99684
0.29193 1.99527
0.28623 1.99502
0.28203 1.99665
0.27887 1.99935
0.27446 2.00203
0.26955 2.00555
0.26689 2.00585
0.26498 2.00512
0.26410 2.00607
0.26057 2.00734
0.25492 2.00841
0.24985 2.01027
0.24481 2.01236
0.23993 2.01289
0.23552 2.01501
0.23110 2.01738
0.22853 2.01839
0.22682 2.01871
0.22569 2.01797
0.22205 2.01727
0.21874 2.01642
0.21437 2.01534
0.20911 2.01753
0.20432 2.01943
0.19788 2.02113
0.19133 2.02281
0.18931 2.02410
0.18641 2.02496
0.18544 2.02552
0.18169 2.02354
0.17878 2.02358
0.17443 2.02523
0.17045 2.02669
0.16402 2.02817
0.15863 2.02974
0.15333 2.03246
0.15073 2.03276
0.15261 2.03129
0.15070 2.02912
0.14711 2.02902
0.14502 2.02838
0.14072 2.03016
0.13450 2.03383
0.12904 2.03509
0.12316 2.03706
0.11766 2.03962
0.11172 2.04091
0.10061 2.04068
0.09954 2.04034
0.09148 2.04209
0.08578 2.04220
0.07955 2.04277
0.07509 2.04321
0.07172 2.04350
0.06943 2.04314
0.06788 2.04163
0.06422 2.04289
0.05949 2.04336
0.05654 2.04529
0.04192 2.04663
0.03141 2.04697
0.02170 2.04696
0.02170 2.04696
0.01949 2.04601
0.01540 2.04722
0.01199 2.05009
0.00358 2.05190
0.00194 2.05156
-0.00418 2.04999
-0.00963 2.05044
-0.01353 2.05089
-0.01571 2.05195
-0.01654 2.05206
-0.01812 2.05078
-0.02239 2.04916
-0.02741 2.04930
-0.03210 2.05096
-0.03643 2.05129
-0.04101 2.05173
-0.04555 2.05105
-0.04898 2.05019
-0.05259 2.04723
-0.05948 2.04839
-0.05963 2.04842
-0.06168 2.05035
-0.06643 2.05087
-0.07198 2.05090
-0.07692 2.05184
-0.08094 2.05021
-0.08577 2.04801
-0.09097 2.04755
-0.09113 2.04755
-0.09403 2.04762
-0.09700 2.04721
-0.10820 2.04730
-0.10846 2.04730
-0.11338 2.04810
-0.11590 2.04765
-0.11758 2.04568
-0.11974 2.04424
-0.12405 2.04265
-0.12685 2.04255
-0.13372 2.04245
-0.14104 2.04564
-0.14575 2.04772
-0.14883 2.04787
-0.15305 2.04761
-0.15836 2.04670
-0.16303 2.04365
-0.16666 2.04151
-0.16670 2.03965
-0.16773 2.03756
-0.17210 2.03716
-0.17469 2.03522
-0.17705 2.03669
-0.18486 2.03887
-0.19343 2.03955
-0.20060 2.04082
-0.20384 2.04080
-0.21032 2.04026
-0.21052 2.04024
-0.21450 2.03902
-0.21697 2.03712
-0.22075 2.03484
-0.22206 2.03273
-0.22503 2.03101
-0.22742 2.03024
-0.23200 2.03036
-0.23723 2.03040
-0.24242 2.03042
-0.24609 2.03027
-0.24976 2.02912
-0.25680 2.02872
-0.25902 2.02869
-0.26325 2.02913
-0.26889 2.02864
-0.27295 2.02789
-0.27592 2.02576
-0.27803 2.02021
-0.28143 2.01740
-0.28559 2.01718
-0.28722 2.01831
-0.29008 2.02068
-0.29374 2.02092
-0.29985 2.02037
-0.30762 2.01910
-0.31244 2.01709
-0.31378 2.01473
-0.31663 2.01316
-0.31853 2.01273
-0.32077 2.01192
-0.32459 2.01262
-0.33017 2.01193
-0.33585 2.00994
-0.33895 2.00812
-0.34158 2.00707
-0.34389 2.00540
-0.34791 2.00412
-0.35153 2.00265
-0.35440 2.00193
-0.35921 1.99972
-0.36302 1.99865
-0.36407 1.99788
-0.36726 1.99785
-0.37398 1.99611
-0.37911 1.99583
-0.38500 1.99491
-0.38978 1.99366
-0.39345 1.99446
-0.39618 1.99397
-0.39946 1.99346
-0.40275 1.98814
-0.40539 1.98508
-0.40703 1.98347
-0.40932 1.98273
-0.41250 1.98176
-0.41735 1.98246
-0.42191 1.98008
-0.42655 1.97824
-0.42859 1.97684
-0.43111 1.97506
-0.43396 1.97108
-0.43578 1.96846
-0.44018 1.96769
-0.44545 1.96782
-0.45031 1.96781
-0.45476 1.96766
-0.45826 1.96736
-0.46214 1.96438
-0.46536 1.96148
-0.46841 1.95930
-0.47262 1.95837
-0.47699 1.95604
-0.48215 1.95537
-0.48578 1.95293
-0.48916 1.95076
-0.49278 1.94689
-0.49503 1.94449
-0.49735 1.94363
-0.49961 1.94168
-0.50152 1.93944
-0.50147 1.93863
-0.50297 1.93697
-0.50679 1.93309
-0.51238 1.93146
-0.51665 1.93247
-0.52186 1.93080
-0.52664 1.93069
-0.53163 1.92961
-0.53545 1.92895
-0.53718 1.92660
-0.53871 1.92533
-0.54175 1.92060
-0.54353 1.91933
-0.54710 1.91682
-0.55071 1.91228
-0.55559 1.90951
-0.55954 1.90907
-0.56458 1.91033
-0.56939 1.91079
-0.57264 1.90885
-0.57457 1.90928
-0.57643 1.90723
-0.58075 1.90136
-0.58470 1.89587
-0.58760 1.89219
-0.59215 1.88974
-0.59520 1.88978
-0.59608 1.88918
-0.59795 1.88915
-0.60166 1.88684
-0.60553 1.88323
-0.60828 1.88069
-0.61116 1.87884
-0.61532 1.87679
-0.61992 1.87334
-0.62455 1.87190
-0.62977 1.87191
-0.63353 1.86975
-0.63553 1.86613
-0.63836 1.86280
-0.63955 1.86009
-0.64077 1.85684
-0.64200 1.85581
-0.64511 1.85318
-0.64701 1.85061
-0.65575 1.84630
-0.65594 1.84620
-0.66062 1.84366
-0.66192 1.84480
-0.66886 1.83959
-0.66904 1.83947
-0.67437 1.83485
-0.67763 1.83200
-0.67969 1.82846
-0.68096 1.82679
-0.68362 1.82547
-0.68657 1.82558
-0.69542 1.81942
-0.69563 1.81930
-0.69715 1.81483
-0.70059 1.81239
-0.70625 1.80129
-0.70999 1.79789
-0.71185 1.79771
-0.71440 1.79736
-0.72438 1.79356
-0.72457 1.79349
-0.72890 1.79167
-0.73252 1.78812
-0.73637 1.78333
-0.73828 1.77839
-0.73904 1.77669
-0.74321 1.77301
-0.74333 1.77293
-0.74662 1.77210
-0.75247 1.76598
-0.75264 1.76582
-0.75536 1.76371
-0.75697 1.76178
-0.75878 1.75891
-0.76763 1.74517
-0.77216 1.74398
-0.78152 1.73714
-0.78306 1.73044
-0.78567 1.72635
-0.78575 1.72622
-0.79141 1.72289
-0.79514 1.72168
-0.80126 1.71839
-0.80141 1.71830
-0.80281 1.71461
-0.80720 1.70920
-0.80731 1.70908
-0.80791 1.70631
-0.80808 1.70177
-0.81016 1.69656
-0.81253 1.69132
-0.81538 1.68839
-0.81888 1.68527
-0.82503 1.68660
-0.82875 1.68702
-0.83309 1.67796
-0.83652 1.67291
-0.83912 1.66818
-0.84143 1.66302
-0.84306 1.65721
-0.84491 1.65348
-0.84673 1.65215
-0.85077 1.65260
-0.85435 1.65174
-0.85856 1.64918
-0.86141 1.64602
-0.86804 1.63283
-0.87096 1.62901
-0.87229 1.62687
-0.87335 1.62399
-0.87361 1.62225
-0.87704 1.62063
-0.87830 1.61714
-0.88023 1.61303
-0.88275 1.60796
-0.88543 1.60343
-0.88797 1.60011
-0.89228 1.59860
-0.89443 1.59674
-0.89845 1.59717
-0.90026 1.59671
-0.90067 1.59314
-0.90158 1.58870
-0.90345 1.58355
-0.90624 1.57843
-0.90948 1.57185
-0.91131 1.56983
-0.91207 1.56954
-0.91614 1.56871
-0.91675 1.56686
-0.91678 1.56585
-0.91937 1.56017
-0.92112 1.55679
-0.92342 1.55156
-0.92545 1.54708
-0.92791 1.54339
-0.93048 1.54003
-0.93348 1.53648
-0.93577 1.53474
-0.93764 1.53255
-0.94029 1.52946
-0.94078 1.52631
-0.94228 1.52211
-0.94290 1.51736
-0.94340 1.51352
-0.94375 1.50900
-0.94351 1.50382
-0.94500 1.49898
-0.94654 1.49485
-0.95012 1.49182
-0.95483 1.48960
-0.95826 1.49173
-0.96079 1.49131
-0.96364 1.48983
-0.96590 1.48668
-0.96689 1.48008
-0.96805 1.47045
-0.96952 1.46272
-0.97036 1.45650
-0.97126 1.45518
-0.97292 1.45585
-0.97125 1.45634
-0.97093 1.45488
-0.97167 1.45127
-0.97094 1.44526
-0.97413 1.43822
-0.97772 1.43091
-0.98328 1.42796
-0.98960 1.42711
-0.99150 1.42593
-0.99106 1.42221
-0.98836 1.41962
-0.98687 1.41465
-0.98822 1.40863
-0.99067 1.40385
-0.99341 1.39774
-0.99333 1.39180
-0.99274 1.38866
-0.99315 1.38600
-0.99724 1.38725
-0.99971 1.38537
-1.00320 1.38343
-1.00485 1.37947
-1.00608 1.37403
-1.00746 1.36562
-1.00663 1.36133
-1.00782 1.35827
-1.00912 1.35656
-1.01159 1.35514
-1.01274 1.35362
-1.01491 1.35032
-1.01482 1.34596
-1.01496 1.33931
-1.01577 1.33311
-1.01592 1.32889
-1.01659 1.32447
-1.01794 1.32157
-1.02051 1.31830
-1.02385 1.31540
-1.02527 1.31305
-1.02813 1.30981
-1.02988 1.30684
-1.03181 1.30279
-1.03327 1.29753
-1.03191 1.28666
-1.03188 1.28642
-1.03282 1.28122
-1.03173 1.27715
-1.03172 1.27702
-1.03388 1.27787
-1.03486 1.27581
-1.03582 1.27079
-1.03625 1.26535
-1.03631 1.26056
-1.03672 1.25485
-1.03820 1.25318
-1.04028 1.25142
-1.04238 1.24761
-1.04425 1.24261
-1.04644 1.23880
-1.04615 1.22967
-1.04774 1.22723
-1.04830 1.22000
-1.04833 1.21982
-1.05100 1.21419
-1.05418 1.20505
-1.05609 1.19899
-1.05521 1.19639
-1.05267 1.19411
-1.05371 1.19228
-1.05307 1.18799
-1.05307 1.18785
-1.05308 1.18561
-1.05664 1.16709
-1.05859 1.16403
-1.05958 1.16107
-1.06143 1.15856
-1.06125 1.15597
-1.06230 1.15484
-1.05830 1.15133
-1.06049 1.13494
-1.06465 1.12425
-1.06477 1.12399
-1.06680 1.12247
-1.06691 1.12108
-1.06413 1.11277
-1.06408 1.11258
-1.06328 1.10710
-1.06292 1.10311
-1.06405 1.10004
-1.06442 1.09610
-1.06595 1.09132
-1.06710 1.08588
-1.06683 1.08068
-1.06651 1.07482
-1.06691 1.07087
-1.06588 1.06844
-1.06552 1.06718
-1.06479 1.06674
-1.06637 1.06199
-1.06867 1.05644
-1.07012 1.05396
-1.06849 1.04042
-1.06865 1.03552
-1.06858 1.03183
-1.06798 1.02826
-1.06803 1.02436
-1.06838 1.02094
-1.06701 1.01502
-1.06697 1.01485
-1.06575 1.01194
-1.06508 1.00898
-1.06603 1.00585
-1.06663 1.00123
-1.06809 0.99867
-1.06732 0.99524
-1.06480 0.99136
-1.06352 0.98633
-1.06338 0.97909
-1.06370 0.97048
-1.06803 0.96248
-1.07095 0.95690
-1.07099 0.95462
-1.06443 0.95013
-1.06430 0.95001
-1.06171 0.94850
-1.06113 0.94673
-1.06463 0.94044
-1.06471 0.94027
-1.06724 0.93488
-1.06806 0.93041
-1.06686 0.92254
-1.06516 0.91823
-1.06372 0.91365
-1.06132 0.90704
-1.05767 0.89955
-1.05636 0.89452
-1.05311 0.89522
-1.05200 0.89579
-1.05507 0.89505
-1.05951 0.89326
-1.06146 0.89379
-1.06216 0.89070
-1.05967 0.88586
-1.05734 0.87754
-1.05429 0.87162
-1.05282 0.86294
-1.05230 0.85574
-1.05363 0.85127
-1.05484 0.84857
-1.05419 0.84719
-1.05194 0.84765
-1.04993 0.84763
-1.04914 0.84595
-1.04830 0.84227
-1.04880 0.83863
-1.04816 0.83337
-1.04859 0.82600
-1.04961 0.81795
-1.04915 0.81134
-1.04801 0.80643
-1.04622 0.80129
-1.04475 0.79907
-1.04340 0.79796
-1.04039 0.79528
-1.03834 0.79409
-1.03425 0.79413
-1.03249 0.79106
-1.03192 0.78847
-1.03316 0.78366
-1.03543 0.77683
-1.03863 0.77087
-1.03663 0.76465
-1.03336 0.75984
-1.03019 0.75645
-1.02831 0.74962
-1.02512 0.74516
-1.02365 0.74055
-1.02184 0.73741
-1.02175 0.73610
-1.02246 0.73257
-1.02362 0.73164
-1.02529 0.72944
-1.02523 0.72816
-1.02353 0.72564
-1.01855 0.72384
-1.01602 0.71844
-1.01511 0.71240
-1.01238 0.70272
-1.01123 0.69779
-1.00906 0.69092
-1.01144 0.68850
-1.01063 0.68535
-1.00795 0.68089
-1.00589 0.67934
-1.00309 0.67896
-1.00164 0.67630
-1.00235 0.67253
-1.00165 0.66964
-1.00103 0.66387
-0.99982 0.65886
-0.99951 0.65580
-0.99841 0.65163
-0.99561 0.64675
-0.99313 0.64086
-0.98991 0.63644
-0.98911 0.63386
-0.98727 0.63328
-0.98497 0.63079
-0.98519 0.62881
-0.98599 0.62655
-0.98388 0.61387
-0.98179 0.61184
-0.97882 0.60861
-0.97753 0.60500
-0.97441 0.59958
-0.97299 0.59300
-0.97126 0.58808
-0.96888 0.58088
-0.96673 0.57794
-0.96594 0.57498
-0.96394 0.57102
-0.96188 0.56972
-0.96137 0.57055
-0.95751 0.56732
-0.95569 0.56600
-0.95343 0.56070
-0.95080 0.54984
-0.95072 0.54959
-0.95010 0.54385
-0.94476 0.54012
-0.94131 0.53605
-0.93530 0.52622
-0.93491 0.52007
-0.93488 0.51995
-0.93414 0.51686
-0.93212 0.51465
-0.92720 0.50958
-0.92708 0.50943
-0.92454 0.50659
-0.91331 0.49172
-0.91364 0.47768
-0.91198 0.47949
-0.90814 0.47945
-0.90598 0.47828
-0.90360 0.47474
-0.89968 0.46680
-0.89302 0.45532
-0.89287 0.45507
-0.89111 0.45260
-0.89040 0.45047
-0.89047 0.44838
-0.88951 0.44486
-0.88946 0.44476
-0.88622 0.44199
-0.88393 0.43805
-0.88265 0.43483
-0.88162 0.42895
-0.87952 0.42666
-0.87655 0.42141
-0.87161 0.41710
-0.86751 0.41292
-0.85764 0.40840
-0.85739 0.40822
-0.85592 0.40353
-0.85530 0.40120
-0.85621 0.39688
-0.85526 0.39656
-0.85424 0.39425
-0.84521 0.38930
-0.84680 0.38802
-0.84642 0.38398
-0.84569 0.37969
-0.84265 0.37195
-0.84255 0.37176
-0.83806 0.36899
-0.82713 0.36382
-0.82684 0.36368
-0.82121 0.36121
-0.81991 0.35888
-0.81983 0.35771
-0.82125 0.35376
-0.82111 0.34988
-0.81916 0.34655
-0.81599 0.34194
-0.81275 0.33914
-0.80212 0.33320
-0.79883 0.33209
-0.79518 0.32984
-0.79418 0.32706
-0.79347 0.32394
-0.79035 0.32106
-0.78794 0.31725
-0.78301 0.31436
-0.77701 0.30554
-0.77684 0.30535
-0.77532 0.30288
-0.77128 0.29882
-0.77117 0.29872
-0.76995 0.29571
-0.76790 0.29191
-0.76530 0.28840
-0.76384 0.28572
-0.75694 0.28132
-0.75679 0.28119
-0.75233 0.27723
-0.74725 0.27549
-0.74420 0.27175
-0.74275 0.26895
-0.74057 0.26636
-0.73973 0.26480
-0.73672 0.26533
-0.73142 0.26292
-0.72814 0.25994
-0.72453 0.25655
-0.72289 0.25383
-0.71967 0.25130
-0.71708 0.24922
-0.71550 0.24772
-0.71251 0.24601
-0.71022 0.24250
-0.70719 0.23937
-0.70343 0.23596
-0.69987 0.23355
-0.69686 0.23149
-0.69355 0.22873
-0.69030 0.22609
-0.68768 0.22447
-0.68785 0.22032
-0.68594 0.21739
-0.68266 0.21560
-0.68007 0.21380
-0.67732 0.21013
-0.67431 0.20661
-0.67026 0.20411
-0.66633 0.20332
-0.66197 0.20298
-0.65775 0.20139
-0.65484 0.19813
-0.65387 0.19552
-0.65173 0.19459
-0.64992 0.19350
-0.64531 0.19016
-0.64181 0.18591
-0.63966 0.18242
-0.63669 0.17860
-0.63199 0.17710
-0.62732 0.17619
-0.62543 0.17259
-0.62441 0.17146
-0.62196 0.17018
-0.61947 0.16995
-0.61426 0.16782
-0.60949 0.16649
-0.60512 0.16472
-0.59876 0.16287
-0.59347 0.15909
-0.59161 0.15357
-0.59268 0.15173
-0.59434 0.14974
-0.59293 0.14707
-0.59056 0.14349
-0.58559 0.14139
-0.58018 0.14050
-0.57269 0.14040
-0.56798 0.14095
-0.56344 0.14083
-0.56032 0.13771
-0.55852 0.13525
-0.55574 0.13257
-0.55460 0.12985
-0.55264 0.12581
-0.55035 0.12497
-0.54832 0.12371
-0.54417 0.12307
-0.53870 0.12270
-0.53410 0.12246
-0.52934 0.11964
-0.52614 0.11599
-0.52404 0.11202
-0.52253 0.11001
-0.52022 0.10984
-0.51682 0.10819
-0.51516 0.10847
-0.51166 0.10795
-0.50609 0.10854
-0.50133 0.10714
-0.49594 0.10217
-0.49210 0.09908
-0.48773 0.09872
-0.48571 0.09665
-0.47845 0.09876
-0.47826 0.09879
-0.47457 0.09648
-0.47142 0.09428
-0.46809 0.09315
-0.46614 0.09025
-0.46280 0.08715
-0.45906 0.08395
-0.45483 0.08139
-0.44953 0.08027
-0.44366 0.08379
-0.44350 0.08383
-0.43981 0.08233
-0.43554 0.07588
-0.42739 0.07109
-0.42720 0.07096
-0.42534 0.07013
-0.42246 0.06763
-0.41564 0.06671
-0.41547 0.06668
-0.41097 0.06463
-0.40508 0.06194
-0.40410 0.06055
-0.40005 0.06266
-0.39271 0.06364
-0.39265 0.06338
-0.38975 0.06327
-0.38608 0.06003
-0.38356 0.05816
-0.38138 0.05662
-0.37645 0.05488
-0.37232 0.05394
-0.36958 0.05187
-0.36546 0.05000
-0.35461 0.04761
-0.35045 0.04510
-0.34657 0.04392
-0.34029 0.04101
-0.33993 0.04090
-0.33607 0.04057
-0.32530 0.03975
-0.32047 0.03655
-0.31540 0.03409
-0.30790 0.03119
-0.30579 0.02893
-0.29173 0.02627
-0.28436 0.02424
-0.27908 0.02276
-0.27713 0.02298
-0.27496 0.02275
-0.27353 0.02089
-0.26972 0.02172
-0.26958 0.02177
-0.26579 0.02200
-0.25678 0.02248
-0.25630 0.02248
-0.25070 0.01995
-0.24061 0.01503
-0.24036 0.01490
-0.23505 0.01350
-0.23044 0.01529
-0.22785 0.01626
-0.22393 0.01570
-0.21788 0.01434
-0.21169 0.01223
-0.20668 0.00955
-0.19217 0.00582
-0.18879 0.00672
-0.18623 0.00869
-0.18444 0.00758
-0.17782 0.00530
-0.17765 0.00527
-0.17555 0.00440
-0.17119 0.00493
-0.16488 0.00532
-0.15866 0.00554
-0.15425 0.00511
-0.15010 0.00391
-0.14798 0.00082
-0.14587 0.00130
-0.14279 0.00199
-0.13880 0.00128
-0.13315 -0.00070
-0.12850 0.00106
-0.12323 0.00329
-0.11785 0.00228
-0.11450 0.00025
-0.11178 -0.00236
-0.10851 -0.00274
-0.10565 -0.00332
-0.09971 -0.00218
-0.09673 -0.00113
-0.09254 0.00005
-0.08819 0.00038
-0.08345 0.00086
-0.07887 -0.00075
-0.07612 -0.00371
-0.07397 -0.00544
-0.07109 -0.00457
-0.06961 -0.00207
-0.06698 -0.00182
-0.06412 -0.00241
-0.05922 -0.00300
-0.05301 -0.00286
-0.04527 -0.00396
-0.04098 -0.00332
-0.03785 -0.00482
-0.03490 -0.00409
-0.03228 -0.00360
-0.03022 -0.00067
-0.03442 0.00045
-0.03782 0.00072
-0.03832 0.00053
-0.04070 -0.00102
-0.04119 -0.00148
-0.03894 -0.00208
-0.03480 -0.00202
-0.03123 -0.00300
-0.03045 -0.00288
-0.03169 -0.00316
-0.03692 -0.00497
-0.04177 -0.00563
-0.04271 -0.00491
-0.04186 -0.00407
-0.04087 -0.00363
-0.03940 -0.00287
-0.03845 -0.00346
-0.03916 -0.00315
-0.03674 0.00039
-0.03349 0.00107
-0.03278 0.00096
-0.03390 0.00059
-0.03422 -0.00247
-0.03522 -0.00432
-0.03771 -0.00353
-0.03989 -0.00218
-0.04306 -0.00574
-0.04182 -0.00478
-0.04098 -0.00750
-0.03627 -0.00560
-0.03451 -0.00278
-0.03599 -0.00216
-0.03652 -0.00155
-0.03802 -0.00157
-0.03788 -0.00246
-0.03734 -0.00402
-0.03784 -0.00301
-0.03857 -0.00244
-0.03879 -0.00263
