-0.00589 -0.00080
-0.00707 -0.00156
-0.00903 -0.00100
-0.01011 -0.00089
-0.01000 -0.00107
-0.00941 -0.00118
-0.00945 0.00024
-0.00815 0.00034
-0.00660 0.00121
-0.00859 0.00081
-0.00925 0.00063
-0.00892 -0.00030
-0.00741 0.00047
-0.00700 0.00037
-0.00731 0.00062
-0.00810 -0.00131
-0.00812 -0.00136
-0.00884 -0.00064
-0.00830 0.00055
-0.01014 -0.00011
-0.00965 -0.00223
-0.00905 -0.00233
-0.00839 0.00003
-0.00839 0.00008
-0.00829 0.00124
-0.00898 0.00064
-0.01011 -0.00019
-0.00814 -0.00108
-0.00812 -0.00110
-0.00741 -0.00150
-0.00793 -0.00173
-0.00844 -0.00054
-0.00999 0.00114
-0.01004 0.00117
-0.01010 0.00036
-0.00133 -0.00073
-0.00115 -0.00076
0.00371 -0.00155
0.01097 -0.00146
0.01535 -0.00142
0.02059 -0.00274
0.02672 -0.00084
0.03293 -0.00011
0.03597 0.00027
0.03609 0.00028
0.03895 0.00316
0.04212 0.00326
0.04661 0.00483
0.05483 0.00487
0.05503 0.00488
0.05745 0.00400
0.06053 0.00474
0.06347 0.00310
0.06723 0.00373
0.08512 0.00620
0.09004 0.00575
0.09482 0.00612
0.09492 0.00612
0.09772 0.00695
0.10109 0.00854
0.10321 0.00826
0.10682 0.00921
0.11077 0.00978
0.11537 0.01113
0.12055 0.01283
0.13074 0.01245
0.13471 0.01365
0.13880 0.01347
0.14436 0.01265
0.15039 0.01375
0.15430 0.01363
0.16068 0.01479
0.16428 0.01526
0.16632 0.01761
0.16763 0.02035
0.17134 0.02083
0.17142 0.02085
0.17604 0.02135
0.18072 0.02252
0.18602 0.02220
0.19033 0.02359
0.19401 0.02350
0.20154 0.02851
0.20736 0.02858
0.21143 0.02802
0.22182 0.03003
0.22918 0.03721
0.22936 0.03735
0.23511 0.03974
0.24167 0.03908
0.24349 0.03956
0.24464 0.04042
0.24652 0.04162
0.25191 0.04285
0.25985 0.04168
0.26004 0.04167
0.26215 0.04377
0.27856 0.04961
0.28147 0.05026
0.28477 0.05149
0.28770 0.05250
0.29160 0.05181
0.29481 0.05475
0.29858 0.05781
0.30141 0.05922
0.30447 0.06162
0.30830 0.06318
0.31196 0.06272
0.31531 0.06172
0.31876 0.06245
0.32321 0.06370
0.32820 0.06581
0.33296 0.06714
0.33753 0.06833
0.34054 0.07067
0.34377 0.07284
0.34600 0.07402
0.34800 0.07691
0.35060 0.07823
0.35430 0.07825
0.35802 0.07816
0.36289 0.07890
0.36827 0.07993
0.37376 0.08397
0.37716 0.08874
0.37932 0.09155
0.38246 0.09370
0.38467 0.09207
0.38733 0.09092
0.39075 0.09059
0.39534 0.09182
0.40000 0.09595
0.40320 0.09942
0.40487 0.10220
0.40790 0.10397
0.41251 0.10440
0.41720 0.10550
0.42159 0.10671
0.42463 0.10776
0.42684 0.11017
0.43071 0.11087
0.43383 0.11188
0.43434 0.11423
0.43766 0.11709
0.44153 0.11939
0.44530 0.12259
0.45110 0.12600
0.45554 0.12691
0.45963 0.12806
0.46453 0.13040
0.46752 0.13231
0.47108 0.13224
0.47416 0.13345
0.47680 0.13476
0.47916 0.13536
0.48000 0.13851
0.48236 0.14204
0.48644 0.14501
0.48792 0.14561
0.49111 0.14778
0.49608 0.14897
0.50208 0.14958
0.50641 0.15487
0.51145 0.15501
0.51388 0.15784
0.51658 0.16012
0.52010 0.16198
0.52178 0.16333
0.52396 0.16414
0.52690 0.16727
0.52938 0.17122
0.53315 0.17404
0.53604 0.17750
0.54234 0.18229
0.54629 0.18289
0.54965 0.18591
0.55126 0.18652
0.55183 0.18853
0.55143 0.19169
0.55429 0.19232
0.56006 0.19576
0.56185 0.19835
0.56769 0.20249
0.57393 0.20444
0.57694 0.20168
0.57985 0.20345
0.58315 0.20612
0.58654 0.20892
0.58965 0.21121
0.59286 0.21417
0.59523 0.21639
0.59719 0.21796
0.59874 0.22014
0.60231 0.22278
0.60611 0.22626
0.60902 0.22890
0.61207 0.23468
0.61643 0.23749
0.62042 0.23921
0.62262 0.24000
0.62506 0.24232
0.62766 0.24382
0.62963 0.24677
0.63289 0.24978
0.63542 0.25306
0.63855 0.25591
0.64236 0.25654
0.64520 0.25846
0.64743 0.25924
0.64944 0.26218
0.65071 0.26511
0.65301 0.27093
0.65678 0.27553
0.66313 0.27824
0.66831 0.28105
0.67268 0.28278
0.67567 0.28495
0.67578 0.28723
0.67715 0.29071
0.67768 0.29421
0.68007 0.29747
0.68312 0.30117
0.68789 0.30268
0.69232 0.30525
0.69677 0.30602
0.69925 0.30703
0.70011 0.31089
0.70227 0.31464
0.70350 0.31859
0.70604 0.32288
0.70906 0.32540
0.71179 0.32882
0.71469 0.32886
0.71634 0.32937
0.71901 0.33053
0.72238 0.33468
0.72418 0.33857
0.72740 0.34250
0.72990 0.34655
0.73182 0.34841
0.73479 0.34950
0.73741 0.35119
0.73963 0.35333
0.74149 0.35907
0.74463 0.36372
0.74743 0.36692
0.75195 0.36718
0.75501 0.37198
0.75672 0.37573
0.75719 0.37940
0.75714 0.38154
0.75919 0.38367
0.76272 0.38660
0.76707 0.39282
0.77134 0.39508
0.77459 0.39778
0.77667 0.39868
0.77980 0.39904
0.78124 0.40147
0.78185 0.40619
0.78313 0.41212
0.78581 0.41702
0.78849 0.42143
0.79092 0.42475
0.79334 0.42710
0.79658 0.42638
0.79962 0.42868
0.80269 0.43527
0.80278 0.43545
0.80549 0.43899
0.80591 0.44379
0.80768 0.44822
0.81091 0.45198
0.81338 0.45474
0.81780 0.45798
0.82023 0.46275
0.82273 0.46701
0.82578 0.46911
0.82726 0.47189
0.82806 0.47426
0.82860 0.47535
0.82888 0.47796
0.83073 0.48024
0.82966 0.48358
0.83175 0.48883
0.83602 0.49441
0.84062 0.50036
0.84500 0.50166
0.84757 0.50299
0.84931 0.50428
0.85133 0.50722
0.85215 0.51278
0.85318 0.51665
0.85444 0.52264
0.85644 0.52676
0.85877 0.52998
0.86278 0.52913
0.86539 0.53126
0.86793 0.53833
0.86799 0.53848
0.86930 0.54215
0.86992 0.54621
0.87586 0.55917
0.88340 0.56773
0.88467 0.56965
0.88549 0.57457
0.88639 0.57813
0.88647 0.58266
0.88884 0.58636
0.89143 0.59032
0.89367 0.59517
0.89593 0.59913
0.89713 0.60391
0.89973 0.60839
0.90634 0.61633
0.90632 0.61993
0.91098 0.62998
0.91121 0.63043
0.91162 0.63530
0.91211 0.64117
0.91484 0.64538
0.91492 0.64549
0.91773 0.64543
0.91913 0.64857
0.91520 0.65279
0.91514 0.65290
0.91564 0.65794
0.91683 0.66317
0.92916 0.67461
0.92999 0.67839
0.92924 0.69308
0.93144 0.69550
0.93352 0.69692
0.93806 0.70670
0.93774 0.71245
0.93782 0.71808
0.93910 0.72311
0.94218 0.72464
0.94312 0.72762
0.94239 0.73266
0.94238 0.73280
0.94375 0.73826
0.94456 0.74471
0.94643 0.74993
0.94794 0.75347
0.95013 0.75484
0.95099 0.75597
0.95298 0.75624
0.95297 0.75914
0.95265 0.76463
0.95206 0.77223
0.95309 0.77637
0.95714 0.78061
0.95966 0.78414
0.95976 0.78895
0.95910 0.79214
0.95871 0.79642
0.95826 0.79956
0.96092 0.80294
0.96476 0.80640
0.96735 0.81013
0.96683 0.81511
0.96635 0.81976
0.96584 0.82376
0.96637 0.82773
0.96958 0.83066
0.96979 0.83603
0.97072 0.84026
0.97135 0.84473
0.97339 0.84709
0.97405 0.84961
0.97497 0.85482
0.97457 0.85987
0.97437 0.86255
0.97430 0.86775
0.97551 0.87227
0.97685 0.87311
0.97735 0.87736
0.97626 0.87938
0.97658 0.88271
0.97669 0.88587
0.97806 0.89057
0.97915 0.89442
0.98108 0.90094
0.98129 0.90509
0.98024 0.91020
0.97987 0.91398
0.98199 0.91729
0.98318 0.92061
0.98344 0.92452
0.98394 0.92728
0.98405 0.93111
0.98337 0.93505
0.98239 0.94010
0.98269 0.94390
0.98386 0.94785
0.98485 0.95023
0.98452 0.95189
0.98420 0.95392
0.98281 0.95696
0.98501 0.96084
0.98707 0.96524
0.98772 0.96949
0.98871 0.97323
0.98769 0.97925
0.98774 0.98375
0.98526 0.98800
0.98660 0.99198
0.98685 0.99470
0.98776 0.99757
0.98825 1.00356
0.98675 1.01018
0.98891 1.01725
0.99041 1.01923
0.99072 1.02082
0.98949 1.02118
0.98708 1.02359
0.98678 1.02669
0.98514 1.03075
0.98388 1.03498
0.98540 1.03978
0.98754 1.04570
0.98941 1.04859
0.99021 1.05140
0.98923 1.05713
0.98797 1.06370
0.98764 1.07063
0.98798 1.07544
0.98640 1.07631
0.98554 1.07728
0.98302 1.07863
0.98390 1.08077
0.98378 1.08716
0.98586 1.09199
0.98545 1.09698
0.98471 1.10287
0.98426 1.10504
0.98674 1.10783
0.98478 1.11116
0.98266 1.11724
0.98237 1.12347
0.98402 1.12893
0.98441 1.13297
0.98477 1.13518
0.98400 1.13787
0.98473 1.14117
0.98264 1.14198
0.98221 1.14503
0.98141 1.14880
0.98106 1.15291
0.97985 1.15836
0.97924 1.16385
0.98026 1.16953
0.97933 1.17410
0.97724 1.17784
0.97577 1.18195
0.97645 1.18558
0.97675 1.19046
0.97623 1.19254
0.97536 1.19413
0.97494 1.19773
0.97419 1.20204
0.97190 1.20663
0.96993 1.21112
0.97055 1.21463
0.97029 1.21845
0.97023 1.22084
0.96998 1.22464
0.96952 1.23047
0.96969 1.23139
0.96584 1.23518
0.96515 1.23897
0.96381 1.24191
0.96389 1.24548
0.96216 1.24974
0.96179 1.25663
0.96348 1.26154
0.96318 1.26537
0.96188 1.26882
0.95973 1.26998
0.95989 1.27130
0.95765 1.27693
0.95587 1.27999
0.95466 1.28354
0.95433 1.28888
0.95302 1.29256
0.95174 1.29564
0.94989 1.29934
0.94741 1.30242
0.94710 1.30429
0.94671 1.30792
0.94872 1.31336
0.94615 1.31854
0.94307 1.32391
0.94286 1.32768
0.94304 1.33102
0.94269 1.33205
0.93876 1.33476
0.93739 1.34157
0.93734 1.34171
0.93484 1.34731
0.93438 1.34524
0.93405 1.34980
0.93265 1.34918
0.93164 1.35145
0.93104 1.35401
0.92896 1.36076
0.92746 1.36789
0.92329 1.38795
0.92196 1.38853
0.92036 1.39154
0.91997 1.39154
0.91676 1.39436
0.91378 1.39696
0.90933 1.39971
0.90655 1.40390
0.90726 1.41177
0.90592 1.42005
0.90395 1.43342
0.90389 1.43376
0.90096 1.43796
0.89985 1.44183
0.89856 1.44432
0.89861 1.44830
0.89764 1.45203
0.89637 1.45555
0.89253 1.45690
0.89073 1.45801
0.88609 1.46086
0.88597 1.46091
0.88452 1.46506
0.88456 1.46999
0.88139 1.48762
0.87796 1.49397
0.87618 1.49637
0.87199 1.49974
0.86742 1.51171
0.86724 1.51197
0.86712 1.51325
0.86511 1.51543
0.86107 1.51856
0.85751 1.52198
0.85565 1.52629
0.85441 1.53080
0.85338 1.53730
0.85273 1.54272
0.84971 1.54902
0.84966 1.54920
0.84648 1.55204
0.84381 1.55521
0.83954 1.55721
0.83689 1.55935
0.83546 1.56295
0.83537 1.56720
0.83546 1.57256
0.83346 1.57754
0.83102 1.58238
0.82708 1.58564
0.82269 1.59106
0.82259 1.59119
0.82132 1.59087
0.81883 1.59056
0.81629 1.59531
0.80992 1.60498
0.80980 1.60521
0.80644 1.61025
0.80528 1.61431
0.80428 1.61787
0.80465 1.62037
0.80377 1.62318
0.80154 1.62341
0.79407 1.63561
0.79138 1.63855
0.78717 1.63946
0.78402 1.64201
0.78046 1.64618
0.77784 1.64993
0.77459 1.65202
0.77710 1.65399
0.77712 1.65568
0.77248 1.66081
0.77050 1.66617
0.76729 1.67078
0.76429 1.67449
0.76139 1.68009
0.75683 1.68258
0.75492 1.68587
0.75305 1.68871
0.74731 1.69226
0.74402 1.69566
0.74236 1.69948
0.74066 1.70217
0.73877 1.70433
0.73536 1.70806
0.73107 1.71161
0.72664 1.71615
0.72425 1.72026
0.72248 1.72331
0.72189 1.72612
0.71989 1.72693
0.71751 1.72657
0.71509 1.72496
0.71134 1.72754
0.70988 1.72999
0.70844 1.73341
0.70466 1.73724
0.70235 1.74082
0.69702 1.74535
0.69274 1.75172
0.68969 1.75860
0.68823 1.76227
0.68805 1.76444
0.68762 1.76564
0.68331 1.76700
0.67727 1.76719
0.67118 1.76673
0.66949 1.76607
0.66844 1.76952
0.66720 1.77308
0.66651 1.77754
0.66413 1.78291
0.66039 1.78767
0.65508 1.79026
0.65041 1.79132
0.64850 1.79289
0.64741 1.79335
0.64610 1.79713
0.64484 1.80189
0.64135 1.80475
0.63723 1.80456
0.63306 1.80558
0.62842 1.80770
0.62397 1.81184
0.62034 1.81624
0.61633 1.81936
0.61512 1.82228
0.61442 1.82660
0.61328 1.82836
0.61040 1.83188
0.60533 1.83462
0.60218 1.83660
0.59905 1.83882
0.59863 1.84119
0.59526 1.84425
0.59209 1.84549
0.58956 1.84617
0.58471 1.84688
0.58035 1.84794
0.57815 1.85295
0.57553 1.85647
0.57369 1.86350
0.57096 1.86749
0.56568 1.87040
0.56000 1.87118
0.55761 1.87156
0.55527 1.87378
0.55344 1.87569
0.55088 1.87658
0.54913 1.87815
0.54421 1.88059
0.54084 1.87961
0.53558 1.87982
0.53127 1.88132
0.52804 1.88429
0.52537 1.88656
0.52384 1.89045
0.52093 1.89338
0.51509 1.89664
0.50978 1.89947
0.50813 1.90234
0.50763 1.90355
0.50502 1.90527
0.50178 1.90593
0.49716 1.90585
0.49010 1.90755
0.48518 1.91001
0.48156 1.91255
0.47989 1.91347
0.47754 1.91653
0.47630 1.92012
0.47434 1.92290
0.47028 1.92394
0.46501 1.92490
0.46180 1.92619
0.45902 1.92588
0.45604 1.92778
0.45231 1.92908
0.44945 1.92935
0.44642 1.93331
0.44302 1.93731
0.43770 1.94078
0.43206 1.94210
0.42770 1.94107
0.42758 1.94383
0.42814 1.94764
0.42251 1.94849
0.41778 1.94994
0.41205 1.95087
0.40712 1.95410
0.40575 1.95693
0.40356 1.95736
0.40354 1.95668
0.39887 1.95684
0.39286 1.95861
0.38925 1.96257
0.38532 1.96566
0.38314 1.96923
0.38020 1.97105
0.37471 1.97073
0.37058 1.97207
0.36705 1.97282
0.36432 1.97429
0.36137 1.97668
0.35921 1.97936
0.35433 1.98080
0.35062 1.98195
0.34704 1.98202
0.34398 1.98396
0.34069 1.98522
0.33592 1.98698
0.33166 1.98757
0.32890 1.98778
0.32599 1.98987
0.32216 1.99191
0.31882 1.99441
0.31438 1.99647
0.30940 1.99699
0.30654 1.99770
0.30387 2.00079
0.29102 2.00732
0.28090 2.00603
0.28064 2.00603
0.27313 2.01066
0.26889 2.01201
0.26225 2.01589
0.26209 2.01599
0.25845 2.01679
0.25404 2.02034
0.25103 2.02000
0.24746 2.01864
0.24319 2.01865
0.23873 2.01844
0.23393 2.01904
0.23220 2.02251
0.23035 2.02624
0.22478 2.02878
0.21922 2.02927
0.21469 2.02828
0.21150 2.02922
0.20656 2.02745
0.20656 2.02745
0.20016 2.02921
0.19834 2.02947
0.19438 2.03058
0.18905 2.03090
0.18298 2.03232
0.17391 2.03666
0.17368 2.03678
0.17019 2.03933
0.16829 2.04115
0.16620 2.04096
0.16424 2.03950
0.16001 2.03638
0.15640 2.03512
0.15346 2.03474
0.14988 2.03694
0.14602 2.04003
0.13976 2.04335
0.13643 2.04420
0.13110 2.04424
0.12752 2.04489
0.12384 2.04556
0.11868 2.04556
0.11622 2.04679
0.11300 2.04874
0.10793 2.04997
0.10402 2.05009
0.10130 2.04917
0.09808 2.04874
0.09515 2.04801
0.09094 2.04691
0.08609 2.04806
0.08180 2.04806
0.07928 2.05038
0.07610 2.05387
0.07147 2.05696
0.06756 2.05726
0.06315 2.05572
0.05914 2.05334
0.05519 2.05366
0.05175 2.05226
0.04687 2.05323
0.04256 2.05366
0.03795 2.05331
0.03320 2.05295
0.03054 2.05656
0.02679 2.05797
0.01791 2.05921
0.01208 2.05672
0.00628 2.05403
-0.00361 2.05447
-0.00361 2.05447
-0.00507 2.05698
-0.00783 2.05722
-0.01052 2.05739
-0.01671 2.05549
-0.02070 2.05482
-0.02594 2.05708
-0.02918 2.05812
-0.03113 2.05891
-0.03415 2.05833
-0.03839 2.05785
-0.04329 2.05776
-0.04798 2.05825
-0.05286 2.05946
-0.05728 2.05894
-0.05983 2.05898
-0.06216 2.05904
-0.06569 2.05995
-0.06851 2.06039
-0.07226 2.06099
-0.07802 2.06187
-0.08213 2.06127
-0.08537 2.05782
-0.08918 2.05568
-0.09278 2.05719
-0.09654 2.05923
-0.09992 2.06030
-0.10399 2.06040
-0.10834 2.05722
-0.11244 2.05303
-0.11701 2.05076
-0.12238 2.05046
-0.12808 2.05270
-0.13202 2.05667
-0.13531 2.05541
-0.13873 2.05455
-0.14154 2.05316
-0.14564 2.05163
-0.14981 2.04839
-0.15299 2.04775
-0.15638 2.04769
-0.16093 2.04914
-0.16307 2.05038
-0.16677 2.04974
-0.17263 2.04895
-0.17748 2.04945
-0.18351 2.04852
-0.18750 2.04808
-0.18869 2.04772
-0.19057 2.04625
-0.19313 2.04319
-0.19384 2.04211
-0.19992 2.04251
-0.20501 2.04408
-0.21095 2.04683
-0.21798 2.04752
-0.22268 2.04728
-0.22546 2.04482
-0.22932 2.04090
-0.23288 2.03629
-0.23602 2.03524
-0.24124 2.03398
-0.24532 2.03593
-0.24909 2.03722
-0.25248 2.03765
-0.25587 2.03509
-0.25935 2.03391
-0.26278 2.03190
-0.26626 2.03009
-0.27010 2.02898
-0.27321 2.02949
-0.27742 2.02942
-0.28146 2.03028
-0.28669 2.03053
-0.29078 2.02896
-0.29354 2.02653
-0.29609 2.02419
-0.29828 2.02349
-0.30329 2.02131
-0.30824 2.02029
-0.31299 2.02041
-0.31923 2.01945
-0.32272 2.01805
-0.32585 2.01779
-0.32838 2.01723
-0.32922 2.01838
-0.33145 2.01885
-0.33727 2.01775
-0.34074 2.01606
-0.34494 2.01261
-0.34750 2.00799
-0.35138 2.00533
-0.35521 2.00406
-0.35837 2.00409
-0.36055 2.00365
-0.36434 2.00396
-0.36900 2.00406
-0.37175 2.00461
-0.37642 2.00130
-0.38095 1.99677
-0.38321 1.99539
-0.38756 1.99542
-0.39184 1.99727
-0.39664 1.99646
-0.40279 1.99373
-0.40729 1.98941
-0.40935 1.98953
-0.41092 1.98860
-0.41188 1.98790
-0.41490 1.98521
-0.41907 1.98153
-0.42235 1.97896
-0.42797 1.98011
-0.43317 1.98098
-0.43801 1.98073
-0.44242 1.97861
-0.44433 1.97792
-0.44563 1.97526
-0.44960 1.96827
-0.45426 1.96643
-0.45835 1.96420
-0.46123 1.96651
-0.46389 1.96683
-0.46656 1.96599
-0.46790 1.96194
-0.47133 1.95892
-0.47628 1.95747
-0.48160 1.95617
-0.48452 1.95396
-0.48785 1.95211
-0.49148 1.95108
-0.49513 1.95128
-0.49910 1.95191
-0.50442 1.94924
-0.50742 1.94767
-0.51039 1.94474
-0.51151 1.94173
-0.51350 1.93851
-0.51728 1.93515
-0.52133 1.93397
-0.52646 1.93248
-0.53104 1.93126
-0.53480 1.93165
-0.53896 1.92871
-0.54281 1.92594
-0.55040 1.91909
-0.55445 1.91735
-0.55771 1.91583
-0.56774 1.91039
-0.57154 1.90885
-0.57568 1.90596
-0.58011 1.90341
-0.58421 1.90227
-0.59202 1.89828
-0.59221 1.89819
-0.59405 1.89618
-0.59398 1.89403
-0.59811 1.88499
-0.59811 1.88499
-0.60229 1.88292
-0.60696 1.88187
-0.60898 1.88019
-0.61103 1.88022
-0.61332 1.87828
-0.61762 1.87690
-0.62313 1.87432
-0.62851 1.87288
-0.63358 1.87177
-0.63662 1.86893
-0.64005 1.86412
-0.64015 1.86401
-0.64051 1.86185
-0.64314 1.85856
-0.64533 1.85520
-0.64987 1.85157
-0.65481 1.84631
-0.65902 1.84169
-0.66606 1.84040
-0.66626 1.84038
-0.66843 1.84140
-0.67253 1.84307
-0.67890 1.83646
-0.67907 1.83630
-0.68002 1.83185
-0.67886 1.82590
-0.68224 1.82004
-0.68843 1.81769
-0.69329 1.81805
-0.69800 1.81797
-0.69801 1.81793
-0.70027 1.81673
-0.70794 1.80639
-0.71052 1.80206
-0.71685 1.79738
-0.71945 1.79638
-0.72233 1.79429
-0.72842 1.79107
-0.72842 1.79107
-0.73203 1.78593
-0.73619 1.78210
-0.73853 1.78064
-0.74048 1.78033
-0.74270 1.77626
-0.74522 1.77390
-0.75005 1.77119
-0.75503 1.76808
-0.75503 1.76808
-0.75650 1.76392
-0.76117 1.75921
-0.76129 1.75912
-0.76473 1.75640
-0.76906 1.75218
-0.77164 1.74778
-0.77528 1.74463
-0.77781 1.74326
-0.78104 1.74197
-0.78395 1.74124
-0.78692 1.73860
-0.78705 1.73618
-0.78782 1.73191
-0.78926 1.72856
-0.79163 1.72513
-0.79353 1.72084
-0.79713 1.71795
-0.79958 1.71487
-0.80334 1.71152
-0.81394 1.70901
-0.81693 1.70666
-0.81916 1.70285
-0.82267 1.69825
-0.82412 1.69296
-0.82588 1.68805
-0.82785 1.68466
-0.83037 1.68366
-0.83198 1.68105
-0.83567 1.67597
-0.83785 1.67103
-0.83849 1.66750
-0.84068 1.66477
-0.84269 1.66453
-0.84638 1.66370
-0.85066 1.66075
-0.85302 1.65830
-0.85487 1.65308
-0.85847 1.64695
-0.86103 1.64291
-0.86515 1.64248
-0.86556 1.63918
-0.86849 1.63684
-0.86899 1.63529
-0.86818 1.63341
-0.86900 1.63003
-0.87251 1.62329
-0.87750 1.61885
-0.87928 1.61621
-0.88103 1.61354
-0.88490 1.61032
-0.88601 1.60532
-0.88770 1.60200
-0.88952 1.59999
-0.89219 1.59756
-0.89415 1.59580
-0.89801 1.59410
-0.90197 1.59067
-0.90481 1.58719
-0.90734 1.58401
-0.90826 1.58150
-0.90799 1.57952
-0.90648 1.57569
-0.90729 1.57056
-0.90997 1.56426
-0.91386 1.55865
-0.91776 1.55538
-0.92092 1.55349
-0.92279 1.55285
-0.92409 1.55110
-0.92366 1.54842
-0.92561 1.54411
-0.92834 1.54097
-0.93065 1.53512
-0.93302 1.53036
-0.93382 1.52823
-0.93719 1.52670
-0.94101 1.52590
-0.94357 1.52337
-0.94327 1.51894
-0.94457 1.51456
-0.94665 1.50911
-0.94864 1.50587
-0.94948 1.50067
-0.95176 1.49749
-0.95259 1.49346
-0.95427 1.49140
-0.95539 1.49154
-0.95769 1.48906
-0.96039 1.48553
-0.96157 1.48121
-0.96544 1.47636
-0.96702 1.47266
-0.96817 1.47070
-0.97012 1.46335
-0.97243 1.45735
-0.97310 1.45355
-0.97340 1.44968
-0.97425 1.44940
-0.97955 1.44878
-0.98118 1.44700
-0.98295 1.44215
-0.98117 1.43626
-0.98251 1.43284
-0.98425 1.42824
-0.98605 1.42546
-0.98722 1.42265
-0.98957 1.41987
-0.99133 1.41737
-0.99150 1.41426
-0.99236 1.41015
-0.99460 1.40531
-0.99603 1.39930
-0.99875 1.39474
-0.99986 1.39052
-1.00141 1.38704
-1.00170 1.38422
-1.00207 1.38242
-1.00345 1.37951
-1.00368 1.37457
-1.00544 1.36875
-1.00479 1.36412
-1.00563 1.35910
-1.00838 1.35407
-1.01095 1.34961
-1.01389 1.34820
-1.01635 1.34704
-1.01872 1.34647
-1.01925 1.34239
-1.01987 1.33852
-1.01877 1.33118
-1.01915 1.32012
-1.01916 1.31984
-1.02273 1.31561
-1.02215 1.31122
-1.02281 1.30827
-1.02553 1.30679
-1.03233 1.30505
-1.03247 1.30499
-1.03020 1.30329
-1.03107 1.29487
-1.03110 1.29450
-1.03308 1.28883
-1.03471 1.28471
-1.03676 1.27425
-1.03682 1.27400
-1.03826 1.26720
-1.03798 1.26258
-1.03934 1.25871
-1.04172 1.25804
-1.04305 1.25721
-1.04379 1.24401
-1.04378 1.24374
-1.04331 1.23757
-1.04330 1.23105
-1.04483 1.22641
-1.04740 1.22222
-1.05046 1.21367
-1.05033 1.20981
-1.04849 1.20658
-1.04857 1.20107
-1.05397 1.18460
-1.05654 1.18259
-1.05973 1.17960
-1.05973 1.17960
-1.05838 1.17709
-1.05617 1.16185
-1.06428 1.15263
-1.06639 1.14882
-1.06470 1.14577
-1.06248 1.14273
-1.06040 1.13862
-1.06058 1.13443
-1.06423 1.12925
-1.06574 1.12539
-1.06643 1.12097
-1.06615 1.11700
-1.06502 1.11160
-1.06501 1.10836
-1.06489 1.10497
-1.06645 1.10246
-1.06700 1.09861
-1.06558 1.09489
-1.06452 1.08973
-1.06573 1.08521
-1.06692 1.08043
-1.06928 1.07690
-1.07141 1.07292
-1.07132 1.06899
-1.06933 1.06514
-1.06873 1.06236
-1.06864 1.06104
-1.07008 1.05702
-1.07054 1.04781
-1.07056 1.04759
-1.06820 1.04367
-1.06807 1.03982
-1.06746 1.03446
-1.06886 1.02026
-1.06928 1.01987
-1.06888 1.01768
-1.06782 1.01234
-1.06397 1.00261
-1.06388 1.00236
-1.06530 0.99697
-1.06553 0.99309
-1.06628 0.98788
-1.06764 0.98373
-1.06643 0.97584
-1.06641 0.97564
-1.06671 0.97103
-1.06470 0.96107
-1.06452 0.95731
-1.06533 0.95240
-1.06551 0.94953
-1.06567 0.94642
-1.06459 0.94314
-1.06403 0.93758
-1.06332 0.93293
-1.06120 0.92777
-1.05981 0.92261
-1.05781 0.91771
-1.05692 0.91220
-1.05582 0.90715
-1.05680 0.90424
-1.05941 0.90021
-1.06117 0.89914
-1.06182 0.89771
-1.06177 0.89618
-1.05978 0.89396
-1.05506 0.88675
-1.05503 0.88079
-1.05443 0.87419
-1.05594 0.86965
-1.05439 0.86330
-1.05473 0.86006
-1.05379 0.85681
-1.05375 0.85743
-1.05171 0.85380
-1.04984 0.85214
-1.04906 0.84912
-1.05052 0.84723
-1.05033 0.84236
-1.04921 0.83747
-1.04521 0.83235
-1.04315 0.82995
-1.04219 0.82301
-1.04119 0.82004
-1.04593 0.81368
-1.04789 0.81137
-1.04566 0.80626
-1.04314 0.80173
-1.03885 0.79704
-1.03757 0.79206
-1.03763 0.78882
-1.03851 0.78377
-1.03727 0.78311
-1.03591 0.78105
-1.03146 0.77918
-1.03079 0.77684
-1.02919 0.77419
-1.02816 0.77085
-1.02715 0.76627
-1.02867 0.76162
-1.02892 0.75460
-1.03187 0.74727
-1.03096 0.74282
-1.02791 0.74043
-1.02667 0.73725
-1.02104 0.73509
-1.01879 0.73139
-1.01814 0.72673
-1.01821 0.72291
-1.01816 0.72148
-1.01693 0.72052
-1.01609 0.71746
-1.01476 0.71209
-1.01406 0.70389
-1.01407 0.69799
-1.01392 0.69177
-1.01288 0.68908
-1.01129 0.68489
-1.00904 0.68369
-1.00758 0.68082
-1.00763 0.67554
-1.00534 0.67302
-1.00130 0.67098
-1.00044 0.66752
-0.99931 0.66443
-0.99806 0.66036
-0.99723 0.65701
-0.99729 0.65368
-0.99692 0.64958
-0.99628 0.64508
-0.99503 0.64142
-0.99296 0.63868
-0.98971 0.63369
-0.99013 0.63121
-0.98744 0.62829
-0.98474 0.62434
-0.98188 0.61938
-0.98001 0.61468
-0.97727 0.60706
-0.97505 0.60111
-0.97611 0.59371
-0.97432 0.59350
-0.97453 0.58994
-0.97401 0.58838
-0.97403 0.58836
-0.97226 0.58637
-0.97058 0.58417
-0.96858 0.58120
-0.96619 0.57542
-0.96444 0.56929
-0.96497 0.56594
-0.96166 0.55952
-0.95935 0.55621
-0.95739 0.55436
-0.95441 0.54987
-0.95043 0.55099
-0.94811 0.55081
-0.94555 0.54369
-0.94674 0.54031
-0.94650 0.53404
-0.94362 0.53125
-0.94138 0.52849
-0.93850 0.52635
-0.93564 0.52401
-0.93512 0.52121
-0.93422 0.51816
-0.93146 0.51252
-0.92917 0.50492
-0.92543 0.49651
-0.92447 0.48952
-0.92371 0.48696
-0.92227 0.48557
-0.92066 0.48628
-0.91331 0.48187
-0.91314 0.48179
-0.90810 0.48047
-0.90708 0.47869
-0.90638 0.47157
-0.90848 0.46561
-0.90947 0.45989
-0.90776 0.45656
-0.90462 0.45336
-0.89226 0.44602
-0.89094 0.44371
-0.89044 0.44001
-0.88762 0.42767
-0.88756 0.42738
-0.88454 0.42317
-0.87659 0.41918
-0.87640 0.41905
-0.87418 0.42010
-0.86675 0.41470
-0.86395 0.41064
-0.86540 0.39819
-0.86540 0.39819
-0.86242 0.39057
-0.85937 0.38769
-0.85515 0.38626
-0.85261 0.38487
-0.85155 0.38356
-0.85012 0.38261
-0.84462 0.37883
-0.84451 0.37871
-0.84121 0.37407
-0.83810 0.37028
-0.83493 0.36538
-0.83146 0.35977
-0.83027 0.35571
-0.82976 0.35283
-0.82786 0.35045
-0.82507 0.34997
-0.82199 0.34900
-0.81418 0.33902
-0.81280 0.33550
-0.81099 0.33297
-0.80894 0.33070
-0.80632 0.32781
-0.80315 0.32545
-0.79299 0.31207
-0.79081 0.30827
-0.78974 0.30440
-0.79101 0.30284
-0.77805 0.29551
-0.77344 0.29394
-0.77061 0.29249
-0.76975 0.29082
-0.76604 0.28653
-0.76377 0.28267
-0.76168 0.27767
-0.75940 0.27351
-0.75113 0.27372
-0.75230 0.27437
-0.74967 0.27272
-0.73726 0.26624
-0.73404 0.25825
-0.73394 0.25806
-0.73387 0.25326
-0.73150 0.25070
-0.72920 0.24686
-0.72527 0.24455
-0.72179 0.24351
-0.71769 0.24335
-0.71552 0.24444
-0.71281 0.24238
-0.71079 0.24028
-0.70954 0.23627
-0.70665 0.23057
-0.70212 0.22696
-0.69810 0.22333
-0.69542 0.22163
-0.69253 0.22000
-0.68762 0.21805
-0.68400 0.21564
-0.68134 0.21354
-0.68008 0.21107
-0.67625 0.21055
-0.67331 0.20993
-0.67278 0.20892
-0.66965 0.20493
-0.66644 0.20110
-0.66309 0.19586
-0.65718 0.19378
-0.65578 0.19008
-0.65276 0.18931
-0.65279 0.18812
-0.65053 0.18417
-0.64854 0.17973
-0.64240 0.17688
-0.63924 0.17545
-0.63618 0.17602
-0.63322 0.17551
-0.63072 0.17920
-0.62655 0.17802
-0.62294 0.17572
-0.61926 0.17026
-0.61566 0.16472
-0.61368 0.16009
-0.60886 0.15965
-0.60596 0.15845
-0.60278 0.15589
-0.59881 0.15576
-0.59339 0.15233
-0.59006 0.14934
-0.58574 0.14654
-0.58395 0.14555
-0.58165 0.14388
-0.58032 0.14383
-0.57671 0.14113
-0.57333 0.14154
-0.56986 0.13976
-0.56753 0.13754
-0.56330 0.13560
-0.55938 0.13240
-0.55478 0.13035
-0.55233 0.12616
-0.55119 0.12354
-0.54806 0.11977
-0.54416 0.12039
-0.54054 0.11832
-0.53753 0.11994
-0.53560 0.11888
-0.53297 0.11888
-0.52771 0.11960
-0.52317 0.11971
-0.51823 0.11852
-0.51540 0.11347
-0.51273 0.10818
-0.50907 0.10263
-0.50659 0.10033
-0.50389 0.09893
-0.49905 0.09980
-0.49698 0.09866
-0.49461 0.09999
-0.49165 0.09888
-0.49049 0.09788
-0.48701 0.09658
-0.48254 0.09567
-0.47730 0.09552
-0.47355 0.09013
-0.46950 0.08596
-0.46686 0.08196
-0.46367 0.07946
-0.45916 0.07929
-0.45323 0.08120
-0.44923 0.07879
-0.44610 0.07632
-0.44570 0.07124
-0.44572 0.07129
-0.44083 0.06851
-0.43561 0.07165
-0.42853 0.07181
-0.42403 0.07049
-0.41954 0.06773
-0.41637 0.06447
-0.41283 0.06180
-0.41027 0.06087
-0.40797 0.06023
-0.40635 0.05871
-0.40403 0.05828
-0.39940 0.06005
-0.39555 0.05667
-0.38967 0.05455
-0.38645 0.05297
-0.38432 0.05245
-0.38126 0.04992
-0.37728 0.04730
-0.37395 0.04562
-0.36971 0.04519
-0.36577 0.04462
-0.36179 0.04138
-0.35778 0.03944
-0.35478 0.03894
-0.35253 0.03959
-0.34624 0.03881
-0.34042 0.03691
-0.33667 0.03673
-0.33303 0.03440
-0.33001 0.03120
-0.32875 0.02966
-0.32689 0.02948
-0.31126 0.02910
-0.30782 0.02786
-0.30506 0.02388
-0.30496 0.02379
-0.30157 0.02344
-0.29746 0.02338
-0.29274 0.02266
-0.28800 0.02438
-0.28518 0.02296
-0.28332 0.02245
-0.26885 0.01811
-0.26068 0.01407
-0.25140 0.01427
-0.25117 0.01426
-0.24778 0.01432
-0.24263 0.01299
-0.23866 0.01128
-0.23508 0.01020
-0.22741 0.00826
-0.22722 0.00819
-0.22305 0.00798
-0.22066 0.00809
-0.21687 0.00699
-0.21678 0.00698
-0.21291 0.00613
-0.20798 0.00704
-0.20410 0.00627
-0.19798 0.00493
-0.19192 0.00566
-0.18344 0.00389
-0.18323 0.00384
-0.18141 0.00182
-0.17399 0.00093
-0.17379 0.00093
-0.16978 0.00162
-0.16668 0.00142
-0.16268 0.00116
-0.15755 0.00147
-0.15176 -0.00066
-0.15021 -0.00364
-0.14720 -0.00140
-0.14201 -0.00063
-0.13761 0.00002
-0.13453 0.00064
-0.13197 -0.00109
-0.12733 -0.00235
-0.12360 -0.00454
-0.11955 -0.00390
-0.11477 -0.00488
-0.11094 -0.00794
-0.10908 -0.00892
-0.10576 -0.00768
-0.10251 -0.00589
-0.09962 -0.00121
-0.09614 -0.00359
-0.09133 -0.00490
-0.08329 -0.00535
-0.07377 -0.00604
-0.07357 -0.00605
-0.07080 -0.00723
-0.06609 -0.00659
-0.06597 -0.00660
-0.06360 -0.00696
-0.06066 -0.00575
-0.05637 -0.00527
-0.04710 -0.00593
-0.04688 -0.00595
-0.04216 -0.00640
-0.03708 -0.00652
-0.03210 -0.00600
-0.02737 -0.00510
-0.02337 -0.00502
-0.02336 -0.00296
-0.03065 -0.00225
-0.03952 -0.00374
-0.04057 -0.00515
-0.03975 -0.00833
-0.03509 -0.01017
-0.02894 -0.00729
-0.02882 -0.00720
-0.03069 -0.00497
-0.03248 -0.00239
-0.03783 -0.00229
-0.03793 -0.00229
-0.03746 -0.00718
-0.03687 -0.00814
-0.03526 -0.00687
-0.03205 -0.00605
-0.03145 -0.00435
-0.03205 -0.00480
-0.03217 -0.00436
-0.03420 -0.00592
-0.03549 -0.00802
-0.03527 -0.00680
-0.03374 -0.00696
-0.03221 -0.00738
-0.03368 -0.00661
-0.03295 -0.00500
-0.03151 -0.00508
-0.03124 -0.00428
-0.03192 -0.00312
-0.03323 -0.00593
-0.03571 -0.00803
-0.03279 -0.00656
-0.03205 -0.00539
-0.03364 -0.00750
-0.03483 -0.00582
-0.03411 -0.00327
-0.03620 -0.00400
-0.03753 -0.00545
-0.03568 -0.00745
-0.03501 -0.00752
-0.03535 -0.00863
-0.03536 -0.00897
-0.03515 -0.00768
