-0.00801 -0.00076
-0.00800 -0.00069
-0.00823 -0.00067
-0.00823 -0.00066
-0.00734 -0.00473
-0.00537 -0.00423
-0.00528 -0.00303
-0.00577 -0.00199
-0.00585 -0.00236
-0.00861 -0.00288
-0.01022 -0.00248
-0.01140 -0.00130
-0.00767 -0.00228
-0.00568 -0.00423
-0.00550 -0.00425
-0.00686 -0.00282
-0.00831 -0.00248
-0.01103 -0.00277
-0.01127 -0.00301
-0.00992 -0.00296
-0.00593 -0.00099
-0.00668 -0.00280
-0.00858 -0.00437
-0.01143 -0.00413
-0.01156 -0.00320
-0.01074 -0.00277
-0.00798 -0.00298
-0.00627 -0.00410
-0.00522 -0.00571
-0.00637 -0.00329
-0.00663 -0.00202
-0.00774 -0.00104
-0.00917 -0.00161
-0.00916 -0.00103
-0.00687 -0.00336
-0.00625 -0.00393
-0.00740 -0.00521
-0.00707 -0.00778
-0.00408 -0.00569
-0.00057 -0.00322
0.00487 -0.00306
0.00838 -0.00279
0.01430 -0.00346
0.01783 -0.00353
0.02249 -0.00219
0.02654 -0.00258
0.02765 -0.00183
0.03204 0.00172
0.03571 0.00155
0.03951 0.00035
0.04522 0.00067
0.04943 0.00047
0.05633 0.00162
0.06078 0.00330
0.06394 0.00458
0.06806 0.00300
0.06965 0.00247
0.07319 0.00395
0.07669 0.00406
0.08052 0.00272
0.08571 0.00422
0.08947 0.00471
0.09218 0.00582
0.09476 0.00650
0.09769 0.00587
0.10098 0.00647
0.10417 0.00788
0.10768 0.00876
0.11199 0.00906
0.11609 0.00852
0.11999 0.00897
0.12587 0.00827
0.12989 0.00916
0.13345 0.01130
0.13675 0.01066
0.14099 0.01215
0.14490 0.01408
0.14809 0.01472
0.15276 0.01453
0.15623 0.01522
0.15984 0.01547
0.16477 0.01814
0.16901 0.01886
0.17416 0.02150
0.17820 0.02268
0.18111 0.02295
0.18375 0.02148
0.18454 0.02096
0.18678 0.02291
0.18978 0.02457
0.19278 0.02567
0.19615 0.02716
0.20145 0.02751
0.20605 0.02751
0.21024 0.02884
0.21614 0.02963
0.22042 0.03220
0.22446 0.03346
0.22837 0.03574
0.23066 0.03531
0.23383 0.03586
0.23502 0.03667
0.23581 0.03591
0.23982 0.03720
0.24432 0.03873
0.25072 0.04151
0.25679 0.04325
0.26115 0.04344
0.26458 0.04360
0.26711 0.04442
0.27161 0.04516
0.27374 0.04634
0.27548 0.04850
0.27855 0.04908
0.28169 0.05003
0.28598 0.05368
0.29053 0.05410
0.29537 0.05271
0.30124 0.05638
0.30589 0.06170
0.31025 0.06105
0.31060 0.05929
0.31191 0.05944
0.31540 0.06118
0.32212 0.06403
0.32625 0.06585
0.33025 0.06745
0.33433 0.06803
0.33809 0.06867
0.34177 0.07098
0.35039 0.07366
0.35063 0.07372
0.35340 0.07585
0.35595 0.07879
0.35788 0.08111
0.36020 0.08285
0.36414 0.08391
0.37980 0.08379
0.38078 0.08636
0.38214 0.08934
0.38375 0.09182
0.38729 0.09213
0.39678 0.09484
0.39701 0.09491
0.40082 0.09877
0.40470 0.10200
0.40987 0.10411
0.41433 0.10656
0.41753 0.10742
0.42434 0.11032
0.42706 0.10781
0.43211 0.10955
0.43699 0.11311
0.44305 0.11631
0.45378 0.12651
0.45360 0.12870
0.46125 0.12916
0.46142 0.12919
0.46611 0.12973
0.47231 0.13305
0.47609 0.13505
0.47810 0.13765
0.48052 0.13980
0.48520 0.14178
0.48919 0.14560
0.49234 0.14821
0.49365 0.14799
0.49365 0.14799
0.49390 0.14895
0.49794 0.14912
0.51481 0.16005
0.51835 0.16367
0.52156 0.16636
0.52605 0.16966
0.52986 0.17277
0.53203 0.17498
0.53476 0.17453
0.53778 0.17330
0.54073 0.17423
0.54191 0.17334
0.54263 0.17480
0.54553 0.17721
0.54858 0.18196
0.55535 0.19173
0.55553 0.19198
0.55933 0.19463
0.56367 0.19808
0.56767 0.20032
0.57272 0.20274
0.57565 0.20581
0.57832 0.20715
0.57987 0.20931
0.58171 0.21007
0.58366 0.21133
0.58665 0.21192
0.58945 0.21434
0.59335 0.21417
0.59854 0.21647
0.60098 0.22033
0.60319 0.22533
0.60657 0.22957
0.61035 0.23325
0.61379 0.23502
0.61614 0.23764
0.61976 0.24076
0.62249 0.24410
0.62714 0.24586
0.63041 0.24638
0.63215 0.24760
0.63302 0.24998
0.63512 0.25132
0.63609 0.25335
0.63885 0.25466
0.64326 0.25594
0.64529 0.25793
0.64753 0.26104
0.65074 0.26536
0.65547 0.27046
0.65928 0.27480
0.66399 0.27784
0.66849 0.28018
0.67138 0.28445
0.67514 0.28575
0.67567 0.28627
0.67708 0.28759
0.67913 0.28978
0.68082 0.29198
0.68151 0.29475
0.68538 0.29907
0.68765 0.29916
0.69066 0.30386
0.69331 0.30856
0.69961 0.31151
0.70198 0.31743
0.70548 0.31955
0.70807 0.32241
0.70781 0.32163
0.70893 0.32731
0.71005 0.33047
0.71424 0.33561
0.71927 0.33848
0.72328 0.33942
0.72469 0.33959
0.72605 0.34033
0.72520 0.33975
0.72708 0.34096
0.73054 0.34593
0.73519 0.35043
0.73867 0.35522
0.74218 0.36202
0.74608 0.36687
0.74858 0.37191
0.75113 0.37506
0.75536 0.37673
0.75761 0.37745
0.75738 0.37887
0.75816 0.37969
0.75991 0.38258
0.76273 0.38612
0.76632 0.39041
0.76913 0.39438
0.77228 0.39725
0.77358 0.40160
0.77582 0.40361
0.77787 0.40372
0.77938 0.40511
0.78269 0.40748
0.78590 0.41175
0.78903 0.41626
0.79162 0.42170
0.79316 0.42644
0.79545 0.43261
0.79746 0.43246
0.80025 0.43583
0.80178 0.43869
0.80390 0.44275
0.80563 0.44758
0.80647 0.45142
0.80745 0.45164
0.81004 0.45173
0.81486 0.45349
0.81773 0.45619
0.81929 0.46013
0.82113 0.46258
0.82372 0.46774
0.82402 0.47153
0.82496 0.47675
0.82561 0.48005
0.82746 0.47951
0.83108 0.48364
0.83424 0.48881
0.83522 0.49311
0.83582 0.49507
0.83920 0.49824
0.84105 0.49987
0.84273 0.50229
0.84522 0.50403
0.85063 0.51118
0.85318 0.51790
0.85502 0.52663
0.85600 0.53263
0.85767 0.53488
0.85888 0.53921
0.86323 0.54276
0.86334 0.54283
0.86593 0.54257
0.86708 0.54349
0.86811 0.54637
0.86841 0.55079
0.86866 0.55536
0.86992 0.55931
0.87199 0.56028
0.87607 0.56264
0.87880 0.56551
0.88075 0.57164
0.88259 0.57670
0.88371 0.58279
0.88462 0.58898
0.88567 0.59460
0.88693 0.59687
0.89205 0.60149
0.89218 0.60161
0.89431 0.60257
0.89533 0.60482
0.90061 0.61651
0.90101 0.62232
0.90347 0.63099
0.90353 0.63120
0.90591 0.63516
0.90868 0.63851
0.91065 0.64077
0.90874 0.64814
0.90874 0.64831
0.90894 0.65057
0.91021 0.65611
0.91353 0.65878
0.91933 0.66295
0.91751 0.66801
0.91853 0.67060
0.92045 0.67460
0.92279 0.67899
0.92754 0.68634
0.92842 0.69087
0.93150 0.70768
0.93170 0.71337
0.93230 0.71710
0.93770 0.72031
0.93785 0.72041
0.93891 0.72112
0.93903 0.72191
0.93977 0.72652
0.94036 0.72965
0.94094 0.73459
0.94027 0.74631
0.94026 0.74658
0.94216 0.75130
0.94249 0.75479
0.94551 0.75904
0.94942 0.76097
0.94922 0.76733
0.95126 0.77245
0.95200 0.77574
0.95174 0.77935
0.95108 0.78174
0.95113 0.78531
0.95207 0.78945
0.95378 0.79299
0.95632 0.79412
0.95671 0.79335
0.95788 0.79430
0.95726 0.79746
0.95560 0.80175
0.95567 0.80662
0.95722 0.80989
0.95886 0.81391
0.96224 0.82259
0.96556 0.82703
0.96736 0.83199
0.96830 0.83753
0.96633 0.84221
0.96362 0.84566
0.96351 0.84977
0.96635 0.85029
0.96733 0.85267
0.96786 0.85499
0.96875 0.85705
0.96920 0.85966
0.96961 0.86191
0.97036 0.86656
0.97156 0.87290
0.97161 0.87956
0.97159 0.88541
0.97215 0.89044
0.97440 0.89476
0.97589 0.89937
0.97831 0.90485
0.97906 0.90649
0.97857 0.90707
0.97491 0.90912
0.97409 0.91314
0.97352 0.91546
0.97487 0.91646
0.97720 0.91836
0.97975 0.92275
0.98111 0.92714
0.97988 0.93203
0.97805 0.93739
0.97742 0.94240
0.97790 0.94489
0.97920 0.94842
0.97973 0.95298
0.97922 0.95547
0.97975 0.96109
0.97992 0.96476
0.98002 0.96602
0.98196 0.97011
0.98120 0.97597
0.98052 0.98105
0.98003 0.98775
0.98227 0.99287
0.98292 0.99819
0.98349 1.00351
0.98242 1.00689
0.97993 1.00760
0.97951 1.01040
0.98100 1.01369
0.98310 1.01758
0.98380 1.02037
0.98206 1.02129
0.97970 1.02392
0.97951 1.02715
0.98030 1.03231
0.98063 1.03978
0.98061 1.04656
0.98034 1.05266
0.97983 1.05812
0.98114 1.06206
0.98102 1.06544
0.98002 1.06793
0.97895 1.06875
0.97923 1.07243
0.97974 1.07453
0.98001 1.07731
0.97959 1.07948
0.97809 1.08364
0.97746 1.08779
0.97828 1.09337
0.97855 1.09943
0.97761 1.10470
0.97597 1.10945
0.97775 1.11398
0.97812 1.11852
0.97810 1.12374
0.97644 1.12623
0.97528 1.13111
0.97524 1.13748
0.97522 1.13766
0.97524 1.13785
0.97490 1.13932
0.97291 1.14101
0.97169 1.14585
0.97145 1.15235
0.97156 1.15873
0.97321 1.16427
0.96987 1.17902
0.96871 1.18303
0.96658 1.18547
0.96894 1.19136
0.96896 1.19151
0.96873 1.19415
0.96922 1.19639
0.96775 1.19848
0.96492 1.19896
0.96262 1.20314
0.96443 1.20587
0.96473 1.20908
0.96140 1.22354
0.96136 1.22375
0.95999 1.23006
0.96000 1.24551
0.96107 1.24716
0.96002 1.25029
0.95768 1.24988
0.95300 1.24771
0.95290 1.24771
0.95189 1.25274
0.95212 1.25967
0.95268 1.27262
0.95270 1.27290
0.95288 1.27898
0.94701 1.29107
0.94686 1.29142
0.94561 1.29374
0.94650 1.29566
0.94518 1.29715
0.93739 1.30699
0.93809 1.31180
0.93883 1.31448
0.93420 1.32317
0.93128 1.33132
0.93128 1.33132
0.93176 1.33667
0.93435 1.33801
0.93103 1.34479
0.92872 1.34998
0.92388 1.34845
0.92147 1.35166
0.92140 1.35444
0.92265 1.36887
0.91774 1.37591
0.91763 1.37609
0.91709 1.37809
0.91578 1.38361
0.91304 1.38892
0.91085 1.39624
0.91079 1.39645
0.90903 1.39955
0.90681 1.39968
0.90168 1.40715
0.89965 1.40958
0.89877 1.41596
0.89658 1.42414
0.89668 1.43128
0.89809 1.43829
0.89790 1.44255
0.89375 1.44213
0.89061 1.44296
0.88820 1.44416
0.88628 1.44668
0.88554 1.45147
0.88483 1.45688
0.88317 1.46177
0.88047 1.46584
0.87929 1.47004
0.87681 1.47547
0.87395 1.47932
0.87277 1.48440
0.87090 1.48602
0.87068 1.48796
0.86992 1.49123
0.86724 1.49434
0.86275 1.49752
0.85981 1.50194
0.85935 1.50176
0.86006 1.50375
0.86197 1.50654
0.86017 1.50963
0.85543 1.51485
0.85288 1.51852
0.85128 1.52403
0.85001 1.52873
0.84742 1.53389
0.84472 1.53858
0.84201 1.54330
0.84000 1.54690
0.83965 1.54767
0.83871 1.54895
0.83677 1.55017
0.83382 1.55431
0.83189 1.55796
0.82899 1.56110
0.82503 1.56518
0.82358 1.56873
0.82100 1.57222
0.82000 1.57522
0.81873 1.57848
0.81610 1.58155
0.81285 1.58610
0.81114 1.59054
0.81032 1.59472
0.80838 1.59881
0.80452 1.60310
0.80334 1.60474
0.80201 1.60714
0.79873 1.60739
0.79713 1.60948
0.79679 1.61317
0.79488 1.61490
0.79202 1.61806
0.78729 1.62031
0.78494 1.62248
0.78410 1.62518
0.78313 1.63011
0.78041 1.63464
0.77705 1.64190
0.77398 1.64662
0.77109 1.64967
0.76565 1.65208
0.76422 1.65345
0.76695 1.65608
0.76660 1.65647
0.76628 1.65747
0.76261 1.66067
0.75651 1.66623
0.75270 1.66698
0.74913 1.66788
0.74835 1.67219
0.74522 1.67732
0.74354 1.68317
0.74015 1.68798
0.73732 1.69376
0.73529 1.69658
0.73344 1.69881
0.72916 1.70004
0.72603 1.70317
0.72550 1.70580
0.72310 1.70700
0.72212 1.70843
0.71835 1.71081
0.71465 1.71173
0.71114 1.71427
0.70957 1.71758
0.70743 1.72072
0.70620 1.72430
0.70414 1.72549
0.70239 1.72802
0.69953 1.73249
0.69408 1.73852
0.68924 1.74354
0.68366 1.74639
0.67953 1.74989
0.67680 1.75335
0.67666 1.75638
0.67552 1.75763
0.67365 1.75858
0.67109 1.75931
0.66903 1.76100
0.66511 1.76227
0.66363 1.76414
0.66097 1.76788
0.65779 1.77224
0.65387 1.77610
0.65118 1.78019
0.64804 1.78179
0.64555 1.78425
0.64130 1.78630
0.63827 1.78733
0.63330 1.78957
0.63114 1.79247
0.63039 1.79621
0.62916 1.79758
0.62550 1.79957
0.62264 1.80277
0.62269 1.80419
0.62018 1.80517
0.60604 1.81068
0.60604 1.81068
0.59955 1.81400
0.60104 1.82044
0.60128 1.82363
0.59744 1.82770
0.59534 1.82870
0.58834 1.83077
0.58819 1.83081
0.58395 1.83168
0.58104 1.83280
0.57745 1.83956
0.57737 1.83973
0.57424 1.84270
0.56891 1.84984
0.56877 1.85002
0.56379 1.85306
0.55917 1.85428
0.55454 1.85636
0.55159 1.85636
0.55090 1.85828
0.54698 1.86120
0.54687 1.86128
0.54350 1.86473
0.53981 1.86783
0.53611 1.87080
0.53185 1.87294
0.52740 1.87764
0.52248 1.87941
0.52235 1.87947
0.51972 1.88091
0.50875 1.88913
0.50365 1.89353
0.49906 1.89777
0.49343 1.89977
0.49277 1.89928
0.48883 1.89866
0.48954 1.90043
0.48766 1.89948
0.48150 1.90223
0.47770 1.90459
0.46973 1.90786
0.46952 1.90794
0.46495 1.91025
0.46219 1.91764
0.46219 1.91764
0.46055 1.91942
0.45635 1.91877
0.44995 1.91844
0.44728 1.92295
0.44368 1.92716
0.43956 1.93097
0.43653 1.93202
0.43480 1.93251
0.43172 1.93296
0.42862 1.93437
0.42410 1.93575
0.42095 1.93845
0.41609 1.94012
0.41349 1.94308
0.41112 1.94719
0.40801 1.95096
0.40529 1.95292
0.40186 1.95278
0.39662 1.95117
0.39128 1.94945
0.38754 1.95021
0.38533 1.95223
0.38370 1.95655
0.38008 1.95764
0.37558 1.95906
0.37036 1.96241
0.36558 1.96500
0.36211 1.96766
0.35795 1.96895
0.35431 1.96951
0.35125 1.97092
0.35029 1.97047
0.34740 1.96986
0.34438 1.97109
0.33958 1.97577
0.33549 1.97646
0.33048 1.97968
0.32460 1.98166
0.32098 1.98212
0.31710 1.98249
0.31496 1.98423
0.31289 1.98661
0.31150 1.98867
0.30733 1.98784
0.30500 1.98763
0.29917 1.98734
0.29494 1.98818
0.29199 1.99058
0.28869 1.99354
0.28707 1.99507
0.28198 1.99764
0.27748 1.99950
0.27120 2.00036
0.26484 1.99912
0.25972 2.00149
0.25737 2.00151
0.25516 2.00314
0.25300 2.00532
0.25158 2.00632
0.24849 2.00677
0.24388 2.00872
0.24013 2.00878
0.23597 2.01025
0.23023 2.01111
0.22571 2.01106
0.22446 2.01320
0.22358 2.01499
0.22105 2.01442
0.21876 2.01345
0.21393 2.01410
0.20761 2.01576
0.20151 2.01597
0.19426 2.01738
0.19037 2.02030
0.18757 2.02365
0.18629 2.02408
0.18416 2.02492
0.18239 2.02387
0.17800 2.02332
0.17326 2.02264
0.16867 2.02271
0.16304 2.02609
0.15934 2.02784
0.15718 2.02725
0.15492 2.02593
0.15313 2.02665
0.14964 2.02666
0.14521 2.03048
0.14092 2.03119
0.13557 2.03026
0.13130 2.03027
0.12598 2.03047
0.12175 2.03276
0.11723 2.03373
0.11158 2.03531
0.10743 2.03633
0.10595 2.03700
0.10428 2.03902
0.10141 2.03956
0.09873 2.03825
0.09700 2.03627
0.09273 2.03611
0.08766 2.03604
0.08614 2.03513
0.08180 2.03578
0.07713 2.03875
0.07200 2.04283
0.06635 2.04444
0.06226 2.04562
0.05801 2.04291
0.05374 2.04121
0.05036 2.04137
0.04882 2.04202
0.04626 2.04312
0.04165 2.04320
0.03783 2.04536
0.03229 2.04594
0.01822 2.04410
0.01791 2.04474
0.01059 2.04640
0.01040 2.04642
0.00509 2.04606
-0.00080 2.04661
-0.00451 2.04703
-0.01685 2.04401
-0.02137 2.04611
-0.02367 2.04900
-0.03066 2.05209
-0.03083 2.05213
-0.03497 2.04904
-0.03649 2.04905
-0.04019 2.04629
-0.04334 2.04656
-0.04780 2.04487
-0.05425 2.04518
-0.07192 2.04930
-0.07565 2.04548
-0.07580 2.04550
-0.07814 2.04460
-0.07874 2.04638
-0.09453 2.04364
-0.10598 2.04588
-0.11112 2.04338
-0.11754 2.04342
-0.12418 2.04364
-0.12782 2.04364
-0.13708 2.04356
-0.13616 2.04197
-0.13880 2.04021
-0.14422 2.03970
-0.15953 2.03681
-0.16408 2.03851
-0.16781 2.04146
-0.17243 2.04278
-0.17634 2.04125
-0.18248 2.03775
-0.18123 2.03753
-0.18412 2.03636
-0.18725 2.03549
-0.19154 2.03513
-0.19835 2.03595
-0.20241 2.03478
-0.20638 2.03288
-0.20872 2.03036
-0.21230 2.02964
-0.21725 2.03178
-0.22021 2.03241
-0.22273 2.03123
-0.22583 2.02961
-0.23203 2.02708
-0.23814 2.02518
-0.24285 2.02343
-0.24602 2.02248
-0.25054 2.02319
-0.25249 2.02214
-0.25583 2.02231
-0.25898 2.02231
-0.26329 2.02262
-0.26844 2.02189
-0.27215 2.02075
-0.27340 2.02127
-0.27749 2.01838
-0.28064 2.01625
-0.28320 2.01488
-0.28777 2.01464
-0.29281 2.01616
-0.29590 2.01586
-0.30036 2.01390
-0.30422 2.01078
-0.30613 2.00786
-0.30998 2.00968
-0.31316 2.01091
-0.31799 2.01082
-0.32616 2.01095
-0.33297 2.00837
-0.33742 2.00805
-0.33890 2.00849
-0.34046 2.00723
-0.34037 2.00402
-0.34355 2.00092
-0.34739 1.99977
-0.34946 1.99679
-0.35251 1.99524
-0.35653 1.99446
-0.36175 1.99670
-0.36685 1.99660
-0.36820 1.99611
-0.37056 1.99266
-0.37499 1.99236
-0.38135 1.98835
-0.38603 1.98468
-0.39132 1.98332
-0.39494 1.98386
-0.39624 1.98529
-0.39897 1.98404
-0.40361 1.98064
-0.40898 1.97855
-0.41349 1.97687
-0.41690 1.97513
-0.42042 1.97311
-0.42435 1.97152
-0.42725 1.97039
-0.43029 1.97010
-0.43392 1.96911
-0.43732 1.96743
-0.44084 1.96596
-0.44389 1.96513
-0.44688 1.96251
-0.45098 1.95922
-0.45421 1.95725
-0.45807 1.95520
-0.46339 1.95354
-0.46705 1.95230
-0.47057 1.95030
-0.47416 1.95038
-0.47856 1.95009
-0.48099 1.94673
-0.48378 1.94489
-0.48558 1.94288
-0.49028 1.94156
-0.49365 1.94100
-0.49980 1.94015
-0.50370 1.93642
-0.50772 1.93319
-0.51030 1.93130
-0.51070 1.92856
-0.51371 1.92908
-0.51720 1.92783
-0.52138 1.92639
-0.52470 1.92460
-0.52858 1.92413
-0.53349 1.92322
-0.53569 1.92058
-0.53928 1.91769
-0.54306 1.91383
-0.55262 1.90748
-0.55609 1.90581
-0.55836 1.90523
-0.56153 1.90331
-0.56431 1.90036
-0.56868 1.89872
-0.57169 1.89333
-0.57550 1.89020
-0.58692 1.88664
-0.59179 1.88610
-0.59619 1.88505
-0.59940 1.88405
-0.60317 1.88289
-0.60326 1.88285
-0.60566 1.87906
-0.60819 1.87463
-0.61048 1.87073
-0.61273 1.86923
-0.61793 1.86581
-0.61807 1.86574
-0.62090 1.86508
-0.62845 1.85930
-0.62863 1.85916
-0.63159 1.85707
-0.63602 1.85577
-0.64134 1.85133
-0.64147 1.85123
-0.64219 1.84775
-0.64538 1.84320
-0.65595 1.83710
-0.65620 1.83695
-0.66147 1.83787
-0.66289 1.83778
-0.66420 1.83481
-0.66575 1.83226
-0.66827 1.82928
-0.67484 1.82379
-0.67499 1.82365
-0.67636 1.82206
-0.68073 1.82024
-0.68680 1.81906
-0.69027 1.81728
-0.69285 1.81321
-0.69761 1.80342
-0.70569 1.80264
-0.71197 1.80214
-0.71366 1.79493
-0.71380 1.78850
-0.71722 1.78504
-0.71819 1.78645
-0.72051 1.78537
-0.72321 1.78283
-0.72740 1.78092
-0.72974 1.77801
-0.73306 1.77593
-0.73710 1.77389
-0.73959 1.77040
-0.74316 1.76466
-0.74627 1.75997
-0.74862 1.75916
-0.75578 1.75711
-0.75594 1.75705
-0.75772 1.75557
-0.76055 1.75233
-0.76264 1.74729
-0.76229 1.74140
-0.76219 1.73619
-0.76349 1.73218
-0.76720 1.73077
-0.77224 1.73051
-0.77600 1.72957
-0.78060 1.72906
-0.78395 1.72778
-0.78631 1.72674
-0.79042 1.72353
-0.79432 1.72054
-0.79796 1.71645
-0.80058 1.71272
-0.80245 1.70974
-0.80226 1.70614
-0.80318 1.70308
-0.80385 1.69820
-0.80729 1.69429
-0.81084 1.69240
-0.81439 1.68842
-0.81708 1.68701
-0.81998 1.68535
-0.82215 1.68359
-0.82419 1.68182
-0.82702 1.67931
-0.82985 1.67586
-0.83144 1.67067
-0.83356 1.66591
-0.83472 1.66183
-0.83799 1.65806
-0.84089 1.65426
-0.84317 1.65210
-0.84736 1.65217
-0.84915 1.65050
-0.84973 1.64715
-0.85176 1.64253
-0.85472 1.63709
-0.86051 1.63180
-0.86333 1.62812
-0.86366 1.62602
-0.86556 1.62590
-0.86647 1.62508
-0.86804 1.62252
-0.87078 1.62061
-0.87394 1.61618
-0.87689 1.61225
-0.87900 1.60853
-0.88115 1.60502
-0.88221 1.60087
-0.88480 1.59699
-0.88889 1.59433
-0.89159 1.59088
-0.89386 1.58899
-0.89545 1.58852
-0.89719 1.58620
-0.89951 1.58253
-0.89979 1.57817
-0.90201 1.57252
-0.90487 1.56915
-0.90594 1.56535
-0.90736 1.56172
-0.90857 1.55779
-0.91024 1.55463
-0.91253 1.55322
-0.91511 1.55193
-0.91852 1.55046
-0.92083 1.54715
-0.92219 1.54430
-0.92534 1.53892
-0.92839 1.53417
-0.93116 1.53048
-0.93265 1.52820
-0.93392 1.52596
-0.93386 1.52369
-0.93506 1.52144
-0.93533 1.51957
-0.93679 1.51594
-0.93951 1.51121
-0.94367 1.50470
-0.94536 1.49813
-0.94573 1.49341
-0.94698 1.48898
-0.94912 1.48615
-0.95028 1.48416
-0.95214 1.48319
-0.95396 1.48234
-0.95685 1.48034
-0.95677 1.47729
-0.96036 1.47287
-0.96166 1.46646
-0.96356 1.46310
-0.96542 1.45780
-0.96586 1.45293
-0.96583 1.45168
-0.96686 1.44867
-0.96873 1.44497
-0.96902 1.43874
-0.97207 1.43352
-0.97349 1.43064
-0.97852 1.43044
-0.98106 1.42840
-0.98293 1.42522
-0.98217 1.42356
-0.98209 1.41956
-0.98441 1.41461
-0.98677 1.41083
-0.98782 1.40705
-0.98873 1.40319
-0.99017 1.39326
-0.99021 1.39300
-0.99079 1.38814
-0.99160 1.38396
-0.99424 1.38062
-0.99640 1.37744
-0.99924 1.37575
-1.00036 1.37304
-1.00058 1.37177
-1.00185 1.36865
-1.00391 1.36315
-1.00969 1.34658
-1.01314 1.34383
-1.01323 1.34376
-1.01465 1.34339
-1.01459 1.34338
-1.01316 1.33932
-1.01745 1.32121
-1.02325 1.31101
-1.02338 1.31079
-1.02262 1.30949
-1.02525 1.30499
-1.02387 1.29861
-1.02386 1.29845
-1.02455 1.29404
-1.02598 1.28804
-1.02795 1.28746
-1.02828 1.28466
-1.03111 1.28338
-1.03434 1.27922
-1.03644 1.27598
-1.03431 1.27245
-1.03189 1.26508
-1.03226 1.26204
-1.03548 1.24878
-1.03552 1.24850
-1.03521 1.24280
-1.03831 1.23676
-1.03934 1.23309
-1.04048 1.22838
-1.04189 1.22138
-1.04194 1.22121
-1.04383 1.22073
-1.04766 1.20562
-1.04866 1.19548
-1.04868 1.19523
-1.05045 1.19078
-1.04996 1.18800
-1.05031 1.18549
-1.05037 1.18567
-1.04972 1.18302
-1.05242 1.17741
-1.05247 1.17102
-1.05328 1.16402
-1.05655 1.15928
-1.05722 1.15634
-1.05632 1.15412
-1.05593 1.15429
-1.05749 1.15353
-1.05858 1.15099
-1.05949 1.14879
-1.05977 1.14415
-1.05941 1.13901
-1.05842 1.13349
-1.05905 1.13009
-1.06025 1.12230
-1.06024 1.11645
-1.06260 1.11258
-1.06380 1.10777
-1.06450 1.10627
-1.06510 1.10599
-1.06506 1.10471
-1.06436 1.10076
-1.06297 1.09657
-1.06332 1.09046
-1.06470 1.08351
-1.06599 1.07687
-1.06501 1.07497
-1.06358 1.07004
-1.06368 1.06692
-1.06583 1.06487
-1.06900 1.06298
-1.06579 1.05863
-1.06313 1.05370
-1.06556 1.05022
-1.06553 1.04359
-1.06676 1.03785
-1.06561 1.03475
-1.06656 1.03132
-1.06552 1.02760
-1.06510 1.02308
-1.06436 1.01850
-1.06397 1.01458
-1.06263 1.01030
-1.06119 1.00814
-1.06171 1.00587
-1.06266 1.00289
-1.06309 0.99986
-1.06295 0.99696
-1.06294 0.99511
-1.06313 0.99116
-1.06286 0.98516
-1.06260 0.97783
-1.06269 0.97133
-1.06295 0.96581
-1.06389 0.96200
-1.06269 0.95837
-1.06212 0.95580
-1.06229 0.95359
-1.06101 0.95112
-1.06001 0.94874
-1.05971 0.94663
-1.06142 0.94497
-1.06113 0.94210
-1.05924 0.93619
-1.05860 0.92959
-1.05901 0.92333
-1.05739 0.91807
-1.05708 0.91436
-1.05617 0.91137
-1.05616 0.91024
-1.05545 0.90746
-1.05689 0.90134
-1.05701 0.89527
-1.05483 0.88975
-1.05336 0.88538
-1.05048 0.88252
-1.05016 0.88425
-1.05055 0.88156
-1.05137 0.87691
-1.05131 0.87079
-1.05044 0.86542
-1.05148 0.86109
-1.05069 0.85814
-1.04944 0.85376
-1.05015 0.85188
-1.04862 0.85097
-1.04562 0.84997
-1.04517 0.84565
-1.04248 0.84227
-1.04099 0.83500
-1.04127 0.82415
-1.04127 0.82415
-1.03939 0.82243
-1.03815 0.82001
-1.03688 0.81468
-1.03723 0.81237
-1.03675 0.80877
-1.03880 0.80337
-1.03517 0.79250
-1.03507 0.79226
-1.03350 0.78833
-1.03239 0.78607
-1.02985 0.77924
-1.02979 0.77909
-1.02893 0.77624
-1.02819 0.77378
-1.02651 0.76993
-1.02449 0.76566
-1.02324 0.76123
-1.02340 0.75769
-1.02540 0.75503
-1.02269 0.74478
-1.01963 0.74026
-1.01716 0.73350
-1.01532 0.72941
-1.01465 0.72435
-1.01485 0.72217
-1.01548 0.71885
-1.01361 0.71519
-1.01010 0.70995
-1.00891 0.70527
-1.00340 0.69755
-1.00329 0.69734
-1.00189 0.69306
-1.00128 0.68997
-1.00187 0.68680
-1.00310 0.68348
-0.99634 0.67380
-0.99557 0.66943
-0.99548 0.66562
-0.99487 0.65947
-0.99110 0.65708
-0.98871 0.65107
-0.98782 0.64940
-0.98568 0.64912
-0.98493 0.64595
-0.98506 0.64374
-0.98388 0.63828
-0.97996 0.62993
-0.97996 0.62993
-0.97808 0.62586
-0.97846 0.61999
-0.97909 0.61955
-0.97931 0.61650
-0.97971 0.61272
-0.97519 0.60686
-0.97005 0.60146
-0.96672 0.59729
-0.96468 0.58983
-0.96464 0.58964
-0.96326 0.58587
-0.96143 0.58162
-0.95939 0.57803
-0.95708 0.57548
-0.95551 0.57342
-0.95541 0.57070
-0.95337 0.56744
-0.95163 0.56583
-0.95125 0.56469
-0.94952 0.55934
-0.94558 0.55355
-0.94159 0.54606
-0.94116 0.54165
-0.94247 0.53493
-0.94206 0.53181
-0.94028 0.52862
-0.93836 0.52389
-0.93514 0.52024
-0.93223 0.51611
-0.92972 0.50980
-0.92802 0.51044
-0.92495 0.50786
-0.92276 0.50766
-0.92029 0.50732
-0.91926 0.50704
-0.91818 0.50392
-0.91919 0.49814
-0.91814 0.48746
-0.91439 0.47897
-0.90954 0.47132
-0.90633 0.46680
-0.90224 0.46711
-0.90033 0.46993
-0.89954 0.46949
-0.89846 0.47140
-0.89767 0.47078
-0.89646 0.46756
-0.89513 0.46245
-0.89257 0.45789
-0.89228 0.45311
-0.88782 0.44718
-0.88381 0.44347
-0.88018 0.44000
-0.87895 0.43797
-0.87830 0.43455
-0.87744 0.43242
-0.87612 0.42476
-0.87391 0.42107
-0.86855 0.41940
-0.86517 0.42041
-0.86229 0.42008
-0.85681 0.41878
-0.85412 0.41244
-0.85317 0.40938
-0.85244 0.40513
-0.85194 0.40040
-0.85206 0.39658
-0.85062 0.39381
-0.84852 0.39177
-0.84391 0.38773
-0.83933 0.38257
-0.83456 0.37894
-0.83176 0.37587
-0.82967 0.37199
-0.82889 0.36873
-0.82724 0.36730
-0.82479 0.36669
-0.82416 0.36372
-0.82236 0.35976
-0.81782 0.35473
-0.81506 0.35015
-0.81241 0.34522
-0.81155 0.34081
-0.80962 0.33543
-0.80726 0.33346
-0.80403 0.33276
-0.80098 0.33198
-0.79770 0.33113
-0.79563 0.33041
-0.79362 0.32685
-0.79201 0.32492
-0.79015 0.32094
-0.78716 0.31799
-0.78400 0.31195
-0.78167 0.30883
-0.77727 0.30405
-0.77525 0.30214
-0.77469 0.30008
-0.77286 0.30155
-0.77041 0.30091
-0.76543 0.30008
-0.76048 0.29596
-0.75596 0.29141
-0.75161 0.28704
-0.75011 0.28428
-0.75046 0.27985
-0.74777 0.27638
-0.74637 0.27334
-0.74211 0.27176
-0.73899 0.27096
-0.73653 0.26846
-0.73517 0.26552
-0.73215 0.26204
-0.73202 0.25791
-0.72784 0.25581
-0.72371 0.25667
-0.71269 0.25331
-0.71101 0.24951
-0.70558 0.23624
-0.70189 0.23386
-0.69809 0.23144
-0.69333 0.23001
-0.68914 0.22913
-0.68904 0.22911
-0.68667 0.22758
-0.68366 0.22645
-0.67989 0.22326
-0.67389 0.21584
-0.67374 0.21567
-0.67039 0.21138
-0.66794 0.20871
-0.66547 0.20815
-0.66359 0.20734
-0.66075 0.20527
-0.65685 0.20359
-0.64527 0.19335
-0.64251 0.18917
-0.63726 0.18378
-0.63711 0.18363
-0.63512 0.18127
-0.63141 0.18059
-0.62331 0.17666
-0.61820 0.17686
-0.60631 0.16907
-0.60893 0.16788
-0.60622 0.16436
-0.60634 0.16037
-0.60697 0.15599
-0.60249 0.15545
-0.59602 0.15428
-0.58915 0.15398
-0.58511 0.15180
-0.58084 0.14855
-0.57686 0.14439
-0.57679 0.14428
-0.57463 0.14295
-0.57201 0.14321
-0.56866 0.14170
-0.56449 0.13977
-0.56145 0.13755
-0.55802 0.13394
-0.55470 0.13012
-0.54681 0.12076
-0.54249 0.12065
-0.53809 0.12131
-0.53442 0.12108
-0.53073 0.12011
-0.52698 0.11813
-0.52424 0.11560
-0.52114 0.11384
-0.51889 0.11407
-0.51724 0.11155
-0.51230 0.11062
-0.50787 0.10961
-0.50210 0.10798
-0.49784 0.10624
-0.49588 0.10384
-0.49434 0.10103
-0.49351 0.09828
-0.49099 0.09919
-0.48632 0.09809
-0.48077 0.09589
-0.47413 0.09395
-0.47282 0.09339
-0.47278 0.09409
-0.47133 0.09433
-0.46633 0.09451
-0.46154 0.09135
-0.45617 0.08657
-0.45349 0.08322
-0.44831 0.08182
-0.44560 0.07927
-0.44204 0.07755
-0.43903 0.07535
-0.43319 0.07567
-0.42939 0.07607
-0.42695 0.07392
-0.42287 0.07505
-0.42080 0.07308
-0.41433 0.06851
-0.41152 0.06565
-0.40911 0.06383
-0.40596 0.06265
-0.40355 0.06247
-0.39990 0.06192
-0.39587 0.06066
-0.39185 0.05925
-0.38803 0.05797
-0.38494 0.05728
-0.38105 0.05483
-0.37848 0.05421
-0.37559 0.05261
-0.37315 0.05204
-0.37042 0.05169
-0.36577 0.05055
-0.36081 0.04903
-0.35651 0.04653
-0.35260 0.04439
-0.34868 0.04391
-0.34396 0.04351
-0.33964 0.04080
-0.33432 0.03967
-0.33066 0.03778
-0.32796 0.03815
-0.32560 0.03693
-0.32341 0.03692
-0.31797 0.03383
-0.31252 0.03139
-0.31048 0.02779
-0.30787 0.02686
-0.30541 0.02675
-0.30068 0.02682
-0.29488 0.02699
-0.29293 0.02663
-0.29007 0.02652
-0.28730 0.02608
-0.28507 0.02543
-0.28270 0.02231
-0.27939 0.02021
-0.27405 0.01785
-0.26756 0.01616
-0.26365 0.01703
-0.25964 0.01659
-0.25504 0.01782
-0.25140 0.01560
-0.24781 0.01316
-0.24318 0.01164
-0.23989 0.01021
-0.23678 0.01003
-0.23150 0.01025
-0.22700 0.01183
-0.22449 0.01108
-0.22182 0.00971
-0.22007 0.00905
-0.21710 0.00533
-0.21377 0.00315
-0.20623 0.00519
-0.20156 0.00567
-0.19788 0.00515
-0.19394 0.00479
-0.18970 0.00365
-0.18609 0.00178
-0.18289 0.00041
-0.17937 -0.00068
-0.17532 -0.00088
-0.17027 -0.00021
-0.16541 0.00088
-0.16233 0.00108
-0.15877 -0.00003
-0.15519 -0.00142
-0.15099 -0.00203
-0.14762 -0.00156
-0.14357 -0.00197
-0.13795 -0.00304
-0.13302 -0.00384
-0.12927 -0.00433
-0.12112 -0.00443
-0.12093 -0.00445
-0.11918 -0.00372
-0.11495 -0.00247
-0.10992 -0.00383
-0.10479 -0.00344
-0.09474 -0.00672
-0.09184 -0.00630
-0.08452 -0.00775
-0.08434 -0.00781
-0.08122 -0.00933
-0.07293 -0.00441
-0.07272 -0.00432
-0.06808 -0.00362
-0.05837 -0.00520
-0.05812 -0.00520
-0.05235 -0.00691
-0.05036 -0.00837
-0.05000 -0.00968
-0.04334 -0.00745
-0.04301 -0.00737
-0.03761 -0.00698
-0.03380 -0.00642
-0.02863 -0.00632
-0.02660 -0.00611
-0.02415 -0.00397
-0.01962 -0.00431
-0.01496 -0.00389
-0.01137 -0.00706
-0.00840 -0.00701
-0.00455 -0.00631
0.00032 -0.00489
0.00353 -0.00500
0.00355 -0.00499
-0.00158 -0.00536
-0.00426 -0.00602
-0.00585 -0.00571
-0.00557 -0.00435
-0.00559 -0.00303
-0.00522 -0.00349
-0.00376 -0.00589
-0.00342 -0.00971
-0.00489 -0.01015
-0.00493 -0.01017
-0.00604 -0.00717
-0.00535 -0.00423
-0.00378 -0.00165
-0.00132 -0.00288
-0.00127 -0.00292
0.00032 -0.00541
-0.00293 -0.00823
-0.00300 -0.00830
-0.00518 -0.00644
-0.00647 -0.00583
-0.00651 -0.00516
-0.00629 -0.00387
-0.00486 -0.00430
-0.00224 -0.00477
-0.00154 -0.00529
-0.00122 -0.00591
-0.00142 -0.00579
-0.00275 -0.00470
-0.00433 -0.00334
-0.00462 -0.00343
-0.00501 -0.00429
-0.00567 -0.00623
-0.00421 -0.00814
-0.00383 -0.00758
-0.00362 -0.00903
-0.00372 -0.00658
-0.00203 -0.00480
-0.00275 -0.00421
-0.00194 -0.00395
-0.00236 -0.00532
-0.00197 -0.00487
-0.00352 -0.00665
-0.00310 -0.00676
-0.00516 -0.00572
