-0.01363 -0.00223
-0.01222 -0.00269
-0.01070 -0.00380
-0.01068 -0.00381
-0.01235 -0.00427
-0.01232 -0.00343
-0.01234 -0.00342
-0.01197 -0.00410
-0.01232 -0.00351
-0.01230 -0.00360
-0.01173 -0.00622
-0.01196 -0.00310
-0.01196 -0.00304
-0.01001 0.00028
-0.00953 0.00109
-0.00971 -0.00138
-0.01275 -0.00311
-0.01167 -0.00549
-0.00967 -0.00320
-0.00877 -0.00269
-0.00871 -0.00122
-0.01002 -0.00192
-0.01130 -0.00415
-0.00970 -0.00455
-0.01004 -0.00398
-0.01118 -0.00295
-0.01151 -0.00286
-0.01284 -0.00325
-0.01288 -0.00326
-0.01282 -0.00404
-0.01167 -0.00285
-0.01035 -0.00237
-0.00855 -0.00246
-0.00905 -0.00356
-0.00940 -0.00293
-0.01194 -0.00384
-0.01309 -0.00434
-0.01360 -0.00345
-0.01374 -0.00264
-0.01330 -0.00323
-0.01275 -0.00283
-0.01212 -0.00272
-0.01041 -0.00279
-0.00913 -0.00344
-0.00942 -0.00265
-0.01104 -0.00207
-0.01293 -0.00229
-0.01389 -0.00198
-0.01251 -0.00392
-0.01331 -0.00470
-0.01056 -0.00331
-0.00961 -0.00139
-0.00942 -0.00076
-0.00968 -0.00128
-0.01067 -0.00219
-0.01375 -0.00185
-0.01472 -0.00262
-0.01308 -0.00126
-0.00902 -0.00318
-0.00270 -0.00239
0.00586 -0.00363
0.01268 -0.00561
0.01794 -0.00620
0.02238 -0.00539
0.02386 -0.00306
0.02673 -0.00018
0.02854 0.00037
0.02976 -0.00072
0.03275 -0.00181
0.03699 -0.00008
0.04129 0.00015
0.04509 0.00108
0.04872 0.00109
0.05302 0.00209
0.05702 0.00105
0.06003 0.00060
0.06368 0.00019
0.06564 0.00121
0.06837 0.00230
0.07182 0.00348
0.07704 0.00520
0.08228 0.00563
0.08801 0.00720
0.09338 0.00664
0.09834 0.00692
0.10252 0.00906
0.10407 0.01081
0.10753 0.01183
0.10927 0.01333
0.11234 0.01351
0.11659 0.01104
0.12083 0.01014
0.12489 0.01106
0.12895 0.01402
0.13335 0.01545
0.13776 0.01741
0.14208 0.01854
0.14617 0.01752
0.14853 0.01612
0.15462 0.01723
0.16101 0.01720
0.16286 0.01799
0.16686 0.01913
0.16775 0.01951
0.17113 0.02268
0.17589 0.02380
0.17866 0.02439
0.18350 0.02289
0.18909 0.02361
0.19260 0.02443
0.19666 0.02627
0.20098 0.02726
0.20404 0.02952
0.20735 0.03142
0.21121 0.03106
0.21401 0.03103
0.21617 0.03173
0.21779 0.03353
0.22608 0.03726
0.23156 0.03570
0.24984 0.03769
0.25435 0.03854
0.25717 0.04142
0.25982 0.04307
0.26375 0.04355
0.27112 0.04924
0.27493 0.04963
0.27886 0.05035
0.28306 0.05209
0.28858 0.05343
0.29316 0.05498
0.29528 0.05376
0.29930 0.05425
0.29943 0.05427
0.30228 0.05615
0.31462 0.06111
0.31489 0.06121
0.31991 0.06149
0.32199 0.06526
0.33139 0.07068
0.33370 0.07158
0.33578 0.07170
0.34907 0.07680
0.35408 0.07693
0.35850 0.07805
0.36182 0.07914
0.36477 0.07897
0.36979 0.08029
0.37452 0.08312
0.38142 0.09043
0.38160 0.09061
0.38387 0.09396
0.39016 0.09839
0.39404 0.09750
0.39783 0.09812
0.40210 0.09986
0.40605 0.10206
0.41036 0.10433
0.41540 0.10661
0.41909 0.11100
0.42197 0.11140
0.42578 0.11317
0.42760 0.11362
0.43076 0.11406
0.43734 0.11696
0.43750 0.11702
0.43990 0.11831
0.44274 0.12045
0.44659 0.12287
0.45825 0.13362
0.46409 0.13591
0.46877 0.13835
0.47340 0.14006
0.47653 0.14132
0.48157 0.14532
0.48170 0.14540
0.48281 0.14579
0.48411 0.14698
0.48563 0.14785
0.49058 0.14765
0.49412 0.14847
0.49707 0.15277
0.50037 0.15618
0.50358 0.16051
0.50693 0.16495
0.50919 0.16833
0.51392 0.17073
0.52049 0.17103
0.52435 0.17031
0.52972 0.17159
0.53231 0.17386
0.53453 0.17742
0.53591 0.17736
0.53689 0.18027
0.53933 0.18193
0.54219 0.18320
0.54586 0.18423
0.54785 0.18688
0.55172 0.18885
0.55561 0.19325
0.55987 0.19987
0.56399 0.20255
0.56719 0.20582
0.57077 0.20889
0.57325 0.21224
0.57717 0.21180
0.58064 0.21142
0.58263 0.21408
0.58401 0.21803
0.58549 0.22301
0.58601 0.22327
0.58877 0.22266
0.59222 0.22041
0.59742 0.22335
0.60306 0.22769
0.60831 0.23303
0.61140 0.23968
0.61226 0.24547
0.61460 0.24970
0.61892 0.24753
0.62151 0.24831
0.62750 0.25019
0.63106 0.25133
0.63220 0.25424
0.63163 0.25691
0.63241 0.25884
0.63539 0.26109
0.63830 0.26258
0.64153 0.26471
0.64445 0.26861
0.64808 0.27219
0.65170 0.27421
0.65531 0.27869
0.65945 0.28244
0.66390 0.28653
0.66567 0.29006
0.66660 0.29311
0.66823 0.29508
0.67158 0.29660
0.67561 0.29732
0.68021 0.29870
0.68174 0.30259
0.68365 0.30614
0.68457 0.30887
0.68641 0.31112
0.68879 0.31186
0.69322 0.31491
0.69681 0.31933
0.70086 0.32402
0.70380 0.32806
0.70821 0.33240
0.71090 0.33471
0.71196 0.33722
0.71391 0.33750
0.71457 0.34090
0.71565 0.34239
0.72010 0.34291
0.72551 0.34454
0.72808 0.34719
0.72996 0.35042
0.72966 0.35296
0.73121 0.35591
0.73442 0.36025
0.73945 0.36536
0.74464 0.36866
0.74678 0.37405
0.74767 0.37856
0.75126 0.38074
0.75382 0.38288
0.75342 0.38738
0.75593 0.39096
0.75771 0.39140
0.75926 0.39001
0.76069 0.39041
0.76311 0.39956
0.76318 0.39983
0.76771 0.40511
0.77767 0.41284
0.77792 0.41304
0.78257 0.41714
0.78640 0.42316
0.78650 0.42330
0.78659 0.42503
0.78822 0.42904
0.78827 0.42914
0.79073 0.43222
0.79194 0.43599
0.79285 0.44095
0.79650 0.44319
0.80045 0.44532
0.80217 0.44920
0.80464 0.45311
0.80764 0.45686
0.80989 0.45812
0.81137 0.46206
0.81210 0.46572
0.81322 0.47038
0.81712 0.47591
0.81943 0.47974
0.82136 0.47994
0.82542 0.48012
0.82717 0.48048
0.82882 0.49301
0.83384 0.49977
0.83397 0.49993
0.83911 0.50247
0.84108 0.50583
0.84324 0.51270
0.84302 0.51397
0.84380 0.51953
0.84542 0.52458
0.84624 0.52791
0.85339 0.53801
0.85501 0.54084
0.85511 0.54100
0.85748 0.54857
0.85951 0.55358
0.85961 0.55381
0.86661 0.56009
0.87048 0.56526
0.87058 0.56540
0.87119 0.57263
0.87554 0.59093
0.87769 0.59295
0.88041 0.59440
0.88223 0.59570
0.88244 0.59677
0.88204 0.59992
0.88374 0.60424
0.88509 0.60854
0.88683 0.61227
0.88943 0.61638
0.89208 0.62214
0.89298 0.62666
0.89518 0.63216
0.89585 0.63524
0.89950 0.64011
0.90335 0.64202
0.90351 0.64307
0.90357 0.64761
0.90351 0.64906
0.90434 0.65071
0.90553 0.65540
0.90750 0.65951
0.90776 0.66147
0.91107 0.66621
0.91214 0.66911
0.91325 0.67306
0.91569 0.67711
0.91601 0.68315
0.91794 0.68751
0.91862 0.69087
0.91954 0.69353
0.92032 0.69922
0.92230 0.70250
0.92271 0.70473
0.92458 0.70684
0.92616 0.71001
0.92787 0.71251
0.92999 0.71667
0.93044 0.72235
0.93178 0.72792
0.93310 0.73261
0.93372 0.73735
0.93409 0.74226
0.93571 0.74550
0.93831 0.74779
0.94012 0.75106
0.94049 0.75357
0.94053 0.75480
0.94112 0.75791
0.94142 0.75956
0.94326 0.76326
0.94483 0.76742
0.94339 0.77375
0.94182 0.77890
0.94282 0.78488
0.94604 0.78818
0.94780 0.79264
0.94971 0.79786
0.94913 0.80199
0.94810 0.80476
0.94822 0.80820
0.95053 0.81096
0.95217 0.81389
0.95345 0.81896
0.95396 0.82223
0.95281 0.82508
0.95126 0.82774
0.95255 0.83153
0.95454 0.83456
0.95785 0.84050
0.95953 0.84618
0.95941 0.85088
0.96040 0.85574
0.95967 0.85900
0.95987 0.86230
0.96020 0.86299
0.96034 0.86388
0.96172 0.86576
0.96217 0.86967
0.96147 0.87323
0.96098 0.87617
0.96316 0.88130
0.96475 0.88805
0.96440 0.89372
0.96451 0.89859
0.96480 0.90225
0.96514 0.90601
0.96757 0.90857
0.96823 0.91226
0.96925 0.91594
0.97002 0.92115
0.96928 0.92547
0.96909 0.93226
0.96907 0.93242
0.96975 0.93488
0.97080 0.93750
0.97064 0.94320
0.97043 0.94910
0.97078 0.95552
0.97169 0.95861
0.97310 0.96215
0.97505 0.96662
0.97509 0.97019
0.97266 0.97656
0.97244 0.97952
0.97353 0.99391
0.97306 1.00711
0.97305 1.00740
0.97269 1.00978
0.97335 1.01852
0.97337 1.01874
0.97286 1.02336
0.97515 1.02670
0.97548 1.03006
0.97525 1.03446
0.97120 1.04565
0.97348 1.04894
0.97449 1.05315
0.97376 1.05753
0.97283 1.07095
0.97311 1.07251
0.97278 1.07931
0.97068 1.08227
0.97125 1.09435
0.97125 1.09464
0.97379 1.10035
0.97329 1.10564
0.97297 1.11063
0.97245 1.11513
0.97079 1.11871
0.97128 1.12751
0.96932 1.13378
0.96929 1.13394
0.96951 1.13569
0.97070 1.14037
0.97202 1.14436
0.97100 1.14948
0.96733 1.16059
0.96772 1.15925
0.96678 1.16258
0.96739 1.16940
0.96743 1.16956
0.96639 1.17146
0.96491 1.17264
0.96212 1.17599
0.95879 1.19280
0.96099 1.19820
0.96173 1.20144
0.96171 1.20515
0.96118 1.20708
0.95951 1.20838
0.95608 1.21028
0.95543 1.21124
0.95361 1.21374
0.95247 1.21970
0.95263 1.22573
0.95467 1.23010
0.95490 1.23323
0.95395 1.23691
0.95047 1.23986
0.95036 1.24304
0.95268 1.24328
0.95248 1.24354
0.95274 1.24180
0.95086 1.24234
0.94929 1.24517
0.94767 1.24962
0.94401 1.25913
0.94176 1.26734
0.94132 1.27910
0.94313 1.28919
0.94578 1.29150
0.94573 1.29568
0.94191 1.29505
0.94184 1.29800
0.93819 1.29741
0.93854 1.29927
0.93578 1.29686
0.93184 1.29859
0.93309 1.30497
0.93137 1.31128
0.92975 1.31886
0.92826 1.32616
0.92992 1.33298
0.92772 1.34054
0.92512 1.34477
0.92425 1.34872
0.92355 1.35069
0.92215 1.35333
0.92068 1.35810
0.91852 1.36218
0.91853 1.36513
0.91769 1.36787
0.91533 1.37097
0.91465 1.37636
0.91247 1.38150
0.91093 1.38561
0.90911 1.39052
0.90619 1.39452
0.90474 1.39780
0.90433 1.40064
0.90357 1.40562
0.90241 1.41061
0.90120 1.41625
0.89859 1.42113
0.89602 1.42378
0.89472 1.42351
0.89486 1.42449
0.89480 1.42772
0.89373 1.43037
0.89085 1.43328
0.88697 1.43638
0.88368 1.44034
0.88329 1.44589
0.88291 1.45176
0.88373 1.45698
0.88468 1.46049
0.88180 1.46401
0.87792 1.46861
0.87393 1.47315
0.87122 1.47917
0.87128 1.48366
0.87154 1.48661
0.87313 1.48739
0.87436 1.48821
0.87304 1.48870
0.86898 1.49009
0.86463 1.49223
0.86196 1.49893
0.85759 1.50395
0.85764 1.51190
0.85686 1.51845
0.85604 1.52132
0.85266 1.52410
0.85009 1.52724
0.84725 1.52987
0.84470 1.53330
0.84464 1.53507
0.84439 1.53761
0.84228 1.54455
0.84223 1.54470
0.84006 1.54674
0.83795 1.54779
0.83481 1.55139
0.82507 1.56618
0.82482 1.57183
0.82492 1.57561
0.81856 1.58224
0.81315 1.58871
0.80874 1.59323
0.80859 1.59335
0.80641 1.59675
0.80314 1.59916
0.79793 1.60727
0.79781 1.60744
0.79612 1.60909
0.79170 1.61284
0.78816 1.61655
0.78815 1.62777
0.78812 1.62802
0.78563 1.63525
0.78558 1.63545
0.78440 1.63576
0.78359 1.63696
0.77764 1.64114
0.77165 1.64426
0.76722 1.64641
0.76627 1.65002
0.76458 1.65707
0.76178 1.66015
0.75993 1.66389
0.75829 1.66650
0.75339 1.66931
0.74938 1.67124
0.74655 1.67410
0.74467 1.67909
0.74296 1.68236
0.74279 1.68514
0.74160 1.68795
0.73750 1.69122
0.72743 1.69769
0.72398 1.70304
0.72365 1.70672
0.72149 1.71234
0.71951 1.71609
0.71670 1.71844
0.71231 1.71924
0.70976 1.72044
0.70732 1.72212
0.70073 1.72591
0.70058 1.72601
0.69840 1.73064
0.69500 1.73568
0.69283 1.74102
0.68965 1.74558
0.68521 1.74626
0.68223 1.74789
0.67992 1.74861
0.67696 1.75036
0.67576 1.75279
0.67352 1.75634
0.67121 1.76023
0.66816 1.76369
0.66680 1.76582
0.66400 1.76571
0.65956 1.76815
0.65680 1.77083
0.65547 1.77655
0.65085 1.78083
0.64978 1.78355
0.64478 1.78345
0.63978 1.78488
0.63672 1.78985
0.63531 1.79377
0.63373 1.79718
0.63028 1.80019
0.62816 1.80231
0.62675 1.80277
0.62533 1.80388
0.62258 1.80559
0.61980 1.80731
0.61560 1.80969
0.61223 1.81288
0.60960 1.81575
0.60572 1.81809
0.60068 1.82079
0.59639 1.82463
0.59207 1.82914
0.59045 1.83313
0.58972 1.83593
0.58891 1.83684
0.58541 1.83782
0.58242 1.83895
0.57712 1.84325
0.57375 1.84552
0.56883 1.84792
0.56603 1.84967
0.56166 1.85237
0.55920 1.85305
0.55761 1.85425
0.55410 1.85584
0.55108 1.85984
0.54771 1.86325
0.54537 1.86487
0.54181 1.86729
0.53735 1.86951
0.53517 1.87105
0.53320 1.87249
0.53261 1.87360
0.53042 1.87722
0.52745 1.87871
0.52411 1.88078
0.51966 1.88435
0.51185 1.88729
0.50442 1.88958
0.50075 1.89052
0.50088 1.89216
0.50141 1.89254
0.50176 1.89488
0.50046 1.89818
0.49366 1.90053
0.48937 1.90138
0.48724 1.90474
0.48307 1.90833
0.47878 1.90851
0.47499 1.90844
0.47220 1.90818
0.46861 1.91135
0.46626 1.91634
0.46366 1.91885
0.45851 1.92077
0.45485 1.92332
0.45050 1.92533
0.44747 1.92862
0.44572 1.93050
0.44221 1.93215
0.44024 1.93333
0.43601 1.93343
0.43232 1.93279
0.43063 1.93195
0.42787 1.93404
0.42440 1.93578
0.42001 1.94031
0.41507 1.94504
0.41026 1.94843
0.40763 1.95064
0.40452 1.95402
0.39928 1.95495
0.39548 1.95416
0.38536 1.95813
0.38251 1.96070
0.37913 1.96179
0.37342 1.96204
0.37327 1.96207
0.37055 1.96365
0.36963 1.96634
0.35302 1.97301
0.35108 1.97344
0.34668 1.97582
0.34110 1.98072
0.34096 1.98084
0.34224 1.97921
0.33818 1.98061
0.33139 1.98175
0.32507 1.98319
0.32050 1.98567
0.31416 1.98802
0.31443 1.98797
0.31118 1.98850
0.30344 1.99103
0.30323 1.99109
0.29838 1.99217
0.28991 1.99533
0.28970 1.99541
0.28722 1.99634
0.28382 1.99769
0.28197 1.99949
0.27912 2.00027
0.26557 2.00622
0.26000 2.00747
0.25703 2.00884
0.25459 2.00895
0.25282 2.00818
0.25201 2.00788
0.24953 2.00893
0.23929 2.01109
0.23907 2.01113
0.23620 2.01242
0.23195 2.01465
0.22742 2.01809
0.22106 2.02061
0.21516 2.02153
0.20995 2.01978
0.20652 2.01970
0.20183 2.01870
0.19137 2.02175
0.19114 2.02180
0.18840 2.02470
0.18725 2.02706
0.18188 2.02841
0.17796 2.03038
0.17245 2.02921
0.16983 2.02968
0.16650 2.02863
0.16277 2.02824
0.15886 2.03036
0.15320 2.03430
0.14916 2.03681
0.14476 2.03709
0.14154 2.03684
0.13806 2.03731
0.13465 2.03774
0.13006 2.03815
0.12685 2.03808
0.12268 2.03660
0.11838 2.03703
0.11587 2.03815
0.11359 2.04006
0.10982 2.04183
0.10472 2.04277
0.10019 2.04157
0.09656 2.04253
0.09149 2.04429
0.08526 2.04521
0.08072 2.04616
0.07684 2.04776
0.07447 2.04876
0.07295 2.04997
0.07050 2.04800
0.06766 2.04648
0.06573 2.04538
0.06232 2.04542
0.05772 2.04565
0.05132 2.04639
0.04560 2.04898
0.04156 2.05022
0.03852 2.05055
0.03615 2.05171
0.03397 2.04941
0.02926 2.04986
0.02230 2.05140
0.01591 2.05048
0.01247 2.05035
0.00986 2.05087
0.00782 2.05122
0.00442 2.05154
0.00064 2.05219
-0.00262 2.05221
-0.00695 2.05062
-0.01020 2.05050
-0.01395 2.05055
-0.01787 2.04847
-0.02096 2.04988
-0.02705 2.05093
-0.03391 2.05336
-0.03719 2.05291
-0.04013 2.05783
-0.04428 2.06138
-0.04626 2.06034
-0.04865 2.05598
-0.05205 2.05189
-0.05904 2.04939
-0.06493 2.04803
-0.06836 2.04882
-0.07180 2.05378
-0.07525 2.05558
-0.07636 2.05531
-0.08090 2.05266
-0.08700 2.04998
-0.09345 2.04898
-0.09694 2.05050
-0.10082 2.05118
-0.10142 2.05239
-0.10434 2.05091
-0.10726 2.04957
-0.11478 2.04779
-0.12214 2.04990
-0.12840 2.04974
-0.13092 2.05185
-0.13262 2.05333
-0.13390 2.05338
-0.13698 2.05129
-0.14182 2.04699
-0.14610 2.04312
-0.14903 2.03929
-0.15318 2.03888
-0.16300 2.04765
-0.16324 2.04783
-0.16750 2.05190
-0.17265 2.05167
-0.17706 2.04692
-0.18167 2.04345
-0.18535 2.04151
-0.18720 2.04290
-0.18866 2.04304
-0.19123 2.04002
-0.20695 2.03944
-0.21166 2.04130
-0.21252 2.04224
-0.21552 2.03893
-0.21777 2.03453
-0.22230 2.03161
-0.23129 2.03388
-0.23129 2.03388
-0.23657 2.03342
-0.23948 2.03537
-0.24023 2.03541
-0.24168 2.03400
-0.26685 2.02888
-0.27061 2.02902
-0.27279 2.02836
-0.27389 2.02681
-0.28472 2.02432
-0.28735 2.02320
-0.29098 2.01915
-0.29364 2.01835
-0.29721 2.01816
-0.30249 2.01737
-0.30793 2.01760
-0.31355 2.01631
-0.31793 2.01426
-0.31910 2.01470
-0.31960 2.01504
-0.32204 2.01484
-0.32603 2.01429
-0.32935 2.01280
-0.33189 2.01110
-0.34735 2.00644
-0.35668 2.00432
-0.35692 2.00426
-0.35879 2.00293
-0.36251 2.00196
-0.37216 2.00123
-0.37617 1.99876
-0.37919 1.99847
-0.39079 1.99395
-0.39457 1.98839
-0.39726 1.98644
-0.40779 1.98241
-0.41106 1.98115
-0.41654 1.98053
-0.42258 1.98169
-0.42804 1.98229
-0.43287 1.98009
-0.43757 1.97824
-0.43871 1.97546
-0.44182 1.97560
-0.44423 1.97459
-0.44668 1.97410
-0.44845 1.96977
-0.45068 1.96319
-0.45444 1.95823
-0.45926 1.95599
-0.46108 1.95939
-0.46370 1.96124
-0.46636 1.96137
-0.47305 1.96070
-0.47888 1.95736
-0.48503 1.95350
-0.48768 1.95105
-0.49114 1.94989
-0.49475 1.95137
-0.49885 1.95245
-0.50385 1.94878
-0.50587 1.94647
-0.50846 1.94437
-0.51079 1.94267
-0.51324 1.94099
-0.51460 1.94048
-0.51659 1.93650
-0.52000 1.93378
-0.52304 1.93100
-0.52744 1.92840
-0.53037 1.92747
-0.53335 1.92559
-0.53661 1.92263
-0.54010 1.91962
-0.54437 1.91772
-0.54937 1.91625
-0.55416 1.91652
-0.55715 1.91629
-0.56114 1.91629
-0.56338 1.91382
-0.56645 1.90997
-0.56779 1.90683
-0.57038 1.90315
-0.57264 1.90202
-0.57608 1.90173
-0.57933 1.89927
-0.58494 1.89681
-0.59032 1.89493
-0.59485 1.89263
-0.59893 1.89318
-0.60062 1.89001
-0.60230 1.88792
-0.60556 1.88461
-0.61038 1.88198
-0.61322 1.88094
-0.61485 1.87791
-0.61652 1.87546
-0.61948 1.87403
-0.62255 1.87063
-0.62838 1.86875
-0.63416 1.86602
-0.63907 1.86284
-0.64361 1.86087
-0.64340 1.85723
-0.64415 1.85567
-0.64764 1.85348
-0.65419 1.84974
-0.65878 1.84796
-0.66199 1.84626
-0.66154 1.84623
-0.66011 1.84406
-0.66165 1.83897
-0.66401 1.83637
-0.67140 1.83476
-0.67542 1.83360
-0.67852 1.83149
-0.68243 1.82850
-0.68587 1.82850
-0.68911 1.82840
-0.69238 1.82644
-0.69557 1.82186
-0.69804 1.81884
-0.70352 1.81494
-0.70575 1.81297
-0.70836 1.80959
-0.71066 1.80578
-0.71190 1.80425
-0.71456 1.80309
-0.71809 1.80127
-0.72113 1.79829
-0.72430 1.79443
-0.72845 1.79066
-0.73180 1.78577
-0.73944 1.77991
-0.73962 1.77976
-0.74258 1.77695
-0.74379 1.77572
-0.74761 1.77524
-0.75323 1.77772
-0.75607 1.77656
-0.75930 1.75855
-0.76145 1.75586
-0.76710 1.74832
-0.76722 1.74813
-0.76802 1.74717
-0.77108 1.74419
-0.78304 1.73449
-0.79399 1.72758
-0.79473 1.72460
-0.79638 1.72213
-0.79785 1.72007
-0.80213 1.71847
-0.80527 1.71580
-0.80787 1.71346
-0.81362 1.70694
-0.81379 1.70678
-0.81697 1.70424
-0.81799 1.69424
-0.81801 1.69401
-0.81945 1.69018
-0.82148 1.68793
-0.82573 1.68691
-0.83380 1.68637
-0.83400 1.68634
-0.83660 1.68435
-0.84076 1.68067
-0.84488 1.67312
-0.84500 1.67294
-0.84521 1.66735
-0.84403 1.66322
-0.84466 1.65992
-0.85098 1.65446
-0.85283 1.64956
-0.85490 1.64473
-0.85589 1.63838
-0.85849 1.63222
-0.86338 1.62911
-0.86908 1.62804
-0.87181 1.62691
-0.87284 1.62625
-0.87462 1.62616
-0.87889 1.62493
-0.88246 1.62083
-0.88494 1.61718
-0.88494 1.61423
-0.88830 1.60451
-0.88830 1.60451
-0.89186 1.60004
-0.89424 1.59762
-0.89530 1.59399
-0.89578 1.58803
-0.89765 1.58619
-0.90196 1.58439
-0.90400 1.58278
-0.90552 1.58181
-0.90805 1.58038
-0.91021 1.57728
-0.91336 1.57558
-0.91635 1.57331
-0.91901 1.57005
-0.92169 1.56661
-0.92381 1.56171
-0.92445 1.55699
-0.92447 1.55190
-0.92378 1.54737
-0.92248 1.54321
-0.92359 1.54013
-0.92559 1.53719
-0.92903 1.53409
-0.93373 1.52973
-0.93569 1.52488
-0.93894 1.51940
-0.94185 1.51597
-0.94431 1.51521
-0.94820 1.51323
-0.94996 1.51234
-0.95176 1.50970
-0.95311 1.50505
-0.95312 1.49947
-0.95509 1.49533
-0.95608 1.49258
-0.95688 1.48820
-0.95587 1.48587
-0.95697 1.48386
-0.96012 1.48014
-0.96156 1.47710
-0.96434 1.47030
-0.96691 1.46663
-0.97102 1.46294
-0.97504 1.45991
-0.97746 1.45708
-0.97843 1.45350
-0.97684 1.45019
-0.97599 1.44763
-0.97745 1.44493
-0.98069 1.44213
-0.97983 1.43946
-0.98145 1.43386
-0.98281 1.42671
-0.98359 1.42175
-0.98727 1.41639
-0.98811 1.41233
-0.98708 1.41040
-0.99260 1.41100
-0.99476 1.40841
-0.99672 1.40652
-1.00032 1.40167
-1.00326 1.39652
-1.00337 1.39038
-1.00340 1.38618
-1.00361 1.38216
-1.00323 1.38000
-1.00250 1.37623
-1.00448 1.37185
-1.00720 1.36733
-1.00939 1.36228
-1.01179 1.35769
-1.01213 1.35546
-1.01206 1.35287
-1.01313 1.35185
-1.01582 1.35007
-1.01882 1.34554
-1.01940 1.34171
-1.02200 1.33258
-1.02207 1.33234
-1.02213 1.32634
-1.02212 1.31990
-1.02297 1.31379
-1.02187 1.31139
-1.02226 1.30803
-1.02359 1.30611
-1.02590 1.30512
-1.02792 1.30292
-1.02904 1.29960
-1.03076 1.29618
-1.03129 1.29119
-1.03332 1.27552
-1.03452 1.27137
-1.03778 1.26197
-1.03780 1.25715
-1.03838 1.25514
-1.04163 1.25278
-1.04677 1.24913
-1.04750 1.24516
-1.04750 1.24516
-1.04832 1.24404
-1.05063 1.23415
-1.05063 1.23415
-1.04916 1.22696
-1.04847 1.21520
-1.04847 1.21493
-1.04836 1.21021
-1.04936 1.20866
-1.05182 1.20710
-1.05512 1.20623
-1.05631 1.20010
-1.05633 1.19997
-1.05633 1.19376
-1.05696 1.18372
-1.05699 1.18346
-1.05781 1.17983
-1.05826 1.17680
-1.05987 1.17426
-1.05951 1.17073
-1.06088 1.16802
-1.06300 1.16514
-1.06576 1.16068
-1.06613 1.15126
-1.06612 1.15104
-1.06465 1.14475
-1.06437 1.13937
-1.06265 1.13124
-1.06257 1.13105
-1.06303 1.12709
-1.06528 1.12621
-1.06536 1.11897
-1.06479 1.11543
-1.06493 1.11221
-1.06570 1.10706
-1.06874 1.09375
-1.07073 1.09011
-1.07338 1.08351
-1.06918 1.07020
-1.06612 1.06662
-1.06607 1.06655
-1.06930 1.06673
-1.07127 1.06139
-1.06949 1.05743
-1.06866 1.04968
-1.06909 1.04586
-1.06999 1.04098
-1.07013 1.03887
-1.07519 1.03674
-1.07603 1.03210
-1.07467 1.02899
-1.07131 1.02572
-1.06924 1.01965
-1.06926 1.01377
-1.06921 1.01080
-1.07003 1.00704
-1.07060 1.00265
-1.07111 0.99886
-1.07125 0.99471
-1.07132 0.99240
-1.07107 0.98940
-1.07105 0.98617
-1.07037 0.98214
-1.07013 0.97763
-1.06994 0.97345
-1.07189 0.96923
-1.07160 0.96538
-1.07119 0.96248
-1.07113 0.95757
-1.07116 0.95303
-1.06922 0.94939
-1.06721 0.94522
-1.06574 0.94132
-1.06521 0.93932
-1.06637 0.93542
-1.06788 0.92972
-1.06762 0.92457
-1.06709 0.92054
-1.06613 0.91694
-1.06628 0.91446
-1.06685 0.91120
-1.06564 0.90882
-1.06355 0.90545
-1.06205 0.90201
-1.06354 0.89556
-1.06321 0.88892
-1.06383 0.88434
-1.06388 0.87994
-1.06146 0.87598
-1.06069 0.87079
-1.05930 0.86662
-1.05877 0.86331
-1.05904 0.86008
-1.05818 0.85943
-1.05763 0.85661
-1.05709 0.85158
-1.05606 0.84602
-1.05504 0.84099
-1.05473 0.83560
-1.05441 0.83251
-1.05253 0.82817
-1.05155 0.82465
-1.05137 0.82230
-1.05248 0.82082
-1.05321 0.81708
-1.05364 0.81506
-1.05283 0.81093
-1.04973 0.80777
-1.04544 0.80412
-1.04415 0.79956
-1.04404 0.79452
-1.04377 0.79070
-1.04313 0.78580
-1.04375 0.78160
-1.04363 0.77810
-1.04339 0.77482
-1.04273 0.76981
-1.03978 0.76513
-1.03878 0.75939
-1.03440 0.75479
-1.03098 0.75493
-1.03104 0.75520
-1.03180 0.75381
-1.03251 0.74924
-1.03382 0.74128
-1.03260 0.73555
-1.03216 0.73119
-1.03058 0.72740
-1.02947 0.72397
-1.02540 0.72128
-1.02429 0.71842
-1.01969 0.69945
-1.01417 0.69214
-1.01425 0.69347
-1.01435 0.69289
-1.01008 0.67646
-1.00423 0.66451
-1.00409 0.66421
-1.00279 0.65884
-1.00197 0.65597
-0.99781 0.65134
-0.99304 0.64257
-0.99100 0.63911
-0.99069 0.63429
-0.98943 0.62753
-0.98800 0.62223
-0.98195 0.60963
-0.98037 0.60871
-0.98068 0.60652
-0.98059 0.60336
-0.97763 0.59809
-0.97241 0.59022
-0.97230 0.59003
-0.96724 0.58186
-0.96624 0.57802
-0.96543 0.57434
-0.96541 0.57012
-0.96533 0.56673
-0.96051 0.56113
-0.96040 0.56097
-0.95775 0.55632
-0.95600 0.55226
-0.95296 0.54887
-0.94642 0.54118
-0.94625 0.54098
-0.94290 0.53609
-0.94255 0.53118
-0.94175 0.52652
-0.94045 0.51709
-0.94043 0.51687
-0.93904 0.51318
-0.93760 0.51311
-0.92570 0.51006
-0.92016 0.49135
-0.92027 0.48548
-0.91946 0.47945
-0.91869 0.47806
-0.91595 0.47609
-0.91308 0.47365
-0.90974 0.47227
-0.90373 0.47387
-0.89951 0.47213
-0.89710 0.47118
-0.89653 0.46683
-0.89578 0.46185
-0.89615 0.45354
-0.89460 0.44729
-0.89478 0.44213
-0.89227 0.43983
-0.88725 0.43427
-0.88082 0.43030
-0.88055 0.43008
-0.87815 0.42893
-0.87551 0.42613
-0.87369 0.42066
-0.87318 0.41412
-0.87011 0.41014
-0.86717 0.40766
-0.86271 0.40620
-0.85977 0.40367
-0.85799 0.40177
-0.85751 0.40076
-0.85793 0.39742
-0.85667 0.39312
-0.85333 0.38622
-0.85086 0.38111
-0.84735 0.37840
-0.84513 0.37824
-0.84137 0.37646
-0.83869 0.37233
-0.83631 0.36594
-0.83465 0.36470
-0.83176 0.36181
-0.83040 0.35676
-0.83024 0.35459
-0.82767 0.35200
-0.82335 0.34916
-0.81863 0.34830
-0.81457 0.34908
-0.81061 0.34834
-0.80941 0.34608
-0.80734 0.34168
-0.80599 0.33697
-0.80139 0.32885
-0.79744 0.32211
-0.79452 0.31836
-0.79345 0.31547
-0.79265 0.31393
-0.79145 0.31535
-0.79016 0.31651
-0.78832 0.31457
-0.78525 0.31052
-0.78259 0.30546
-0.77776 0.30171
-0.77085 0.29878
-0.76479 0.29809
-0.76268 0.29852
-0.76192 0.29597
-0.75907 0.28986
-0.75888 0.28491
-0.75929 0.28057
-0.75841 0.27829
-0.75653 0.27621
-0.75204 0.27643
-0.74838 0.27555
-0.74229 0.27289
-0.73843 0.26848
-0.73418 0.26440
-0.73111 0.26233
-0.73040 0.25960
-0.72941 0.25877
-0.72951 0.25733
-0.72626 0.25475
-0.72210 0.25123
-0.71750 0.24601
-0.71393 0.24039
-0.71148 0.23873
-0.70506 0.23463
-0.70236 0.23119
-0.70020 0.22809
-0.69137 0.22351
-0.69115 0.22339
-0.68809 0.22158
-0.68617 0.21763
-0.68294 0.21331
-0.67776 0.20915
-0.67762 0.20905
-0.67467 0.20875
-0.67042 0.20769
-0.66498 0.20265
-0.66485 0.20252
-0.66417 0.19788
-0.66258 0.19498
-0.66018 0.19364
-0.65849 0.19440
-0.65397 0.19395
-0.64708 0.19259
-0.64129 0.19034
-0.63418 0.18286
-0.63400 0.18268
-0.63292 0.18061
-0.63129 0.17723
-0.62808 0.17497
-0.62502 0.17249
-0.62045 0.17073
-0.61604 0.16852
-0.60442 0.16168
-0.60020 0.15928
-0.59395 0.15508
-0.59310 0.15160
-0.59204 0.14899
-0.58877 0.14760
-0.58281 0.14489
-0.57677 0.14426
-0.57287 0.14282
-0.57048 0.13985
-0.56746 0.13756
-0.56464 0.13341
-0.56455 0.13330
-0.56258 0.12970
-0.55856 0.12822
-0.55449 0.12523
-0.54126 0.12104
-0.53346 0.11911
-0.53326 0.11905
-0.53004 0.11821
-0.52694 0.11409
-0.51923 0.10791
-0.51572 0.10826
-0.51093 0.10602
-0.50880 0.10301
-0.50586 0.10053
-0.50108 0.09788
-0.49840 0.09683
-0.48934 0.09649
-0.48912 0.09645
-0.48615 0.09410
-0.48435 0.09178
-0.48185 0.08863
-0.47799 0.08465
-0.47369 0.08313
-0.46896 0.08180
-0.46533 0.08270
-0.46192 0.08342
-0.45881 0.08256
-0.45778 0.07985
-0.45396 0.07690
-0.44891 0.07358
-0.44574 0.07124
-0.44163 0.07212
-0.43829 0.07323
-0.43664 0.07555
-0.43478 0.07629
-0.43109 0.07370
-0.42498 0.06907
-0.42023 0.06438
-0.41551 0.06076
-0.41017 0.06009
-0.40668 0.06009
-0.40465 0.05894
-0.40123 0.05941
-0.39732 0.06007
-0.39519 0.05585
-0.39192 0.05368
-0.38719 0.05283
-0.38342 0.05214
-0.38055 0.05046
-0.37664 0.04866
-0.37420 0.04719
-0.36877 0.04605
-0.36395 0.04483
-0.36252 0.04461
-0.36136 0.04365
-0.35776 0.04341
-0.35559 0.04077
-0.35029 0.03603
-0.34486 0.03470
-0.33858 0.03388
-0.33479 0.03468
-0.33018 0.03431
-0.32938 0.03399
-0.32558 0.03436
-0.32234 0.03425
-0.31947 0.03382
-0.31580 0.03349
-0.31245 0.03327
-0.30911 0.03185
-0.30554 0.02878
-0.30218 0.02751
-0.29783 0.02752
-0.29407 0.02622
-0.29038 0.02446
-0.28636 0.02245
-0.28217 0.02271
-0.27716 0.02224
-0.27515 0.01985
-0.27289 0.01501
-0.27033 0.01310
-0.26657 0.01263
-0.26299 0.01547
-0.25937 0.01590
-0.25405 0.01455
-0.24939 0.01296
-0.24633 0.01162
-0.24182 0.01080
-0.23978 0.00930
-0.23513 0.00903
-0.23156 0.00854
-0.22767 0.00793
-0.22231 0.00728
-0.21809 0.00777
-0.21340 0.00770
-0.21063 0.00762
-0.20839 0.00604
-0.20627 0.00315
-0.20486 0.00150
-0.20258 0.00264
-0.19814 0.00376
-0.19311 0.00368
-0.18694 0.00381
-0.18037 0.00165
-0.17580 0.00159
-0.17201 0.00135
-0.17015 0.00071
-0.16602 -0.00114
-0.16308 -0.00262
-0.15981 -0.00371
-0.15477 -0.00344
-0.15147 -0.00057
-0.14688 -0.00034
-0.14075 -0.00317
-0.13740 -0.00356
-0.13321 -0.00311
-0.13001 -0.00134
-0.12590 -0.00219
-0.12165 -0.00248
-0.11904 -0.00358
-0.11635 -0.00430
-0.11144 -0.00637
-0.10621 -0.00784
-0.10107 -0.00813
-0.09723 -0.00757
-0.08871 -0.00474
-0.08850 -0.00467
-0.08670 -0.00320
-0.08572 -0.00315
-0.08326 -0.00432
-0.07535 -0.00628
-0.07422 -0.00764
-0.07022 -0.00919
-0.06677 -0.01063
-0.05159 -0.01001
-0.04717 -0.00846
-0.04079 -0.00569
-0.04066 -0.00562
-0.03810 -0.00432
-0.03577 -0.00598
-0.03163 -0.00673
-0.02585 -0.00901
-0.02002 -0.01056
-0.01332 -0.01080
-0.00954 -0.01015
-0.00891 -0.00734
-0.00974 -0.00714
-0.01105 -0.00798
-0.01777 -0.00714
-0.01967 -0.00634
-0.01714 -0.00627
-0.01578 -0.00583
-0.01490 -0.00758
-0.01540 -0.00713
-0.01756 -0.00641
-0.01817 -0.00499
-0.01778 -0.00453
-0.01645 -0.00588
-0.01460 -0.00647
-0.01340 -0.00561
-0.01418 -0.00459
-0.01349 -0.00520
-0.01329 -0.00669
-0.01401 -0.00743
-0.01622 -0.00688
-0.01930 -0.00732
-0.01897 -0.00601
-0.01858 -0.00606
-0.01836 -0.00490
-0.01788 -0.00625
-0.01805 -0.00693
-0.01650 -0.00507
-0.01645 -0.00710
-0.01653 -0.00713
-0.01584 -0.00744
-0.01623 -0.00855
-0.01642 -0.01001
-0.01818 -0.00924
