-0.01228 0.00165
-0.01232 0.00164
-0.01113 0.00246
-0.01006 0.00186
-0.00952 0.00134
-0.01077 0.00319
-0.01361 0.00475
-0.01367 0.00478
-0.01398 0.00396
-0.01333 0.00534
-0.00919 0.00101
-0.00878 0.00159
-0.00990 0.00393
-0.01163 0.00511
-0.01145 0.00385
-0.01349 0.00417
-0.01261 0.00367
-0.01168 0.00401
-0.01097 0.00297
-0.01173 0.00430
-0.01194 0.00571
-0.01232 0.00676
-0.01396 0.00694
-0.01252 0.00561
-0.00999 0.00300
-0.00858 0.00298
-0.00883 0.00372
-0.01063 0.00418
-0.01365 0.00494
-0.01315 0.00563
-0.01135 0.00377
-0.01092 0.00431
-0.00974 0.00327
-0.01042 0.00199
-0.01091 0.00068
-0.00964 0.00145
-0.00879 0.00276
-0.01050 0.00364
-0.01158 0.00318
-0.01302 0.00139
-0.01352 0.00162
-0.01327 0.00252
-0.01127 0.00690
-0.01015 0.00640
-0.01063 0.00403
-0.00998 0.00290
-0.01094 -0.00002
-0.01063 0.00041
-0.01198 0.00458
-0.01272 0.00554
-0.01322 0.00579
-0.01115 0.00432
-0.01102 0.00181
-0.00867 -0.00088
-0.00911 0.00067
-0.00940 0.00157
-0.00980 0.00164
-0.00954 0.00429
-0.01137 0.00617
-0.01286 0.00670
-0.01336 0.00286
-0.01223 0.00310
-0.00980 0.00257
-0.01005 0.00385
-0.00985 0.00341
-0.01119 0.00404
-0.01070 0.00333
-0.01128 0.00192
-0.01153 0.00112
-0.01125 0.00274
-0.01083 0.00424
-0.00946 0.00464
-0.01028 0.00434
-0.01107 0.00324
-0.01215 0.00244
-0.01237 0.00097
-0.01097 0.00199
-0.01020 0.00284
-0.01096 0.00273
-0.01240 0.00254
-0.01284 0.00406
-0.01095 0.00472
-0.00635 0.00426
-0.00025 0.00450
0.00533 0.00366
0.01259 0.00192
0.01597 0.00110
0.02035 0.00185
0.02623 0.00376
0.03033 0.00592
0.03363 0.00719
0.03611 0.00739
0.03810 0.00640
0.04149 0.00601
0.04487 0.00542
0.04828 0.00508
0.04907 0.00702
0.05137 0.00621
0.05552 0.00558
0.06028 0.00624
0.06760 0.00627
0.07358 0.01029
0.07917 0.01040
0.08291 0.01251
0.08728 0.01354
0.08837 0.01150
0.09045 0.01071
0.09323 0.01080
0.09535 0.00985
0.09887 0.01096
0.10463 0.01363
0.11044 0.01500
0.11593 0.01511
0.11970 0.01543
0.12528 0.01632
0.12909 0.01572
0.12879 0.01603
0.12960 0.01496
0.13416 0.01823
0.13782 0.01927
0.14249 0.02101
0.14840 0.02275
0.15729 0.02343
0.15729 0.02343
0.15886 0.02201
0.16063 0.02302
0.16468 0.02458
0.16993 0.02520
0.17413 0.02616
0.17830 0.02794
0.18211 0.02928
0.18648 0.03050
0.19136 0.03144
0.19650 0.03216
0.19900 0.03181
0.20111 0.03214
0.20911 0.03548
0.21426 0.03607
0.21993 0.03622
0.22944 0.04142
0.22968 0.04156
0.23264 0.04384
0.23570 0.04545
0.23944 0.04654
0.23955 0.04656
0.24288 0.04623
0.24743 0.04572
0.25691 0.04812
0.25715 0.04817
0.26173 0.04926
0.26476 0.05029
0.26930 0.05256
0.27732 0.05595
0.27753 0.05602
0.28139 0.05583
0.28449 0.05594
0.28670 0.05715
0.28868 0.05870
0.29262 0.06072
0.30215 0.06343
0.30238 0.06351
0.30589 0.06372
0.31194 0.07178
0.31629 0.07184
0.32301 0.07233
0.32918 0.07472
0.33332 0.07472
0.34518 0.08341
0.35519 0.08505
0.35828 0.08593
0.36185 0.08865
0.36509 0.08907
0.36750 0.08968
0.37091 0.09030
0.37342 0.09272
0.37585 0.09482
0.37875 0.09713
0.38311 0.09847
0.38875 0.10176
0.39592 0.10431
0.40063 0.10775
0.40529 0.11050
0.40541 0.11059
0.40740 0.11204
0.40968 0.11183
0.41535 0.11188
0.41549 0.11189
0.41709 0.11267
0.42064 0.11601
0.42621 0.12002
0.43119 0.12351
0.43496 0.12693
0.44060 0.12676
0.44375 0.12901
0.44796 0.13109
0.45180 0.13007
0.45449 0.12997
0.45685 0.13184
0.45696 0.13356
0.45860 0.13738
0.46233 0.13994
0.46657 0.13983
0.47150 0.14030
0.47620 0.14124
0.47875 0.14620
0.48194 0.15117
0.48797 0.15280
0.49105 0.15312
0.49411 0.15350
0.49671 0.15603
0.50088 0.15807
0.50690 0.15988
0.51167 0.16518
0.51303 0.16633
0.51380 0.16653
0.51577 0.16760
0.51802 0.16869
0.52221 0.17217
0.52592 0.17449
0.52997 0.17816
0.53260 0.18189
0.53557 0.18586
0.53902 0.18855
0.54298 0.19059
0.54615 0.19049
0.54844 0.19078
0.55081 0.19137
0.55309 0.19094
0.55486 0.19104
0.55649 0.19354
0.55989 0.19939
0.56595 0.20469
0.57149 0.20997
0.57514 0.21106
0.57938 0.21370
0.58252 0.21851
0.58466 0.22155
0.58481 0.22085
0.58666 0.22192
0.58991 0.22423
0.59351 0.22676
0.59687 0.23002
0.60115 0.23460
0.60617 0.23511
0.60874 0.23644
0.61224 0.24081
0.61595 0.24479
0.61853 0.24788
0.62053 0.24975
0.62218 0.25205
0.62340 0.25564
0.62916 0.25611
0.63399 0.26034
0.63615 0.26262
0.63880 0.26497
0.64245 0.26781
0.64377 0.26768
0.64420 0.27008
0.64739 0.27243
0.65035 0.27444
0.65532 0.27967
0.65917 0.28343
0.66274 0.28294
0.66403 0.28571
0.66563 0.29135
0.66870 0.29564
0.67338 0.29965
0.67663 0.30140
0.67973 0.30355
0.68325 0.30698
0.68477 0.30673
0.68591 0.30862
0.68799 0.31197
0.68904 0.31484
0.69177 0.31763
0.69511 0.32126
0.69964 0.32422
0.70234 0.32697
0.70368 0.32998
0.70561 0.33385
0.70874 0.33634
0.71244 0.33961
0.71598 0.34335
0.71969 0.34516
0.72238 0.34781
0.72587 0.35064
0.72743 0.35293
0.72751 0.35549
0.72823 0.35725
0.72998 0.35952
0.73159 0.36030
0.73601 0.36309
0.74496 0.37161
0.74518 0.37184
0.74789 0.37709
0.75048 0.38040
0.75259 0.38338
0.75503 0.38546
0.75739 0.39099
0.76182 0.39573
0.76192 0.39586
0.76247 0.39698
0.76226 0.39809
0.76362 0.40055
0.76643 0.40109
0.77093 0.40351
0.77554 0.40519
0.78370 0.42210
0.78742 0.42642
0.78954 0.43070
0.79279 0.43400
0.79424 0.43518
0.79551 0.43527
0.79762 0.43707
0.79843 0.44119
0.79939 0.44706
0.80011 0.45235
0.80149 0.45244
0.80404 0.45457
0.80785 0.45926
0.81225 0.46416
0.81500 0.46714
0.81745 0.46988
0.82087 0.47312
0.82098 0.47323
0.82261 0.47565
0.82453 0.47881
0.82714 0.48460
0.82737 0.48684
0.82967 0.49523
0.83351 0.49878
0.83912 0.50295
0.83920 0.50327
0.84023 0.50568
0.83981 0.50542
0.84009 0.51024
0.84252 0.51336
0.84542 0.51587
0.84872 0.52069
0.85128 0.52779
0.85373 0.53528
0.85633 0.54010
0.85737 0.54451
0.85838 0.54655
0.86083 0.54962
0.86278 0.55143
0.86433 0.55412
0.86616 0.55695
0.86770 0.56028
0.86886 0.56412
0.87001 0.56769
0.87151 0.56949
0.87311 0.57306
0.87509 0.57624
0.87733 0.58116
0.87978 0.58550
0.88249 0.58961
0.88368 0.59408
0.88534 0.59689
0.88609 0.60079
0.88789 0.60358
0.89073 0.60670
0.89196 0.60973
0.89252 0.61379
0.89273 0.61562
0.89464 0.61621
0.89602 0.61929
0.89912 0.62496
0.89977 0.62992
0.90245 0.63624
0.90666 0.64022
0.90831 0.64466
0.90792 0.64912
0.90615 0.65111
0.90668 0.65129
0.90851 0.65416
0.91004 0.65686
0.91082 0.66062
0.91327 0.66283
0.91733 0.66724
0.91890 0.67214
0.92093 0.67744
0.92056 0.68131
0.92058 0.68691
0.92085 0.69123
0.92164 0.69269
0.92492 0.68985
0.92765 0.69274
0.92781 0.69817
0.92891 0.70394
0.92958 0.71104
0.93180 0.71576
0.93304 0.72078
0.93390 0.72512
0.93633 0.72893
0.93533 0.72997
0.93488 0.73262
0.93629 0.73712
0.93921 0.74144
0.94229 0.74660
0.94335 0.75070
0.94294 0.75329
0.94261 0.75579
0.94294 0.75814
0.94269 0.76086
0.94405 0.76425
0.94467 0.76570
0.94560 0.76967
0.94675 0.77380
0.94936 0.77873
0.95162 0.78270
0.95348 0.78696
0.95363 0.79077
0.95341 0.79621
0.95391 0.79993
0.95434 0.80386
0.95464 0.80665
0.95613 0.80994
0.95749 0.81487
0.95758 0.81991
0.95885 0.82326
0.96114 0.82735
0.96189 0.82932
0.96238 0.83302
0.96377 0.83690
0.96388 0.83952
0.96340 0.84527
0.96548 0.84827
0.96605 0.85115
0.96839 0.85623
0.96982 0.85989
0.97006 0.86560
0.97126 0.87086
0.97156 0.87472
0.97138 0.87891
0.96928 0.88179
0.97015 0.88427
0.97016 0.88623
0.97248 0.88858
0.97538 0.89431
0.97578 0.89769
0.97489 0.90255
0.97466 0.90752
0.97392 0.90969
0.97461 0.91424
0.97462 0.91438
0.97420 0.91981
0.97350 0.92389
0.97400 0.92658
0.97508 0.93257
0.97498 0.93589
0.97810 0.93880
0.97928 0.94481
0.97902 0.95280
0.97889 0.95877
0.97966 0.95929
0.98014 0.96276
0.97908 0.96337
0.97900 0.96648
0.98024 0.97060
0.98198 0.97644
0.98297 0.98177
0.98209 0.98549
0.98198 0.98826
0.97920 0.99594
0.97914 0.99613
0.98046 0.99895
0.98120 1.00336
0.98046 1.01257
0.98043 1.01282
0.98148 1.01509
0.98182 1.01884
0.98193 1.02155
0.98074 1.02490
0.98164 1.03644
0.98165 1.03670
0.98046 1.04214
0.98204 1.04737
0.98189 1.05243
0.98161 1.05351
0.98267 1.05660
0.98373 1.06039
0.98186 1.06311
0.98030 1.06621
0.97916 1.06820
0.97897 1.06982
0.97747 1.07251
0.97832 1.07509
0.98004 1.08041
0.98151 1.08508
0.98155 1.09077
0.98012 1.09642
0.97969 1.10089
0.97843 1.10390
0.97750 1.10994
0.97662 1.11646
0.97778 1.12850
0.97834 1.13073
0.97676 1.13451
0.97732 1.13788
0.97740 1.13873
0.97487 1.14337
0.97403 1.14615
0.97425 1.15098
0.97515 1.15555
0.97558 1.16079
0.97481 1.16519
0.97255 1.16912
0.97100 1.17281
0.97057 1.17520
0.97135 1.17745
0.97194 1.17988
0.97143 1.18238
0.97001 1.18520
0.96754 1.18847
0.96652 1.19343
0.96787 1.19970
0.96775 1.20588
0.96649 1.21109
0.96530 1.21482
0.96555 1.21738
0.96628 1.21946
0.96681 1.22211
0.96422 1.22484
0.96063 1.22760
0.95849 1.23088
0.95815 1.23583
0.95828 1.24212
0.95814 1.24841
0.95933 1.25235
0.95808 1.25617
0.95964 1.26031
0.95671 1.26350
0.95332 1.26783
0.95232 1.27118
0.95189 1.27568
0.95260 1.27876
0.95156 1.28037
0.95013 1.28323
0.94824 1.28439
0.94566 1.28799
0.94369 1.29287
0.94255 1.29887
0.94239 1.30315
0.94325 1.30749
0.94267 1.31253
0.94063 1.31574
0.93984 1.31950
0.93915 1.32427
0.93929 1.32757
0.93853 1.33077
0.93792 1.32882
0.93486 1.32765
0.93024 1.32635
0.92881 1.32669
0.92850 1.33095
0.92778 1.33878
0.92791 1.34914
0.92538 1.35922
0.92490 1.36527
0.92273 1.37188
0.92258 1.37468
0.92452 1.37728
0.92492 1.37921
0.92256 1.38019
0.92028 1.38137
0.91576 1.38239
0.91256 1.38419
0.91286 1.38477
0.91203 1.38847
0.91283 1.39286
0.91065 1.39962
0.90984 1.40530
0.90806 1.40966
0.90553 1.41577
0.90395 1.42247
0.90396 1.42920
0.90371 1.43514
0.90145 1.43719
0.89892 1.43938
0.89558 1.44179
0.89766 1.44374
0.89837 1.44455
0.89568 1.44389
0.89114 1.44308
0.88581 1.44921
0.88248 1.45810
0.88239 1.46459
0.88398 1.47000
0.88341 1.47617
0.88342 1.48211
0.88242 1.48509
0.87806 1.48742
0.87266 1.49489
0.86786 1.50247
0.86554 1.50609
0.86365 1.51118
0.85761 1.52572
0.85325 1.52924
0.85334 1.53301
0.85301 1.53483
0.85208 1.53705
0.84480 1.54574
0.84205 1.54918
0.83881 1.55727
0.83870 1.55745
0.83683 1.56137
0.83644 1.56592
0.83542 1.57084
0.83238 1.57276
0.82944 1.57574
0.82650 1.58228
0.82642 1.58244
0.82334 1.58423
0.82003 1.58717
0.81592 1.58938
0.81581 1.58947
0.81386 1.59377
0.81207 1.59948
0.81104 1.60581
0.80908 1.61083
0.80643 1.61442
0.80302 1.62000
0.80050 1.62356
0.79724 1.62547
0.79051 1.62936
0.78573 1.63681
0.78764 1.63755
0.78628 1.64117
0.77932 1.64886
0.77316 1.65842
0.77303 1.65866
0.77153 1.66123
0.76942 1.66345
0.76618 1.66547
0.76387 1.66841
0.76340 1.67183
0.76130 1.67567
0.75930 1.67950
0.75717 1.68336
0.75337 1.68534
0.75123 1.68663
0.74828 1.68847
0.74562 1.69050
0.74281 1.69531
0.74000 1.69882
0.73728 1.70186
0.73556 1.70563
0.73205 1.70936
0.73102 1.71254
0.72866 1.71583
0.72567 1.71883
0.72289 1.72093
0.71957 1.72070
0.71659 1.72300
0.71347 1.72516
0.71146 1.72789
0.71013 1.73107
0.70736 1.73539
0.70291 1.73955
0.70045 1.74215
0.69658 1.74491
0.69420 1.74625
0.69139 1.74950
0.68718 1.75414
0.68482 1.75841
0.68669 1.76151
0.68387 1.76168
0.68456 1.76190
0.68018 1.76346
0.67303 1.76501
0.66608 1.76756
0.66422 1.77194
0.66428 1.77703
0.66256 1.78007
0.66219 1.78349
0.65892 1.78558
0.65396 1.78913
0.65035 1.79107
0.64809 1.79264
0.64482 1.79289
0.64294 1.79451
0.64116 1.79874
0.63772 1.80222
0.63331 1.80473
0.63120 1.80981
0.62942 1.81163
0.62442 1.81187
0.62228 1.81286
0.62123 1.81665
0.61805 1.81894
0.61474 1.82367
0.61090 1.82875
0.60933 1.83223
0.60549 1.83512
0.60132 1.83684
0.59849 1.83909
0.59471 1.84186
0.59403 1.84184
0.59240 1.84466
0.58669 1.84748
0.58334 1.84695
0.57995 1.85060
0.57682 1.85470
0.57401 1.85888
0.57062 1.85994
0.56747 1.86093
0.56577 1.86183
0.56290 1.86275
0.55951 1.86646
0.55593 1.87137
0.55186 1.87357
0.54888 1.87349
0.54474 1.87652
0.54095 1.87821
0.53738 1.88069
0.53348 1.88301
0.53034 1.88491
0.52990 1.88717
0.52724 1.89005
0.52455 1.89218
0.51829 1.89538
0.51342 1.89815
0.51050 1.89973
0.51007 1.90196
0.50821 1.90441
0.50503 1.90598
0.50056 1.90630
0.49703 1.90637
0.49283 1.90695
0.48996 1.90896
0.48578 1.91082
0.48015 1.91965
0.47999 1.91989
0.47483 1.92388
0.47070 1.92537
0.46436 1.92864
0.46403 1.92881
0.46237 1.92945
0.46055 1.93189
0.45915 1.93085
0.45654 1.93022
0.45266 1.93252
0.44720 1.93483
0.44200 1.93918
0.43929 1.94353
0.43478 1.95194
0.43464 1.95215
0.43199 1.95430
0.42499 1.95238
0.42484 1.95235
0.42034 1.95176
0.41610 1.95216
0.41031 1.95381
0.40686 1.95739
0.40352 1.96268
0.40079 1.96375
0.39103 1.96791
0.39059 1.96809
0.38518 1.96915
0.37103 1.97668
0.36223 1.98321
0.36018 1.98031
0.35524 1.97705
0.35510 1.97699
0.34912 1.97737
0.34595 1.98006
0.34292 1.98699
0.33929 1.99096
0.33445 1.99598
0.32318 1.99598
0.31996 1.99950
0.31675 2.00269
0.31310 2.00252
0.30948 2.00199
0.30578 2.00032
0.30187 2.00142
0.29793 2.00220
0.29300 2.00432
0.29009 2.00734
0.28675 2.01131
0.28376 2.01427
0.27985 2.01613
0.27529 2.01515
0.27316 2.01475
0.26833 2.01493
0.26322 2.01701
0.26173 2.01922
0.25823 2.02035
0.25360 2.02038
0.25061 2.01997
0.24635 2.02165
0.23626 2.02442
0.23165 2.02611
0.22803 2.02649
0.22358 2.02856
0.21937 2.03090
0.21413 2.03173
0.21114 2.03440
0.20710 2.03557
0.20509 2.03358
0.20222 2.03262
0.19810 2.03266
0.19350 2.03342
0.19082 2.03519
0.18856 2.03854
0.18480 2.04062
0.17882 2.04029
0.17211 2.03961
0.16657 2.03936
0.16393 2.03807
0.16236 2.03814
0.16049 2.03975
0.15778 2.04297
0.15445 2.04562
0.14916 2.04799
0.14426 2.04823
0.13798 2.04651
0.13438 2.04408
0.13254 2.04538
0.13019 2.04461
0.12561 2.04484
0.12279 2.04527
0.12019 2.04575
0.11723 2.04760
0.11219 2.04954
0.10858 2.04981
0.10547 2.04945
0.10172 2.05184
0.09693 2.05217
0.09100 2.05407
0.08435 2.05673
0.07567 2.05669
0.07154 2.05818
0.06897 2.06113
0.06791 2.05900
0.06617 2.05777
0.06354 2.05823
0.05902 2.05865
0.05553 2.05655
0.05240 2.05678
0.04707 2.05554
0.04379 2.05542
0.03980 2.05671
0.03565 2.05993
0.03249 2.06357
0.02693 2.06171
0.02232 2.05991
0.01826 2.05865
0.01430 2.05783
0.01086 2.05568
0.00486 2.05470
0.00086 2.05636
-0.00175 2.05945
-0.00346 2.06148
-0.00649 2.06507
-0.01045 2.06501
-0.01494 2.06469
-0.01767 2.06250
-0.02142 2.05976
-0.02691 2.05580
-0.03169 2.05393
-0.03610 2.05630
-0.03931 2.06007
-0.04223 2.06536
-0.04426 2.06733
-0.04910 2.06533
-0.05392 2.06282
-0.05724 2.06156
-0.05999 2.06154
-0.06365 2.06241
-0.07037 2.06227
-0.07642 2.06127
-0.07965 2.05938
-0.08475 2.05928
-0.08836 2.05840
-0.10596 2.05725
-0.11146 2.05707
-0.11658 2.05894
-0.12357 2.06070
-0.12375 2.06074
-0.12638 2.05895
-0.12935 2.05924
-0.13498 2.05809
-0.13562 2.05651
-0.13937 2.05428
-0.15301 2.05358
-0.15328 2.05354
-0.16021 2.05290
-0.16655 2.05296
-0.17113 2.05342
-0.17267 2.05375
-0.17529 2.05207
-0.17686 2.04896
-0.17967 2.04627
-0.18356 2.04531
-0.18675 2.04656
-0.19016 2.04689
-0.19815 2.04659
-0.20869 2.04584
-0.20895 2.04581
-0.21411 2.04806
-0.21985 2.04923
-0.22390 2.04906
-0.22773 2.04967
-0.23721 2.04390
-0.24049 2.04257
-0.24419 2.04124
-0.25291 2.04111
-0.25311 2.04111
-0.25701 2.03988
-0.26454 2.03790
-0.26474 2.03785
-0.26731 2.03657
-0.27731 2.03657
-0.27755 2.03655
-0.28234 2.03598
-0.29073 2.03583
-0.29094 2.03580
-0.29376 2.03565
-0.29579 2.03445
-0.30130 2.03023
-0.30144 2.03015
-0.30433 2.02882
-0.30639 2.02589
-0.30925 2.02373
-0.31185 2.02495
-0.31619 2.02578
-0.32065 2.02321
-0.32627 2.02161
-0.33030 2.02193
-0.33354 2.02152
-0.33593 2.01838
-0.34129 2.01685
-0.34682 2.01625
-0.35249 2.01704
-0.35699 2.01888
-0.36059 2.01857
-0.36287 2.01792
-0.36608 2.01427
-0.36825 2.01123
-0.37068 2.00722
-0.37338 2.00623
-0.37400 2.00402
-0.37595 2.00320
-0.38206 2.00395
-0.38908 2.00466
-0.39500 2.00305
-0.40291 2.00302
-0.40752 2.00181
-0.40891 1.99869
-0.41143 1.99506
-0.41242 1.99329
-0.41476 1.98929
-0.41774 1.98796
-0.42187 1.98920
-0.42667 1.98904
-0.42894 1.98585
-0.43214 1.98393
-0.43636 1.98350
-0.44029 1.98281
-0.44706 1.98179
-0.44924 1.97852
-0.45250 1.97577
-0.45623 1.97718
-0.46094 1.97541
-0.46414 1.97318
-0.46731 1.96881
-0.47130 1.96748
-0.47358 1.96931
-0.47806 1.97053
-0.48050 1.97096
-0.48571 1.96822
-0.48759 1.95970
-0.49095 1.95498
-0.49394 1.95332
-0.49623 1.95416
-0.49770 1.95297
-0.49822 1.95143
-0.50292 1.95111
-0.50912 1.94546
-0.51459 1.94227
-0.51836 1.94067
-0.52208 1.93890
-0.52613 1.94208
-0.53083 1.94208
-0.53618 1.94055
-0.53938 1.93986
-0.54321 1.93740
-0.54658 1.93509
-0.54856 1.93196
-0.54865 1.92840
-0.54866 1.92453
-0.55050 1.92219
-0.55577 1.92075
-0.56155 1.91819
-0.56572 1.91570
-0.56921 1.91338
-0.57187 1.91226
-0.57587 1.91207
-0.58005 1.91149
-0.58373 1.91111
-0.58734 1.90779
-0.59115 1.90412
-0.59364 1.90028
-0.59511 1.89683
-0.59657 1.89493
-0.59734 1.89381
-0.60104 1.89159
-0.60368 1.88964
-0.60799 1.88779
-0.61121 1.88482
-0.61492 1.88477
-0.61913 1.88272
-0.62296 1.87941
-0.62786 1.87582
-0.63277 1.87475
-0.63522 1.87312
-0.63786 1.87151
-0.64056 1.86911
-0.64209 1.86700
-0.64235 1.86515
-0.64681 1.86203
-0.65115 1.86052
-0.65337 1.85781
-0.65851 1.85601
-0.66090 1.85481
-0.66354 1.85158
-0.66548 1.84784
-0.66831 1.84326
-0.67155 1.84011
-0.67438 1.83750
-0.67817 1.83256
-0.68227 1.82946
-0.68422 1.82632
-0.68629 1.82491
-0.68847 1.82629
-0.68984 1.82650
-0.69684 1.82044
-0.69703 1.82032
-0.70198 1.81569
-0.70716 1.81332
-0.71124 1.81091
-0.71460 1.80920
-0.71687 1.80717
-0.72338 1.80551
-0.72356 1.80544
-0.72644 1.80418
-0.72942 1.80075
-0.73378 1.79550
-0.73493 1.79002
-0.73678 1.78719
-0.73794 1.78407
-0.73995 1.78137
-0.74464 1.78135
-0.74935 1.77672
-0.74948 1.77661
-0.75265 1.77630
-0.75825 1.77379
-0.76182 1.77121
-0.76460 1.76663
-0.76892 1.76583
-0.77095 1.76179
-0.77817 1.75300
-0.77906 1.74607
-0.77910 1.74591
-0.78170 1.74300
-0.78435 1.73850
-0.78820 1.73566
-0.79096 1.73183
-0.79498 1.72771
-0.80064 1.72113
-0.80080 1.72098
-0.80158 1.72112
-0.80405 1.72109
-0.80836 1.72070
-0.81216 1.71713
-0.81576 1.71145
-0.82039 1.69860
-0.82351 1.69719
-0.82652 1.69529
-0.83447 1.68955
-0.83593 1.68527
-0.83735 1.68141
-0.83869 1.67605
-0.83994 1.67149
-0.84356 1.66803
-0.84607 1.66488
-0.84901 1.66005
-0.85367 1.65621
-0.85769 1.65299
-0.86312 1.65199
-0.86448 1.65018
-0.86600 1.64989
-0.86816 1.64997
-0.86656 1.64631
-0.86698 1.64236
-0.86951 1.63811
-0.87512 1.63303
-0.87753 1.62839
-0.88012 1.62512
-0.88227 1.62133
-0.88445 1.61904
-0.88567 1.61628
-0.88776 1.61682
-0.88911 1.61370
-0.88950 1.60895
-0.89315 1.60320
-0.89664 1.60155
-0.90030 1.60176
-0.90304 1.59939
-0.90377 1.59547
-0.90576 1.59267
-0.90800 1.58909
-0.90915 1.58439
-0.91250 1.58366
-0.91362 1.58116
-0.91573 1.57836
-0.91673 1.57138
-0.91770 1.56657
-0.91997 1.56265
-0.92280 1.56159
-0.92617 1.56200
-0.92866 1.56021
-0.93070 1.55811
-0.93265 1.55279
-0.93270 1.54564
-0.93314 1.53820
-0.93463 1.53269
-0.93751 1.53036
-0.93931 1.52873
-0.94157 1.52675
-0.94325 1.52370
-0.94409 1.52066
-0.94751 1.51822
-0.95026 1.51362
-0.95215 1.51117
-0.95405 1.50811
-0.95595 1.50354
-0.95766 1.50008
-0.96041 1.49755
-0.96289 1.49507
-0.96302 1.49225
-0.96189 1.48836
-0.96268 1.48433
-0.96339 1.48014
-0.96541 1.47418
-0.96757 1.46905
-0.96884 1.46452
-0.97159 1.46299
-0.97483 1.46131
-0.97604 1.46022
-0.97676 1.45860
-0.97786 1.45625
-0.98006 1.45154
-0.98070 1.44478
-0.98265 1.43790
-0.98614 1.43116
-0.98776 1.42579
-0.98801 1.42240
-0.98660 1.42152
-0.98552 1.41975
-0.98742 1.41803
-0.99093 1.41405
-0.99348 1.41242
-0.99624 1.40941
-0.99841 1.40510
-1.00152 1.39988
-1.00416 1.38282
-1.00518 1.37928
-1.00984 1.36161
-1.01765 1.35082
-1.01947 1.34887
-1.02207 1.34430
-1.02179 1.33894
-1.02262 1.33277
-1.02160 1.31945
-1.02158 1.31913
-1.02318 1.31470
-1.02603 1.31021
-1.03054 1.30483
-1.03063 1.30469
-1.03181 1.30324
-1.03230 1.30145
-1.03220 1.30000
-1.03138 1.29522
-1.03177 1.28986
-1.03299 1.28366
-1.03594 1.27913
-1.03990 1.27055
-1.04097 1.26509
-1.04153 1.26275
-1.04251 1.25923
-1.04225 1.25447
-1.04544 1.24829
-1.04550 1.24809
-1.04493 1.24223
-1.04420 1.23878
-1.04535 1.23815
-1.04698 1.23395
-1.04934 1.22681
-1.05225 1.22178
-1.05263 1.21677
-1.05119 1.21452
-1.04840 1.21120
-1.04835 1.21109
-1.05175 1.21100
-1.05381 1.20528
-1.05427 1.18728
-1.05541 1.18193
-1.05724 1.18079
-1.05804 1.17752
-1.06043 1.17437
-1.05648 1.16876
-1.05648 1.16876
-1.05629 1.16819
-1.05717 1.16276
-1.05891 1.15132
-1.05891 1.15132
-1.06142 1.14636
-1.05986 1.14461
-1.06181 1.14163
-1.06252 1.13651
-1.06247 1.13112
-1.06347 1.12603
-1.06509 1.12313
-1.06539 1.12209
-1.06427 1.11900
-1.06248 1.11661
-1.06195 1.11152
-1.06177 1.10383
-1.06136 1.09605
-1.06329 1.09062
-1.06595 1.08628
-1.06730 1.08302
-1.06642 1.08059
-1.06693 1.07933
-1.06601 1.07544
-1.06604 1.07297
-1.06627 1.07131
-1.06745 1.07050
-1.06871 1.06827
-1.06902 1.06518
-1.06783 1.05928
-1.06724 1.05543
-1.06645 1.05110
-1.06746 1.04757
-1.06900 1.04205
-1.06840 1.03685
-1.06758 1.03226
-1.06612 1.02839
-1.06541 1.02467
-1.06456 1.02298
-1.06606 1.01978
-1.06792 1.01625
-1.06819 1.01275
-1.06679 1.00767
-1.06684 1.00514
-1.06470 1.00081
-1.06586 0.99631
-1.06650 0.99079
-1.06589 0.98418
-1.06542 0.97884
-1.06463 0.97393
-1.06417 0.97196
-1.06384 0.96778
-1.06265 0.96487
-1.06248 0.95977
-1.06274 0.95789
-1.06227 0.95513
-1.06162 0.95412
-1.06123 0.95270
-1.05989 0.94935
-1.06076 0.94518
-1.06075 0.93966
-1.06339 0.93356
-1.06207 0.92627
-1.05959 0.91909
-1.05945 0.91192
-1.05971 0.90891
-1.05877 0.91037
-1.05596 0.90925
-1.05536 0.90626
-1.05321 0.90233
-1.05441 0.89614
-1.05368 0.89127
-1.05441 0.88619
-1.05349 0.88179
-1.05364 0.87923
-1.05545 0.87727
-1.05486 0.87280
-1.05401 0.86911
-1.04993 0.86453
-1.05014 0.85983
-1.04972 0.85600
-1.05002 0.85182
-1.04919 0.84771
-1.04639 0.84349
-1.04412 0.83967
-1.04272 0.83544
-1.04211 0.83047
-1.04269 0.82581
-1.04280 0.82332
-1.04223 0.82002
-1.04423 0.81910
-1.04251 0.81857
-1.04192 0.81793
-1.03987 0.81353
-1.03708 0.80844
-1.03578 0.80114
-1.03599 0.79404
-1.03570 0.78767
-1.03397 0.78647
-1.03217 0.78375
-1.03070 0.78125
-1.03039 0.77939
-1.03149 0.77375
-1.03163 0.77014
-1.03032 0.76592
-1.02849 0.76326
-1.02635 0.76008
-1.02475 0.75578
-1.02481 0.75016
-1.02507 0.74514
-1.02578 0.73898
-1.02424 0.73568
-1.02231 0.73137
-1.01969 0.72876
-1.01922 0.72557
-1.01056 0.71983
-1.00834 0.71217
-1.00828 0.71198
-1.00850 0.70708
-1.00902 0.70400
-1.00832 0.69737
-1.00672 0.69266
-1.00430 0.68790
-1.00445 0.68480
-1.00314 0.68058
-1.00177 0.67646
-1.00249 0.67304
-1.00126 0.66957
-0.99950 0.66693
-0.99554 0.66778
-0.99344 0.66568
-0.99186 0.66142
-0.99106 0.65487
-0.99065 0.64963
-0.98994 0.64576
-0.98697 0.63750
-0.98512 0.63434
-0.97980 0.62494
-0.97899 0.62518
-0.97759 0.62460
-0.97457 0.62432
-0.97071 0.60493
-0.97080 0.59874
-0.96989 0.59352
-0.96591 0.59074
-0.96335 0.58818
-0.96141 0.58510
-0.95830 0.58123
-0.95830 0.58123
-0.95919 0.57849
-0.95807 0.57279
-0.95237 0.56504
-0.94685 0.55657
-0.94297 0.55427
-0.94098 0.55089
-0.93884 0.54812
-0.94165 0.54494
-0.94137 0.54102
-0.93885 0.53609
-0.93467 0.52915
-0.92935 0.52318
-0.92669 0.51900
-0.92547 0.51755
-0.92638 0.51604
-0.92500 0.51434
-0.92206 0.51092
-0.91987 0.50902
-0.91799 0.50485
-0.91329 0.49988
-0.91055 0.49649
-0.90852 0.49470
-0.90809 0.49291
-0.90686 0.49247
-0.90484 0.48880
-0.90300 0.48392
-0.90087 0.47773
-0.89738 0.47132
-0.89570 0.46586
-0.89489 0.46068
-0.89334 0.45776
-0.89023 0.45676
-0.88807 0.45646
-0.88567 0.45570
-0.88331 0.45114
-0.88274 0.44699
-0.87975 0.44030
-0.87638 0.43430
-0.87272 0.43185
-0.87077 0.43031
-0.86999 0.42768
-0.86804 0.42650
-0.86688 0.42489
-0.86699 0.42321
-0.86501 0.41878
-0.86023 0.41605
-0.85875 0.41321
-0.85761 0.40751
-0.85272 0.40207
-0.84781 0.39782
-0.84462 0.39370
-0.84171 0.39044
-0.84086 0.38714
-0.84206 0.38426
-0.84187 0.38299
-0.83866 0.38137
-0.83659 0.37943
-0.83236 0.37906
-0.82999 0.37809
-0.82620 0.37539
-0.82436 0.37219
-0.82263 0.36642
-0.82073 0.36166
-0.81842 0.35707
-0.81660 0.35315
-0.81353 0.35035
-0.81106 0.35113
-0.80751 0.34916
-0.80454 0.34879
-0.80049 0.34796
-0.79572 0.34467
-0.79383 0.34386
-0.79289 0.34040
-0.79237 0.33615
-0.78968 0.33216
-0.78725 0.32828
-0.78313 0.32336
-0.77857 0.31865
-0.77806 0.31533
-0.77627 0.31237
-0.77270 0.31100
-0.76670 0.30881
-0.76477 0.30788
-0.76172 0.30758
-0.76081 0.30586
-0.76029 0.30246
-0.75920 0.29663
-0.75686 0.29290
-0.75151 0.28971
-0.74544 0.28591
-0.74146 0.28221
-0.73929 0.28071
-0.73931 0.28016
-0.73355 0.27376
-0.72992 0.27063
-0.72810 0.26892
-0.72486 0.26497
-0.71612 0.25758
-0.71589 0.25740
-0.71121 0.25376
-0.70868 0.25134
-0.70783 0.24937
-0.70715 0.24800
-0.69969 0.24099
-0.69540 0.23663
-0.68712 0.23288
-0.68693 0.23278
-0.68409 0.23139
-0.67955 0.22808
-0.67943 0.22800
-0.67768 0.22647
-0.67485 0.22464
-0.66979 0.22181
-0.66507 0.21859
-0.66335 0.21383
-0.66213 0.20765
-0.65812 0.20475
-0.65440 0.20175
-0.65088 0.19945
-0.64926 0.19918
-0.64679 0.19851
-0.64206 0.19900
-0.63136 0.19283
-0.62922 0.18798
-0.62820 0.18142
-0.62357 0.17824
-0.61899 0.17622
-0.61450 0.17625
-0.60579 0.17188
-0.60437 0.17081
-0.60185 0.16549
-0.59719 0.16714
-0.59249 0.16523
-0.58951 0.16630
-0.58798 0.16764
-0.58688 0.16630
-0.58482 0.16017
-0.56932 0.15250
-0.56461 0.15110
-0.56255 0.15137
-0.56019 0.15137
-0.55844 0.15127
-0.55581 0.14948
-0.55448 0.14580
-0.55035 0.13846
-0.54521 0.13240
-0.54118 0.12840
-0.53777 0.12624
-0.53072 0.12696
-0.53053 0.12698
-0.52561 0.12938
-0.52253 0.13057
-0.51969 0.13054
-0.51664 0.12914
-0.51381 0.12682
-0.51306 0.12088
-0.50985 0.11588
-0.50634 0.11273
-0.50045 0.11100
-0.49483 0.11091
-0.48956 0.11176
-0.48510 0.11103
-0.48306 0.10926
-0.48057 0.10846
-0.47817 0.10965
-0.47542 0.10903
-0.47280 0.10440
-0.46757 0.09986
-0.46512 0.09673
-0.46223 0.09279
-0.45918 0.09162
-0.45457 0.09241
-0.45050 0.09237
-0.44448 0.09136
-0.43948 0.08941
-0.43383 0.08988
-0.43298 0.08724
-0.43266 0.08702
-0.43219 0.08508
-0.43181 0.08439
-0.42666 0.08065
-0.42078 0.07717
-0.41475 0.07295
-0.40947 0.06973
-0.40640 0.06881
-0.40444 0.07070
-0.40142 0.07196
-0.39756 0.07286
-0.39286 0.07134
-0.38721 0.06949
-0.38500 0.06781
-0.38144 0.06589
-0.37672 0.06255
-0.37281 0.06081
-0.36911 0.06078
-0.36533 0.06003
-0.36214 0.05888
-0.35899 0.05790
-0.35701 0.05452
-0.35296 0.05261
-0.34924 0.05155
-0.34476 0.05144
-0.34201 0.05203
-0.33952 0.05144
-0.33695 0.04822
-0.33340 0.04668
-0.32939 0.04540
-0.32442 0.04504
-0.32146 0.04443
-0.31910 0.04342
-0.31509 0.04357
-0.31157 0.04135
-0.30769 0.03967
-0.30364 0.03824
-0.29970 0.03765
-0.29576 0.03832
-0.29260 0.03778
-0.28843 0.03581
-0.28358 0.03475
-0.27998 0.03274
-0.27720 0.03089
-0.27187 0.02961
-0.26757 0.02876
-0.26252 0.02718
-0.25930 0.02761
-0.25584 0.02840
-0.25301 0.02881
-0.25201 0.02679
-0.24770 0.02509
-0.24371 0.02209
-0.24077 0.02088
-0.23614 0.02003
-0.23175 0.02045
-0.22732 0.02170
-0.22419 0.02196
-0.22058 0.02157
-0.21720 0.02179
-0.21443 0.02077
-0.21092 0.02113
-0.20754 0.01926
-0.20055 0.01792
-0.19393 0.01687
-0.18803 0.01603
-0.18678 0.01521
-0.18343 0.01386
-0.18100 0.01006
-0.17816 0.00820
-0.17839 0.01190
-0.17281 0.01456
-0.16807 0.01585
-0.16310 0.01454
-0.15588 0.01479
-0.15043 0.01495
-0.14378 0.01265
-0.14130 0.00937
-0.13984 0.00915
-0.13858 0.00927
-0.13539 0.00976
-0.12328 0.00989
-0.11867 0.00862
-0.10626 0.00723
-0.09507 0.00811
-0.09231 0.00760
-0.08928 0.00712
-0.08134 0.00692
-0.08114 0.00692
-0.07670 0.00806
-0.06998 0.00710
-0.06146 0.00343
-0.05870 0.00374
-0.05346 0.00602
-0.05065 0.01009
-0.05671 0.01032
-0.06336 0.01166
-0.05728 0.00659
-0.05802 0.00518
-0.05776 0.00526
-0.05943 0.00597
-0.06370 0.00653
-0.06383 0.00656
-0.06429 0.00635
-0.06235 0.00644
-0.06107 0.00479
-0.05995 0.00522
-0.05853 0.00627
-0.05710 0.00748
-0.05761 0.00703
-0.05827 0.00746
-0.06002 0.00705
-0.06215 0.00789
-0.06452 0.00764
-0.06387 0.00692
-0.06157 0.00481
-0.06062 0.00494
-0.05914 0.00511
-0.05968 0.00605
-0.05913 0.00640
-0.06030 0.00594
-0.05997 0.00658
-0.05937 0.00701
-0.05978 0.00944
-0.06038 0.00823
-0.06010 0.00741
-0.06087 0.00769
-0.06129 0.00556
-0.06158 0.00444
-0.06151 0.00474
-0.05905 0.00491
-0.05914 0.00549
-0.06077 0.00682
-0.06149 0.00740
-0.05998 0.00846
-0.05960 0.00616
-0.05970 0.00463
-0.06103 0.00639
-0.06106 0.00639
-0.06181 0.00782
-0.06176 0.00831
-0.05994 0.00621
-0.06071 0.00545
