-0.01083 -0.00336
-0.01080 -0.00212
-0.00921 -0.00351
-0.00913 -0.00326
-0.00912 -0.00324
-0.00938 -0.00345
-0.01223 -0.00337
-0.01067 -0.00244
-0.00969 -0.00286
-0.00932 -0.00321
-0.00883 -0.00310
-0.01079 -0.00367
-0.01147 -0.00287
-0.01044 -0.00291
-0.00973 -0.00255
-0.00843 -0.00270
-0.00811 -0.00191
-0.00952 -0.00276
-0.01037 -0.00194
-0.01243 -0.00210
-0.01322 -0.00246
-0.01247 -0.00406
-0.01072 -0.00446
-0.01016 -0.00394
-0.01132 -0.00221
-0.01116 -0.00323
-0.01252 -0.00423
-0.01268 -0.00186
-0.01216 -0.00156
-0.01060 -0.00289
-0.00999 -0.00251
-0.01120 -0.00233
-0.01110 -0.00244
-0.01029 -0.00298
-0.01009 -0.00244
-0.01057 -0.00364
-0.01065 -0.00308
-0.01159 -0.00307
-0.01150 -0.00223
-0.01092 -0.00111
-0.01147 -0.00165
-0.01295 -0.00147
-0.01204 -0.00078
-0.01074 -0.00227
-0.01003 -0.00263
-0.00914 -0.00436
-0.01065 -0.00332
-0.01224 -0.00406
-0.01439 -0.00240
-0.01457 -0.00176
-0.01209 -0.00212
-0.00952 -0.00485
-0.00743 -0.00523
-0.00593 -0.00427
-0.00672 -0.00209
-0.00847 -0.00341
-0.01193 -0.00196
-0.01406 -0.00166
-0.01466 0.00196
-0.01388 0.00130
-0.01169 -0.00227
-0.01155 -0.00192
-0.01150 -0.00371
-0.01124 -0.00252
-0.01143 -0.00282
-0.01121 -0.00385
-0.01190 -0.00508
-0.01111 -0.00588
-0.00918 -0.00385
-0.00514 -0.00284
-0.00076 -0.00311
0.00342 -0.00249
0.00597 -0.00208
0.00959 -0.00280
0.01478 -0.00352
0.01963 -0.00408
0.02455 -0.00347
0.02892 -0.00220
0.03217 -0.00196
0.03494 -0.00136
0.03743 -0.00112
0.04039 -0.00149
0.04461 -0.00208
0.05108 -0.00139
0.05797 -0.00196
0.06268 -0.00180
0.06530 -0.00139
0.06663 0.00088
0.06922 0.00225
0.07264 0.00198
0.07575 -0.00025
0.08001 -0.00033
0.08370 0.00067
0.08716 0.00189
0.09183 0.00538
0.09759 0.00450
0.10160 0.00510
0.10448 0.00451
0.10877 0.00508
0.11145 0.00569
0.11511 0.00507
0.11940 0.00584
0.12241 0.00655
0.13417 0.01059
0.14054 0.00889
0.14367 0.00970
0.15436 0.01208
0.16749 0.01437
0.17077 0.01527
0.17475 0.01606
0.17838 0.01773
0.17848 0.01775
0.18190 0.01831
0.18660 0.01883
0.19131 0.01869
0.19573 0.01823
0.19952 0.02035
0.20226 0.02168
0.20611 0.02208
0.21404 0.02539
0.21425 0.02546
0.21690 0.02804
0.22035 0.02975
0.22575 0.03104
0.23147 0.03285
0.23549 0.03401
0.24139 0.03337
0.24350 0.03444
0.24595 0.03535
0.24869 0.03646
0.25517 0.03804
0.25533 0.03808
0.25858 0.03654
0.26287 0.03785
0.26640 0.04038
0.26979 0.04166
0.27442 0.04302
0.27723 0.04409
0.27998 0.04425
0.28436 0.04593
0.28922 0.04797
0.29437 0.05159
0.30010 0.05348
0.30188 0.05476
0.30366 0.05465
0.30487 0.05416
0.30763 0.05428
0.31119 0.05557
0.31617 0.05600
0.32120 0.05777
0.32503 0.06187
0.33075 0.06346
0.33574 0.06540
0.34219 0.06705
0.34163 0.06598
0.34491 0.06813
0.34779 0.07085
0.35016 0.07282
0.35473 0.07343
0.35486 0.07344
0.35823 0.07419
0.36399 0.07631
0.36912 0.07899
0.37417 0.08251
0.37711 0.08536
0.37906 0.08592
0.38295 0.08468
0.38681 0.08534
0.39044 0.08928
0.39412 0.09221
0.39862 0.09509
0.40199 0.09623
0.40572 0.09631
0.40784 0.09653
0.40910 0.09754
0.41210 0.09869
0.41621 0.10199
0.42128 0.10386
0.42618 0.10699
0.43117 0.11012
0.43280 0.11169
0.43680 0.11187
0.44003 0.11230
0.44392 0.11618
0.44806 0.11878
0.45199 0.12066
0.45489 0.12213
0.45661 0.12292
0.45822 0.12146
0.46063 0.12302
0.46555 0.12455
0.47088 0.12860
0.47388 0.13279
0.47559 0.13565
0.47745 0.13714
0.47916 0.13592
0.48407 0.13595
0.48809 0.13730
0.49366 0.13882
0.49981 0.14255
0.50438 0.14601
0.50744 0.14990
0.50929 0.15426
0.50986 0.15537
0.51074 0.15673
0.51237 0.15714
0.51835 0.15961
0.52522 0.16292
0.53179 0.16671
0.53683 0.17072
0.53967 0.17394
0.54218 0.17544
0.54359 0.17565
0.54477 0.17666
0.54698 0.17929
0.54776 0.17969
0.55024 0.18072
0.55269 0.18223
0.55779 0.18065
0.56114 0.18214
0.56315 0.18488
0.56639 0.18821
0.57029 0.19451
0.57311 0.19766
0.57805 0.20292
0.58265 0.20741
0.58636 0.20919
0.58771 0.20896
0.58937 0.20861
0.59027 0.20988
0.59349 0.21277
0.59722 0.21676
0.60107 0.21903
0.60474 0.21948
0.60728 0.22074
0.61029 0.22278
0.61455 0.22674
0.61783 0.23110
0.62139 0.23472
0.62479 0.23806
0.62775 0.24095
0.62920 0.24206
0.63045 0.24485
0.63196 0.24746
0.63493 0.25029
0.63931 0.25326
0.64341 0.25551
0.64724 0.25706
0.64945 0.25938
0.65380 0.26201
0.65776 0.26471
0.65824 0.26880
0.66081 0.27291
0.66408 0.27513
0.66687 0.27777
0.67046 0.28330
0.67431 0.28643
0.67734 0.28900
0.68008 0.28989
0.68280 0.29210
0.68430 0.29347
0.68627 0.29644
0.68639 0.29593
0.68776 0.29658
0.69168 0.29974
0.69767 0.30749
0.69781 0.30768
0.70034 0.31034
0.70412 0.31316
0.70622 0.31722
0.71001 0.32361
0.71449 0.32949
0.71757 0.33410
0.72145 0.33391
0.72344 0.33511
0.72445 0.33377
0.72455 0.33443
0.72631 0.33786
0.72957 0.34216
0.73172 0.34673
0.73491 0.35182
0.73669 0.35595
0.74001 0.35744
0.74769 0.36452
0.75176 0.37161
0.75552 0.37435
0.75820 0.37405
0.76133 0.37716
0.76133 0.37716
0.76175 0.38156
0.76239 0.38394
0.76774 0.38821
0.76788 0.38831
0.77016 0.38993
0.77396 0.39214
0.77672 0.39706
0.77887 0.40160
0.78221 0.40625
0.78505 0.41035
0.79121 0.41640
0.79138 0.41651
0.79295 0.42053
0.79526 0.42366
0.79532 0.42374
0.79633 0.42535
0.79869 0.42802
0.80159 0.43149
0.80517 0.43505
0.80867 0.43948
0.81061 0.44508
0.81548 0.45306
0.81561 0.45326
0.81607 0.45528
0.81787 0.45742
0.82049 0.46143
0.82221 0.46637
0.82341 0.46909
0.82515 0.46976
0.82708 0.47122
0.82898 0.47368
0.82897 0.47551
0.83039 0.48202
0.83286 0.48416
0.83731 0.48957
0.84097 0.49632
0.84370 0.49857
0.85408 0.51426
0.85502 0.51938
0.85405 0.52151
0.85391 0.52312
0.85614 0.52290
0.85570 0.52371
0.85710 0.52457
0.86020 0.52899
0.86195 0.53418
0.86524 0.53812
0.86813 0.54111
0.86992 0.54491
0.87193 0.55033
0.87308 0.55579
0.87316 0.56084
0.87449 0.56232
0.87606 0.56659
0.87610 0.57055
0.88026 0.57336
0.88250 0.57729
0.88456 0.58202
0.88589 0.58799
0.88607 0.59281
0.88791 0.59695
0.88999 0.59929
0.89387 0.60453
0.89393 0.60806
0.89480 0.60783
0.89599 0.61071
0.89803 0.61439
0.90023 0.61919
0.90116 0.62329
0.90296 0.62729
0.90422 0.63094
0.90447 0.63402
0.90534 0.63809
0.90658 0.64066
0.90850 0.64468
0.90998 0.64661
0.91138 0.64860
0.91131 0.65214
0.91372 0.65690
0.91663 0.66199
0.91902 0.66802
0.92192 0.67192
0.92291 0.67603
0.92310 0.67806
0.92387 0.68008
0.92447 0.68384
0.92524 0.68729
0.92550 0.69104
0.92759 0.69606
0.92811 0.70145
0.93073 0.70433
0.93319 0.70640
0.93542 0.70991
0.93557 0.71231
0.93641 0.71680
0.93667 0.72282
0.93703 0.72605
0.93757 0.72875
0.93910 0.73242
0.94186 0.73615
0.94308 0.74191
0.94332 0.74424
0.94186 0.74589
0.94327 0.74801
0.94523 0.75123
0.94657 0.75547
0.94922 0.76071
0.94984 0.76732
0.95003 0.77185
0.94974 0.77537
0.95274 0.77826
0.95483 0.78070
0.95513 0.78555
0.95522 0.78966
0.95555 0.79323
0.95694 0.79642
0.95871 0.80011
0.95905 0.80394
0.95927 0.80610
0.95957 0.80860
0.95957 0.81115
0.95997 0.81496
0.96044 0.81796
0.96197 0.82232
0.96155 0.82752
0.96106 0.83147
0.96299 0.83582
0.96548 0.84040
0.96733 0.84494
0.96780 0.85065
0.96870 0.85552
0.97047 0.86028
0.97120 0.86186
0.97151 0.86161
0.96889 0.86339
0.96842 0.86514
0.96916 0.87282
0.96954 0.87786
0.97281 0.88421
0.97376 0.88942
0.97465 0.89383
0.97544 0.89611
0.97503 0.89945
0.97467 0.90206
0.97492 0.90548
0.97484 0.90940
0.97556 0.91433
0.97537 0.91832
0.97516 0.92295
0.97754 0.92682
0.97648 0.92978
0.97629 0.93244
0.97625 0.93572
0.97802 0.93816
0.97851 0.94165
0.97843 0.94620
0.97744 0.94899
0.97852 0.95504
0.97958 0.95955
0.98089 0.96442
0.98096 0.97360
0.98097 0.97384
0.97966 0.97871
0.97927 0.98468
0.97927 0.98476
0.97989 0.98840
0.98087 0.99220
0.98047 1.00040
0.98046 1.00059
0.98189 1.00247
0.98259 1.00515
0.98012 1.01221
0.98007 1.01239
0.98027 1.01663
0.98065 1.02085
0.98026 1.02481
0.97956 1.02807
0.98005 1.03183
0.98079 1.03789
0.98136 1.04260
0.98041 1.04844
0.97942 1.05374
0.98074 1.05849
0.97998 1.06631
0.98097 1.07060
0.98318 1.07542
0.98331 1.08153
0.97805 1.08713
0.97798 1.08728
0.97618 1.08743
0.97690 1.08914
0.97940 1.10011
0.97943 1.10034
0.97900 1.10502
0.97767 1.11151
0.97730 1.11459
0.97462 1.11931
0.97422 1.12432
0.97621 1.12838
0.97784 1.13185
0.97930 1.13422
0.97891 1.13562
0.97544 1.13771
0.97394 1.14095
0.97085 1.14783
0.97128 1.15317
0.97169 1.15802
0.97167 1.16155
0.97383 1.16394
0.97373 1.16847
0.97234 1.17249
0.97108 1.17653
0.97030 1.17866
0.96902 1.18138
0.96844 1.18441
0.96818 1.18777
0.96716 1.19142
0.96626 1.19499
0.96726 1.19822
0.96668 1.20131
0.96377 1.20443
0.96235 1.20782
0.96157 1.21093
0.96010 1.21594
0.95988 1.22275
0.95860 1.22535
0.95862 1.22881
0.95862 1.23311
0.95727 1.23891
0.95702 1.24411
0.95646 1.25003
0.95447 1.25319
0.95306 1.25549
0.95281 1.25940
0.95125 1.26347
0.95046 1.26614
0.94988 1.27073
0.94912 1.27535
0.94801 1.27940
0.94540 1.28251
0.94466 1.28492
0.94391 1.28787
0.94425 1.28942
0.94326 1.29188
0.94202 1.29493
0.94093 1.30102
0.93845 1.30645
0.93736 1.31171
0.93806 1.31437
0.93769 1.31691
0.93700 1.31831
0.93675 1.32096
0.93347 1.32263
0.93092 1.32694
0.92913 1.33119
0.92907 1.33814
0.92608 1.34397
0.92625 1.34854
0.92508 1.35195
0.92318 1.35553
0.92102 1.35750
0.92198 1.36180
0.92228 1.36768
0.92272 1.37356
0.92089 1.37718
0.91962 1.37663
0.91606 1.37608
0.91248 1.37514
0.91002 1.37754
0.90775 1.37936
0.90675 1.38378
0.90718 1.38901
0.90722 1.39427
0.90695 1.40358
0.90759 1.41451
0.90614 1.42093
0.90612 1.42608
0.90309 1.42627
0.89860 1.42681
0.89530 1.42761
0.89456 1.42829
0.89402 1.43070
0.89099 1.43380
0.88883 1.43621
0.88835 1.44319
0.88575 1.44726
0.88368 1.45382
0.88166 1.46090
0.88098 1.46438
0.87878 1.46882
0.87742 1.47343
0.87554 1.47584
0.87261 1.48205
0.87139 1.48302
0.86737 1.48598
0.86464 1.48902
0.86242 1.49187
0.86095 1.49629
0.85961 1.50570
0.85959 1.50593
0.85714 1.51217
0.85413 1.51819
0.84986 1.52547
0.84975 1.52564
0.84750 1.52795
0.84586 1.52890
0.84049 1.53310
0.83804 1.53665
0.83396 1.54840
0.83386 1.54866
0.83301 1.55336
0.83204 1.55700
0.82995 1.56024
0.82755 1.56335
0.82579 1.56545
0.82168 1.57004
0.81491 1.57837
0.81189 1.57892
0.81161 1.58271
0.81032 1.58597
0.80880 1.59006
0.80710 1.59337
0.80434 1.59880
0.80039 1.60353
0.79724 1.60673
0.79564 1.61123
0.79337 1.61639
0.79171 1.61997
0.78961 1.62230
0.78608 1.62388
0.78532 1.62579
0.78327 1.62751
0.78046 1.62815
0.77620 1.63526
0.77186 1.64074
0.76813 1.64822
0.76270 1.65882
0.76257 1.65908
0.76107 1.66240
0.76151 1.66521
0.76056 1.66709
0.75739 1.66808
0.75261 1.66950
0.74950 1.67064
0.74729 1.67379
0.74600 1.67600
0.74546 1.67692
0.73770 1.68477
0.73754 1.68495
0.73443 1.68989
0.73145 1.69487
0.72856 1.69955
0.72545 1.70377
0.72224 1.70771
0.71935 1.71103
0.71648 1.71397
0.71417 1.71802
0.71319 1.71895
0.71331 1.71839
0.71444 1.71790
0.71167 1.71562
0.70564 1.71783
0.70100 1.72243
0.69794 1.72725
0.69454 1.73492
0.69217 1.73970
0.68786 1.74554
0.68580 1.74867
0.68295 1.74997
0.68177 1.75052
0.68167 1.75131
0.68136 1.75273
0.67549 1.75213
0.67114 1.75355
0.66581 1.75627
0.66395 1.76003
0.66433 1.76324
0.66291 1.76672
0.66056 1.76973
0.65535 1.77092
0.64945 1.77707
0.64839 1.78365
0.64609 1.78491
0.64305 1.78705
0.64113 1.78849
0.63695 1.78757
0.63372 1.78829
0.63055 1.79311
0.62827 1.79571
0.62792 1.79841
0.62371 1.80066
0.62029 1.80125
0.61788 1.80483
0.61607 1.80935
0.61389 1.81343
0.61043 1.81554
0.60618 1.81748
0.59987 1.81914
0.59709 1.82185
0.59451 1.82506
0.59376 1.82801
0.59105 1.83014
0.58691 1.83093
0.58283 1.83184
0.57942 1.83537
0.57741 1.84122
0.57391 1.84523
0.57176 1.84679
0.56874 1.84656
0.56660 1.84743
0.56471 1.84876
0.56247 1.84959
0.55903 1.85242
0.55344 1.85565
0.54741 1.85781
0.54092 1.86025
0.53894 1.86477
0.53869 1.86957
0.53762 1.87261
0.53729 1.87483
0.53427 1.87567
0.52981 1.87563
0.52418 1.87703
0.52103 1.88044
0.51546 1.88236
0.51314 1.88387
0.50828 1.88632
0.50376 1.88892
0.50082 1.89346
0.49977 1.89743
0.49944 1.90007
0.49690 1.90023
0.49227 1.90104
0.48606 1.90086
0.48148 1.90021
0.47824 1.90143
0.47447 1.90337
0.47404 1.90678
0.47159 1.91502
0.47151 1.91519
0.46653 1.91677
0.45000 1.92032
0.44600 1.92465
0.44026 1.92770
0.43629 1.93054
0.42699 1.93523
0.42676 1.93535
0.42395 1.93599
0.41967 1.93862
0.40909 1.94905
0.40631 1.94862
0.40203 1.94994
0.39962 1.95048
0.39626 1.94890
0.39312 1.94665
0.38801 1.95275
0.38787 1.95290
0.38588 1.95662
0.38291 1.95924
0.37846 1.96171
0.37322 1.96160
0.37008 1.96311
0.36513 1.96419
0.36150 1.96550
0.35756 1.96664
0.35309 1.96887
0.35058 1.97008
0.33642 1.97653
0.32688 1.98048
0.32277 1.98119
0.32265 1.98121
0.31342 1.98431
0.30906 1.98689
0.30527 1.98992
0.30100 1.99267
0.29704 1.99392
0.29195 1.99683
0.28883 1.99706
0.28252 1.99819
0.28236 1.99819
0.27897 1.99865
0.27385 2.00051
0.26930 2.00107
0.26463 2.00241
0.26049 2.00490
0.25694 2.00741
0.25271 2.00834
0.25099 2.01015
0.24851 2.01110
0.24646 2.01076
0.24322 2.01000
0.23728 2.01225
0.23714 2.01230
0.23090 2.01324
0.22569 2.01348
0.22004 2.01613
0.21568 2.01757
0.21389 2.01739
0.21267 2.01792
0.21179 2.01935
0.20823 2.01889
0.20538 2.01897
0.19968 2.01969
0.19254 2.02237
0.18593 2.02406
0.18119 2.02685
0.17767 2.02860
0.17530 2.02817
0.17287 2.02812
0.16919 2.02728
0.16740 2.02571
0.16433 2.02523
0.16283 2.02578
0.15984 2.02810
0.15493 2.02990
0.14792 2.02974
0.14341 2.03115
0.13930 2.03257
0.13386 2.03437
0.13244 2.03539
0.12867 2.03653
0.12377 2.03741
0.11957 2.03697
0.11507 2.03748
0.10999 2.03813
0.10803 2.03813
0.10563 2.03924
0.10540 2.03906
0.09978 2.04020
0.09365 2.04199
0.09028 2.04141
0.08349 2.03939
0.08102 2.03930
0.07783 2.03957
0.07045 2.04309
0.06630 2.04465
0.06295 2.04703
0.06238 2.04438
0.05754 2.04252
0.05267 2.04235
0.04870 2.04144
0.04532 2.04378
0.03979 2.04498
0.03567 2.04637
0.03339 2.05020
0.03080 2.05220
0.02686 2.04935
0.02446 2.04979
0.02165 2.04701
0.01771 2.04700
0.01344 2.04588
0.00985 2.04494
0.00309 2.05011
-0.00176 2.05247
-0.00654 2.05419
-0.00946 2.05450
-0.01193 2.05323
-0.01540 2.05042
-0.01861 2.04961
-0.02156 2.04838
-0.02475 2.04667
-0.02724 2.04707
-0.03170 2.04804
-0.03574 2.04834
-0.04144 2.05000
-0.04858 2.05189
-0.05346 2.05197
-0.05626 2.05139
-0.05940 2.05059
-0.06500 2.05076
-0.06813 2.05220
-0.07167 2.05247
-0.07579 2.05048
-0.07861 2.04932
-0.08168 2.04976
-0.08475 2.04965
-0.08777 2.04821
-0.09226 2.04828
-0.09419 2.04866
-0.09660 2.04864
-0.10049 2.05029
-0.10511 2.04880
-0.11048 2.04674
-0.11645 2.04667
-0.11952 2.04606
-0.12491 2.04592
-0.12911 2.04564
-0.13297 2.04645
-0.13618 2.04668
-0.13740 2.04507
-0.14234 2.04384
-0.14853 2.04179
-0.15274 2.04088
-0.15737 2.04247
-0.16249 2.04306
-0.16785 2.04398
-0.16761 2.04394
-0.17025 2.04534
-0.17238 2.04456
-0.17460 2.04154
-0.17791 2.03707
-0.18348 2.03490
-0.19604 2.03638
-0.19634 2.03637
-0.19923 2.03827
-0.20044 2.03773
-0.20176 2.03820
-0.22030 2.03690
-0.22584 2.03534
-0.23140 2.03259
-0.23158 2.03252
-0.23370 2.03150
-0.23800 2.03047
-0.24238 2.02878
-0.25409 2.02970
-0.26692 2.02193
-0.27092 2.02302
-0.28175 2.02541
-0.28937 2.02165
-0.28954 2.02159
-0.29377 2.01847
-0.29706 2.01614
-0.31029 2.01314
-0.31436 2.01309
-0.31573 2.01636
-0.31581 2.01640
-0.32106 2.01300
-0.32602 2.01211
-0.33188 2.00846
-0.33439 2.00841
-0.33695 2.00305
-0.33706 2.00293
-0.34142 2.00080
-0.34625 2.00133
-0.35519 2.00205
-0.36026 1.99998
-0.36362 1.99857
-0.37157 1.99537
-0.37157 1.99537
-0.37668 1.99225
-0.38380 1.98731
-0.38826 1.98653
-0.38959 1.98976
-0.39273 1.98887
-0.39954 1.98473
-0.39971 1.98464
-0.40276 1.98302
-0.40705 1.98017
-0.41147 1.97784
-0.41522 1.97633
-0.41861 1.97539
-0.42223 1.97331
-0.42536 1.97234
-0.42729 1.97129
-0.43033 1.97056
-0.43415 1.97002
-0.43742 1.96630
-0.44271 1.96349
-0.44774 1.96132
-0.45248 1.96140
-0.45723 1.96213
-0.46825 1.96091
-0.47207 1.95867
-0.47360 1.95550
-0.47494 1.95390
-0.47587 1.94828
-0.47793 1.94668
-0.48046 1.94545
-0.48474 1.94467
-0.48927 1.94325
-0.49482 1.94300
-0.49916 1.94410
-0.50302 1.94231
-0.50667 1.93889
-0.50946 1.93651
-0.51453 1.93293
-0.51934 1.92951
-0.52327 1.93116
-0.52765 1.93242
-0.53179 1.93222
-0.53473 1.92765
-0.53778 1.92267
-0.53754 1.91919
-0.53702 1.91782
-0.53874 1.91642
-0.54371 1.91305
-0.54775 1.90989
-0.55191 1.90870
-0.55676 1.90678
-0.56172 1.90709
-0.56600 1.90654
-0.57084 1.90425
-0.57278 1.90307
-0.57556 1.90074
-0.57755 1.90016
-0.57828 1.89803
-0.57915 1.89435
-0.58219 1.88971
-0.58476 1.88540
-0.58696 1.88207
-0.59430 1.88062
-0.59811 1.88027
-0.60367 1.87845
-0.60741 1.88088
-0.61094 1.88064
-0.61504 1.87629
-0.61702 1.87269
-0.61998 1.86828
-0.62265 1.86544
-0.62380 1.86421
-0.62559 1.86279
-0.62805 1.86048
-0.62920 1.85916
-0.63194 1.85527
-0.63622 1.85184
-0.64081 1.84912
-0.64540 1.84760
-0.65119 1.84751
-0.65443 1.84627
-0.65781 1.84415
-0.65989 1.84172
-0.66100 1.83894
-0.66377 1.83354
-0.66661 1.82877
-0.66785 1.82641
-0.67033 1.82457
-0.67453 1.82336
-0.67866 1.82229
-0.68316 1.82152
-0.68701 1.81936
-0.68777 1.81675
-0.69024 1.81435
-0.69394 1.81163
-0.69872 1.80547
-0.70373 1.79960
-0.70467 1.79856
-0.70670 1.79904
-0.71026 1.79695
-0.71821 1.78591
-0.72026 1.78174
-0.72368 1.77936
-0.72841 1.77649
-0.73320 1.77600
-0.73694 1.77546
-0.73906 1.77502
-0.74223 1.76866
-0.74232 1.76850
-0.74349 1.76620
-0.74900 1.75890
-0.74912 1.75873
-0.75240 1.75420
-0.75449 1.75440
-0.75798 1.75273
-0.76635 1.74690
-0.76654 1.74676
-0.77026 1.74519
-0.77467 1.74357
-0.77865 1.74110
-0.78249 1.73697
-0.78260 1.73688
-0.78093 1.73607
-0.77955 1.73052
-0.77855 1.72601
-0.78256 1.71792
-0.78750 1.71277
-0.79648 1.70629
-0.79670 1.70612
-0.80050 1.70633
-0.80196 1.70676
-0.80591 1.70715
-0.80891 1.70748
-0.81390 1.69143
-0.81553 1.68478
-0.81911 1.68054
-0.82449 1.67905
-0.82628 1.67901
-0.82811 1.67941
-0.82941 1.67747
-0.83099 1.67340
-0.83308 1.66958
-0.83534 1.66573
-0.83784 1.66213
-0.84056 1.65849
-0.84273 1.65480
-0.84592 1.65283
-0.85016 1.65131
-0.85313 1.65003
-0.85912 1.64320
-0.85926 1.64302
-0.86194 1.63794
-0.86303 1.63312
-0.86414 1.63123
-0.86586 1.62818
-0.87019 1.62678
-0.87488 1.62318
-0.87710 1.62094
-0.87946 1.61778
-0.88054 1.61375
-0.88119 1.61050
-0.88631 1.60475
-0.88642 1.60460
-0.88667 1.60145
-0.88771 1.59693
-0.88780 1.59103
-0.89013 1.58716
-0.90122 1.58155
-0.90442 1.58200
-0.90678 1.58124
-0.90739 1.57850
-0.90952 1.57493
-0.91094 1.56841
-0.91318 1.56249
-0.91587 1.55777
-0.91934 1.55438
-0.91899 1.55500
-0.91978 1.55541
-0.92195 1.55327
-0.92455 1.54919
-0.92670 1.54546
-0.93063 1.53959
-0.93392 1.53474
-0.93663 1.53234
-0.93750 1.53008
-0.93786 1.52537
-0.93819 1.52170
-0.94018 1.51846
-0.94233 1.51596
-0.94329 1.51148
-0.94475 1.50922
-0.94726 1.50747
-0.95035 1.50314
-0.95445 1.49953
-0.95489 1.49810
-0.95520 1.49562
-0.95593 1.49009
-0.95772 1.48610
-0.95903 1.48285
-0.96116 1.47523
-0.96226 1.47163
-0.96366 1.46778
-0.96563 1.46590
-0.96706 1.46439
-0.96824 1.46255
-0.97054 1.45874
-0.97274 1.45451
-0.97354 1.44881
-0.97440 1.44324
-0.97648 1.43817
-0.97748 1.43397
-0.98004 1.43204
-0.98329 1.43100
-0.98582 1.42853
-0.98681 1.42754
-0.98665 1.42417
-0.98668 1.41758
-0.98703 1.41090
-0.98732 1.40580
-0.98726 1.40065
-0.98826 1.39521
-0.99043 1.39279
-0.99247 1.39052
-0.99348 1.38930
-0.99520 1.38691
-1.00027 1.38310
-1.00357 1.37939
-1.00561 1.37662
-1.00625 1.37322
-1.00641 1.37046
-1.00698 1.36604
-1.00728 1.36254
-1.00804 1.35623
-1.00935 1.34999
-1.01075 1.34618
-1.01313 1.34285
-1.01452 1.33903
-1.01402 1.33514
-1.01554 1.33174
-1.01651 1.32707
-1.01668 1.32326
-1.01702 1.32131
-1.01788 1.31906
-1.01844 1.31591
-1.02057 1.31260
-1.02577 1.31081
-1.02889 1.30803
-1.03130 1.30422
-1.03057 1.29987
-1.03131 1.29664
-1.03140 1.29273
-1.03174 1.28924
-1.03057 1.28131
-1.03024 1.27549
-1.03133 1.26677
-1.03133 1.26633
-1.03256 1.26509
-1.03402 1.26321
-1.03567 1.26142
-1.03872 1.25873
-1.03909 1.25540
-1.03988 1.25150
-1.04198 1.24569
-1.04433 1.24195
-1.04621 1.23452
-1.04521 1.22963
-1.04369 1.22515
-1.04352 1.22525
-1.04455 1.22548
-1.04735 1.22169
-1.04802 1.22024
-1.04705 1.21014
-1.04747 1.20451
-1.04861 1.19858
-1.04974 1.19460
-1.05269 1.19213
-1.05619 1.18926
-1.05687 1.18804
-1.05665 1.18619
-1.05406 1.18519
-1.05191 1.18211
-1.05271 1.17763
-1.05567 1.17252
-1.05829 1.16667
-1.05991 1.15994
-1.05835 1.15143
-1.05830 1.15124
-1.05694 1.14976
-1.05759 1.14768
-1.05896 1.14495
-1.05760 1.14070
-1.05927 1.13562
-1.05953 1.13096
-1.06279 1.11872
-1.06317 1.11340
-1.06297 1.10945
-1.06262 1.10490
-1.06091 1.09733
-1.06086 1.09715
-1.06090 1.09465
-1.06273 1.08215
-1.06497 1.07560
-1.06326 1.06926
-1.06462 1.06524
-1.06404 1.06326
-1.06439 1.06020
-1.06444 1.05900
-1.06606 1.05833
-1.06590 1.05200
-1.06590 1.05184
-1.06651 1.04856
-1.06630 1.04054
-1.06285 1.03023
-1.06280 1.02996
-1.06517 1.02698
-1.06627 1.02377
-1.06652 1.01963
-1.06333 1.01484
-1.05788 1.00970
-1.05895 1.00619
-1.06214 1.00445
-1.06456 1.00103
-1.06531 0.99635
-1.06740 0.99224
-1.06875 0.98749
-1.06770 0.98237
-1.06607 0.97746
-1.06640 0.97223
-1.06646 0.96778
-1.06398 0.96406
-1.06379 0.96363
-1.06326 0.96187
-1.06303 0.95727
-1.06335 0.95378
-1.06157 0.95106
-1.06043 0.94698
-1.06007 0.94285
-1.05954 0.93866
-1.06112 0.93466
-1.06337 0.92990
-1.06356 0.92694
-1.06301 0.92406
-1.06217 0.92153
-1.06058 0.91801
-1.05914 0.91411
-1.05602 0.91010
-1.05561 0.90280
-1.05661 0.89554
-1.05545 0.89019
-1.05285 0.88615
-1.05153 0.88240
-1.05314 0.87834
-1.05454 0.87606
-1.05504 0.87451
-1.05550 0.87189
-1.05469 0.86971
-1.05211 0.86557
-1.05102 0.86035
-1.04984 0.85370
-1.04973 0.85055
-1.04993 0.84634
-1.04891 0.84166
-1.04779 0.83812
-1.04749 0.83273
-1.04727 0.83010
-1.04697 0.82636
-1.04425 0.82299
-1.04350 0.82051
-1.04346 0.81466
-1.04301 0.81074
-1.04218 0.80748
-1.04240 0.80370
-1.04108 0.79827
-1.03872 0.79734
-1.03747 0.79371
-1.03759 0.79173
-1.03491 0.78530
-1.03363 0.77884
-1.03317 0.77306
-1.03412 0.76841
-1.03481 0.76437
-1.03245 0.76290
-1.03145 0.75987
-1.02944 0.75733
-1.02652 0.75602
-1.02603 0.75474
-1.02484 0.75208
-1.02332 0.74741
-1.02452 0.74189
-1.02429 0.73363
-1.02269 0.72941
-1.02287 0.72322
-1.02433 0.71928
-1.02089 0.72017
-1.01717 0.71886
-1.01467 0.71507
-1.01324 0.71099
-1.01268 0.70677
-1.01245 0.70271
-1.01146 0.69931
-1.01181 0.69368
-1.01051 0.68964
-1.00636 0.68739
-1.00651 0.68606
-1.00801 0.68200
-1.00689 0.67705
-1.00379 0.67193
-1.00059 0.66394
-0.99952 0.65768
-0.99845 0.65571
-0.99756 0.65383
-0.99491 0.65239
-0.99225 0.65113
-0.98951 0.64977
-0.98831 0.64747
-0.98807 0.64314
-0.98903 0.63691
-0.98895 0.63071
-0.98665 0.62410
-0.98583 0.62034
-0.98347 0.61701
-0.98285 0.61522
-0.98068 0.61498
-0.98120 0.61372
-0.98001 0.61180
-0.97800 0.60857
-0.97464 0.60345
-0.97167 0.59606
-0.96951 0.59205
-0.96676 0.57918
-0.95898 0.57225
-0.95803 0.56915
-0.95031 0.55781
-0.95016 0.55754
-0.94780 0.55226
-0.94810 0.53949
-0.94535 0.53229
-0.94530 0.53214
-0.94274 0.53288
-0.93953 0.53459
-0.93588 0.53404
-0.93400 0.53090
-0.93278 0.52550
-0.92876 0.50272
-0.92742 0.49278
-0.92521 0.48960
-0.91779 0.49857
-0.91788 0.49768
-0.91529 0.49831
-0.90988 0.47788
-0.90986 0.47758
-0.90772 0.46932
-0.90524 0.46830
-0.90272 0.46963
-0.90260 0.46964
-0.89332 0.46103
-0.88955 0.45492
-0.88482 0.44010
-0.88346 0.43843
-0.88111 0.43647
-0.87961 0.43570
-0.87820 0.43506
-0.87450 0.43270
-0.86952 0.42690
-0.86646 0.42181
-0.86666 0.41665
-0.86557 0.41182
-0.86657 0.40869
-0.85450 0.40035
-0.85121 0.39920
-0.84499 0.39775
-0.84364 0.39592
-0.84417 0.39306
-0.84423 0.38828
-0.84352 0.38403
-0.84112 0.37727
-0.84050 0.37085
-0.83767 0.36733
-0.83367 0.36422
-0.83051 0.36191
-0.82774 0.36103
-0.82453 0.36047
-0.82117 0.36183
-0.81926 0.35820
-0.81766 0.35463
-0.81373 0.35090
-0.81241 0.34610
-0.81124 0.34126
-0.80963 0.33566
-0.80828 0.33094
-0.80437 0.32814
-0.80106 0.32699
-0.79791 0.32517
-0.79451 0.32266
-0.79302 0.31975
-0.79198 0.31856
-0.79033 0.31737
-0.78827 0.31576
-0.78491 0.31342
-0.78087 0.31062
-0.77687 0.30787
-0.77233 0.30457
-0.76859 0.30113
-0.76624 0.29739
-0.76422 0.29461
-0.76259 0.29131
-0.76058 0.28673
-0.75953 0.28331
-0.75712 0.28128
-0.75376 0.27751
-0.74967 0.27565
-0.74716 0.27493
-0.74477 0.27171
-0.74251 0.27117
-0.73994 0.26934
-0.73793 0.26733
-0.73410 0.26312
-0.73130 0.25937
-0.72972 0.25728
-0.72657 0.25595
-0.72267 0.25433
-0.71887 0.25095
-0.71640 0.24851
-0.71489 0.24452
-0.71207 0.24134
-0.70931 0.23747
-0.70456 0.23608
-0.70286 0.23339
-0.69928 0.23194
-0.69532 0.22766
-0.69425 0.22394
-0.69211 0.22085
-0.68969 0.21827
-0.68633 0.21693
-0.68355 0.21480
-0.68190 0.21390
-0.67768 0.21337
-0.67323 0.21172
-0.66885 0.21120
-0.66609 0.20788
-0.66458 0.20544
-0.66196 0.20331
-0.65877 0.19922
-0.65654 0.19622
-0.65364 0.19100
-0.64995 0.18848
-0.64550 0.18646
-0.64203 0.18592
-0.63875 0.18457
-0.63631 0.18437
-0.63255 0.18383
-0.62868 0.18139
-0.62564 0.17848
-0.62339 0.17611
-0.61991 0.17342
-0.61775 0.16948
-0.61424 0.16658
-0.61094 0.16412
-0.60673 0.15937
-0.60662 0.15925
-0.60181 0.15851
-0.59617 0.15714
-0.59224 0.15565
-0.58853 0.15332
-0.58511 0.15065
-0.58344 0.14705
-0.57589 0.14364
-0.57182 0.14424
-0.56810 0.14247
-0.56619 0.13978
-0.56288 0.13603
-0.55953 0.13235
-0.55589 0.12902
-0.54801 0.12948
-0.54783 0.12947
-0.54367 0.12958
-0.54315 0.13171
-0.54102 0.13270
-0.53521 0.12429
-0.53477 0.12383
-0.53040 0.11821
-0.52639 0.11402
-0.52046 0.11096
-0.51264 0.11051
-0.50799 0.10972
-0.50342 0.10675
-0.49313 0.10170
-0.49012 0.09962
-0.48738 0.09955
-0.48471 0.09858
-0.47458 0.09318
-0.47032 0.09179
-0.46340 0.08883
-0.45317 0.08473
-0.45268 0.08452
-0.45353 0.08311
-0.45243 0.07946
-0.44648 0.07596
-0.44632 0.07586
-0.44129 0.07305
-0.43559 0.07332
-0.43079 0.07415
-0.42566 0.07547
-0.42241 0.07350
-0.42048 0.07258
-0.41622 0.06969
-0.41341 0.06676
-0.41057 0.06221
-0.40756 0.06075
-0.40558 0.06123
-0.40419 0.06264
-0.40107 0.06281
-0.39648 0.06298
-0.38519 0.05923
-0.38495 0.05916
-0.37967 0.05657
-0.37824 0.05260
-0.37561 0.04898
-0.37320 0.04848
-0.36966 0.05106
-0.36610 0.05473
-0.36272 0.05498
-0.35890 0.05290
-0.35357 0.04742
-0.34895 0.04099
-0.34394 0.03804
-0.34095 0.03959
-0.33292 0.03738
-0.33021 0.03718
-0.32657 0.03501
-0.32169 0.03376
-0.31758 0.03405
-0.31323 0.03214
-0.31002 0.02995
-0.30687 0.02990
-0.30166 0.02834
-0.29658 0.02822
-0.29378 0.02628
-0.29151 0.02498
-0.28939 0.02596
-0.28541 0.02485
-0.28064 0.02331
-0.27509 0.02117
-0.27038 0.02207
-0.26667 0.02285
-0.26763 0.02197
-0.26596 0.01996
-0.26191 0.01817
-0.25576 0.01819
-0.25222 0.01733
-0.24736 0.01629
-0.24297 0.01401
-0.23962 0.01398
-0.23679 0.01362
-0.23184 0.01279
-0.22847 0.01399
-0.22640 0.01400
-0.22310 0.01327
-0.21974 0.01178
-0.21503 0.01030
-0.20958 0.01134
-0.20437 0.01136
-0.20339 0.01013
-0.19951 0.01026
-0.19449 0.00911
-0.19165 0.00906
-0.18776 0.00649
-0.18120 0.00231
-0.17626 0.00106
-0.17252 0.00160
-0.16925 0.00485
-0.16732 0.00451
-0.16193 0.00440
-0.15806 0.00496
-0.15391 0.00397
-0.15067 0.00334
-0.14808 0.00278
-0.14566 0.00190
-0.14248 0.00073
-0.13694 -0.00027
-0.13103 -0.00096
-0.12595 -0.00178
-0.12238 -0.00086
-0.11957 -0.00149
-0.11617 0.00086
-0.11257 0.00108
-0.10714 0.00105
-0.10383 -0.00146
-0.10038 -0.00329
-0.09846 -0.00570
-0.09472 -0.00656
-0.08979 -0.00597
-0.08534 -0.00451
-0.08076 -0.00342
-0.07610 -0.00320
-0.07403 -0.00340
-0.07112 -0.00488
-0.06762 -0.00652
-0.06569 -0.00759
-0.06105 -0.00605
-0.05527 -0.00608
-0.05185 -0.00692
-0.04640 -0.00678
-0.04223 -0.00588
-0.03902 -0.00603
-0.03463 -0.00625
-0.03073 -0.00603
-0.02984 -0.00396
-0.04698 -0.00258
-0.04762 -0.00255
-0.04907 -0.00401
-0.04694 -0.00343
-0.03988 -0.00553
-0.03976 -0.00556
-0.03878 -0.00478
-0.03851 -0.00599
-0.04044 -0.00244
-0.04048 -0.00233
-0.04288 -0.00274
-0.04295 -0.00451
-0.04297 -0.00456
-0.04209 -0.00562
-0.03950 -0.00581
-0.03756 -0.00513
-0.03751 -0.00514
-0.03949 -0.00505
-0.04073 -0.00393
-0.04155 -0.00541
-0.04310 -0.00445
-0.04315 -0.00443
-0.04241 -0.00591
-0.04107 -0.00406
-0.03989 -0.00356
-0.03846 -0.00356
-0.03846 -0.00356
-0.04258 -0.00440
-0.04619 -0.00379
-0.04567 -0.00364
-0.04342 -0.00493
-0.03804 -0.00478
-0.03502 -0.00660
-0.03651 -0.00449
-0.03850 -0.00389
-0.04064 -0.00408
-0.04368 0.00004
-0.04490 -0.00015
-0.04334 -0.00142
-0.04018 -0.00695
-0.04162 -0.00661
-0.04170 -0.00624
-0.04169 -0.00607
-0.04216 -0.00525
-0.04134 -0.00315
-0.04130 -0.00311
-0.04161 -0.00368
-0.04163 -0.00403
-0.04052 -0.00480
-0.03928 -0.00424
-0.04011 -0.00348
-0.04176 -0.00291
-0.04298 -0.00281
-0.04236 -0.00326
-0.04234 -0.00324
-0.04085 -0.00314
-0.04014 -0.00572
-0.03999 -0.00698
-0.04011 -0.00565
-0.04110 -0.00512
