-0.01034 -0.00295
-0.00947 -0.00195
-0.00996 -0.00223
-0.01005 -0.00309
-0.01024 -0.00560
-0.01024 -0.00565
-0.00890 -0.00601
-0.01010 -0.00474
-0.00972 -0.00314
-0.00991 -0.00309
-0.00982 -0.00528
-0.00803 -0.00736
-0.00839 -0.00614
-0.01230 -0.00295
-0.01255 -0.00318
-0.01256 -0.00424
-0.01236 -0.00482
-0.01167 -0.00593
-0.01035 -0.00771
-0.00856 -0.00468
-0.00645 -0.00180
-0.00563 -0.00278
-0.00675 -0.00157
-0.00771 -0.00151
-0.01032 -0.00349
-0.01282 -0.00467
-0.01128 -0.00771
-0.01125 -0.00644
-0.01186 -0.00307
-0.01153 -0.00283
-0.01108 -0.00397
-0.01128 -0.00519
-0.01186 -0.00615
-0.00615 -0.00305
0.00296 -0.00380
0.00321 -0.00384
0.00719 -0.00536
0.01200 -0.00589
0.01630 -0.00587
0.01981 -0.00498
0.02386 -0.00378
0.02807 -0.00335
0.03137 -0.00182
0.03563 -0.00180
0.04135 -0.00195
0.04528 -0.00236
0.04899 -0.00279
0.05131 -0.00074
0.05480 -0.00015
0.05980 0.00010
0.06374 -0.00049
0.06769 0.00039
0.07036 0.00084
0.07151 0.00057
0.07416 0.00028
0.07850 0.00082
0.08244 0.00126
0.08795 0.00281
0.09213 0.00199
0.09635 0.00269
0.10109 0.00397
0.10449 0.00557
0.10689 0.00772
0.11063 0.00781
0.11347 0.00761
0.11673 0.00622
0.11942 0.00716
0.12397 0.00792
0.12849 0.00897
0.13143 0.01076
0.13527 0.01150
0.13870 0.01396
0.14367 0.01485
0.14777 0.01507
0.15345 0.01621
0.15985 0.01503
0.16451 0.01628
0.16661 0.01637
0.16888 0.01666
0.17197 0.01888
0.17525 0.01904
0.17683 0.01837
0.17803 0.01833
0.18212 0.01934
0.18801 0.02042
0.19223 0.02045
0.19789 0.02163
0.20318 0.01918
0.20718 0.02213
0.20944 0.02617
0.21278 0.02621
0.21605 0.02739
0.21956 0.02732
0.22274 0.02751
0.22689 0.02867
0.23138 0.03079
0.23554 0.03345
0.24040 0.03547
0.24524 0.03742
0.24862 0.03822
0.25264 0.03932
0.25527 0.03984
0.25812 0.04005
0.25964 0.04134
0.26299 0.04043
0.26693 0.04064
0.27245 0.04180
0.27748 0.04345
0.28118 0.04596
0.28406 0.04861
0.28814 0.04979
0.29095 0.05151
0.29375 0.05296
0.29655 0.05442
0.30109 0.05421
0.30578 0.05455
0.31134 0.05447
0.31838 0.05821
0.31854 0.05829
0.32101 0.06052
0.32314 0.06317
0.32495 0.06394
0.32863 0.06577
0.33167 0.06747
0.33587 0.06854
0.34238 0.07044
0.35536 0.07370
0.35814 0.07443
0.36128 0.07522
0.36506 0.08086
0.36518 0.08098
0.37009 0.08345
0.37934 0.08728
0.37957 0.08740
0.38322 0.08843
0.38636 0.08912
0.38878 0.09150
0.39124 0.09379
0.40168 0.09558
0.40666 0.09626
0.41136 0.09844
0.41936 0.10523
0.41955 0.10537
0.42357 0.10799
0.42620 0.10857
0.42889 0.10741
0.42974 0.10710
0.43032 0.10802
0.43291 0.10966
0.43655 0.11193
0.44207 0.11607
0.44822 0.11944
0.45510 0.12255
0.45988 0.12266
0.46331 0.12398
0.46655 0.12644
0.46808 0.12685
0.46911 0.12876
0.47156 0.13214
0.47844 0.13931
0.48272 0.13996
0.48693 0.13926
0.48977 0.13925
0.49303 0.14095
0.49675 0.14583
0.50127 0.14964
0.51224 0.15423
0.51686 0.15564
0.52481 0.15969
0.52501 0.15980
0.53004 0.16629
0.53004 0.16629
0.53050 0.16953
0.53506 0.17365
0.53506 0.17365
0.53849 0.17544
0.54569 0.17838
0.54644 0.17941
0.54974 0.18137
0.55324 0.18309
0.55637 0.18809
0.55951 0.19094
0.56732 0.19615
0.56750 0.19627
0.57068 0.19790
0.57362 0.19840
0.57716 0.19966
0.58159 0.20261
0.58332 0.20675
0.58461 0.20696
0.58566 0.20653
0.58811 0.20753
0.59104 0.20961
0.59446 0.21306
0.60413 0.22304
0.60435 0.22328
0.60772 0.22836
0.61116 0.23320
0.61505 0.23545
0.61974 0.23683
0.62162 0.23981
0.62395 0.24182
0.62508 0.24353
0.62644 0.24478
0.62851 0.24420
0.63182 0.24601
0.63452 0.25078
0.63731 0.25360
0.64125 0.25447
0.64445 0.25653
0.64724 0.26002
0.65099 0.26388
0.65517 0.26769
0.65931 0.27149
0.66255 0.27427
0.66482 0.27615
0.66677 0.27752
0.66912 0.27936
0.66964 0.28351
0.67257 0.28416
0.67580 0.28545
0.68010 0.28529
0.68177 0.28762
0.68332 0.28997
0.68415 0.29162
0.68857 0.29605
0.69308 0.30084
0.69758 0.30719
0.70248 0.31205
0.70541 0.31484
0.70750 0.31885
0.70855 0.32362
0.71112 0.32419
0.71168 0.32457
0.71352 0.32584
0.71664 0.32863
0.71801 0.32828
0.72012 0.33028
0.72399 0.33631
0.72811 0.33859
0.73094 0.34110
0.73111 0.34500
0.73260 0.34784
0.73325 0.35009
0.73715 0.35300
0.74287 0.35688
0.74590 0.35988
0.75017 0.36348
0.75311 0.36640
0.75429 0.37229
0.75665 0.37547
0.75811 0.37904
0.75895 0.38143
0.76041 0.38332
0.76207 0.38467
0.76524 0.38602
0.76729 0.38681
0.77002 0.38979
0.77283 0.39411
0.77429 0.39782
0.77687 0.40189
0.77807 0.40461
0.78106 0.40892
0.78523 0.41240
0.78936 0.41715
0.79139 0.42070
0.79289 0.42477
0.79564 0.42606
0.79774 0.42959
0.79875 0.42977
0.80003 0.42959
0.80058 0.43143
0.80225 0.43590
0.80495 0.44084
0.80677 0.44574
0.80848 0.44996
0.81215 0.45468
0.81673 0.45979
0.82075 0.46565
0.82447 0.46781
0.82563 0.47008
0.82592 0.47160
0.82706 0.47212
0.82821 0.47474
0.82793 0.47696
0.83126 0.48501
0.83133 0.48518
0.83621 0.49006
0.83878 0.49574
0.84154 0.50028
0.84381 0.50507
0.84718 0.50731
0.84881 0.51449
0.84886 0.51466
0.84836 0.51237
0.84938 0.51609
0.85274 0.52160
0.86113 0.53003
0.86113 0.53003
0.86190 0.53431
0.86114 0.53549
0.86363 0.54039
0.86486 0.54438
0.86628 0.54780
0.86910 0.54766
0.87124 0.55023
0.87469 0.56044
0.87479 0.56068
0.87592 0.56572
0.87677 0.56904
0.87886 0.57208
0.88144 0.57570
0.88347 0.57944
0.88512 0.58357
0.88642 0.58651
0.88887 0.58867
0.89560 0.60302
0.89468 0.60571
0.89453 0.60864
0.89691 0.61441
0.90074 0.62197
0.90083 0.62214
0.90321 0.62274
0.90659 0.62552
0.90604 0.63027
0.90923 0.64093
0.90932 0.64117
0.91067 0.64524
0.91269 0.64986
0.91274 0.64998
0.91303 0.65265
0.91392 0.65643
0.91381 0.65951
0.91454 0.66178
0.91794 0.66663
0.91936 0.67203
0.92059 0.67569
0.92287 0.67860
0.92381 0.68127
0.92434 0.68608
0.92637 0.69005
0.92728 0.69285
0.92810 0.69442
0.93144 0.69717
0.93173 0.70242
0.93104 0.70785
0.93318 0.71462
0.93344 0.72007
0.93623 0.72350
0.93736 0.72682
0.93751 0.72764
0.93965 0.73012
0.94007 0.73379
0.94215 0.73793
0.94076 0.74209
0.93922 0.74874
0.94072 0.75170
0.94346 0.75366
0.94512 0.75468
0.94502 0.75957
0.94567 0.76390
0.94644 0.76799
0.94866 0.77208
0.94923 0.77446
0.95075 0.77816
0.95148 0.78237
0.95190 0.78672
0.95364 0.79112
0.95459 0.79517
0.95624 0.80151
0.95854 0.80613
0.95835 0.81053
0.95593 0.81208
0.95694 0.81561
0.95854 0.81861
0.96084 0.82316
0.96240 0.82807
0.96324 0.83271
0.96366 0.83673
0.96474 0.83920
0.96360 0.84195
0.96301 0.84406
0.96379 0.84537
0.96463 0.85209
0.96754 0.86066
0.97021 0.86616
0.97057 0.86890
0.97015 0.87133
0.96940 0.87393
0.96749 0.87537
0.96899 0.87623
0.97085 0.87984
0.97367 0.88341
0.97423 0.88847
0.97224 0.89466
0.97114 0.90003
0.97421 0.90455
0.97587 0.90877
0.97638 0.91172
0.97623 0.91594
0.97507 0.91974
0.97469 0.92440
0.97441 0.92800
0.97595 0.93096
0.97669 0.93514
0.97649 0.93952
0.97692 0.94134
0.97545 0.94411
0.97453 0.94613
0.97825 0.94831
0.97946 0.95301
0.98042 0.95806
0.98068 0.96205
0.97854 0.96535
0.97906 0.97210
0.97884 0.98002
0.97784 0.98534
0.97839 0.98990
0.97960 0.99125
0.98018 0.99365
0.98048 0.99591
0.98048 0.99843
0.98111 1.00268
0.98045 1.00594
0.98041 1.00943
0.98003 1.01371
0.98032 1.01773
0.98065 1.02209
0.98054 1.02568
0.97904 1.02865
0.97979 1.03283
0.97992 1.03725
0.98045 1.04076
0.98153 1.04467
0.98072 1.04931
0.97928 1.05387
0.97859 1.05814
0.98024 1.06292
0.98096 1.06653
0.98150 1.06930
0.98011 1.07250
0.97911 1.07507
0.97933 1.07567
0.97688 1.07802
0.97539 1.08830
0.97535 1.08855
0.97665 1.09413
0.97932 1.10164
0.98043 1.11290
0.98043 1.11319
0.97801 1.11566
0.97540 1.11768
0.97412 1.12001
0.97236 1.12456
0.97427 1.13345
0.97431 1.13367
0.97601 1.13591
0.97578 1.13685
0.97499 1.13854
0.97330 1.14737
0.97326 1.14758
0.97297 1.15111
0.97065 1.15685
0.96832 1.16241
0.96833 1.16754
0.96875 1.17326
0.96859 1.17614
0.96698 1.18047
0.96764 1.19185
0.96686 1.19479
0.96599 1.19674
0.96424 1.20091
0.96296 1.20118
0.96141 1.20304
0.96000 1.20589
0.96059 1.22379
0.95870 1.22720
0.95599 1.23270
0.95593 1.23283
0.95416 1.24713
0.95479 1.25297
0.95056 1.26471
0.94968 1.26673
0.94940 1.26862
0.94936 1.26867
0.94781 1.27175
0.94638 1.27584
0.94470 1.28177
0.94297 1.28876
0.94213 1.29286
0.94139 1.29454
0.94013 1.30423
0.94010 1.30446
0.93842 1.30887
0.93614 1.31309
0.93584 1.31918
0.93557 1.32408
0.93485 1.32707
0.93341 1.32933
0.92992 1.33256
0.92985 1.33265
0.92840 1.33673
0.92798 1.33789
0.92892 1.34237
0.92639 1.34973
0.92635 1.34991
0.92382 1.34542
0.92062 1.34625
0.92072 1.34910
0.91891 1.35662
0.91792 1.36255
0.91597 1.37004
0.91571 1.37691
0.91245 1.38267
0.91296 1.38507
0.91205 1.38834
0.91059 1.39239
0.91025 1.39644
0.90960 1.39773
0.90831 1.39963
0.90674 1.40091
0.90630 1.40061
0.90488 1.39952
0.90323 1.40320
0.89912 1.40420
0.89882 1.40864
0.89728 1.41462
0.89701 1.42170
0.89653 1.43036
0.89344 1.43682
0.88961 1.44287
0.88768 1.44660
0.88574 1.44917
0.88540 1.45075
0.88430 1.45408
0.88134 1.45964
0.87835 1.46462
0.87419 1.46763
0.87245 1.46974
0.87120 1.47190
0.87274 1.47558
0.87144 1.48037
0.86761 1.48385
0.86607 1.48766
0.86331 1.49184
0.86150 1.49538
0.86018 1.50035
0.85864 1.50468
0.85682 1.50981
0.85347 1.51244
0.85076 1.51180
0.84932 1.51142
0.84807 1.51450
0.84881 1.51977
0.84613 1.52664
0.84253 1.53203
0.83951 1.53595
0.83768 1.53990
0.83696 1.54149
0.83656 1.54523
0.83411 1.54752
0.82919 1.55068
0.82762 1.55441
0.82648 1.55814
0.82477 1.56020
0.82395 1.56267
0.82217 1.56803
0.81995 1.57111
0.81573 1.57433
0.81267 1.57817
0.81057 1.57971
0.81024 1.58465
0.80986 1.58880
0.80901 1.59036
0.80505 1.59316
0.80152 1.59574
0.79910 1.60003
0.79474 1.60725
0.79439 1.61192
0.79236 1.61537
0.79123 1.61668
0.79070 1.61853
0.78670 1.62171
0.78314 1.62521
0.78027 1.62670
0.77711 1.63095
0.77612 1.63327
0.77502 1.63498
0.77279 1.63802
0.77091 1.64124
0.76804 1.64515
0.76462 1.64915
0.76141 1.65307
0.75783 1.65656
0.75519 1.66053
0.75333 1.66299
0.75302 1.66565
0.75152 1.67015
0.74923 1.67391
0.74654 1.67576
0.74405 1.67797
0.74398 1.67806
0.74240 1.67924
0.73849 1.68336
0.73473 1.68689
0.73293 1.68965
0.72801 1.69373
0.72569 1.69715
0.72393 1.70018
0.72224 1.70410
0.71953 1.70644
0.71576 1.71095
0.71253 1.71498
0.71131 1.71925
0.71125 1.71938
0.70872 1.72170
0.70518 1.72252
0.69432 1.72977
0.69217 1.73351
0.69210 1.73361
0.69042 1.73738
0.68383 1.74553
0.68383 1.74553
0.67929 1.74876
0.67328 1.75333
0.66678 1.75607
0.66370 1.75964
0.66715 1.76064
0.66506 1.76231
0.66132 1.76605
0.66121 1.76613
0.65793 1.76500
0.65373 1.76617
0.64513 1.77274
0.64472 1.77311
0.64143 1.78249
0.64134 1.78273
0.64067 1.78784
0.63579 1.79222
0.63566 1.79234
0.63224 1.79315
0.62826 1.79339
0.62427 1.79473
0.61663 1.80326
0.61551 1.80596
0.60816 1.81055
0.60800 1.81067
0.60507 1.81293
0.60106 1.81337
0.59772 1.81590
0.59426 1.81922
0.59023 1.82829
0.59012 1.82852
0.58907 1.83174
0.58634 1.83468
0.58122 1.83499
0.57588 1.83745
0.57171 1.84059
0.56967 1.84475
0.56708 1.84653
0.56698 1.84660
0.56353 1.84632
0.55756 1.84717
0.55451 1.85026
0.55145 1.85145
0.54856 1.85396
0.54670 1.85651
0.54362 1.86120
0.54107 1.86380
0.53912 1.86563
0.53571 1.86689
0.52982 1.86939
0.52634 1.87316
0.52277 1.87566
0.52031 1.87752
0.51837 1.88150
0.51593 1.88254
0.51139 1.88281
0.50926 1.88421
0.50500 1.88311
0.49931 1.88419
0.49379 1.88589
0.49120 1.89139
0.48945 1.89758
0.48829 1.90143
0.48373 1.90190
0.47944 1.90250
0.47661 1.90363
0.47299 1.90469
0.47046 1.90541
0.46800 1.90666
0.46493 1.90815
0.46113 1.91169
0.45671 1.91453
0.45320 1.91643
0.44898 1.91852
0.44534 1.91995
0.44225 1.92174
0.44002 1.92261
0.43776 1.92493
0.43352 1.92650
0.42849 1.92904
0.42421 1.93160
0.42036 1.93385
0.41826 1.93606
0.41471 1.93649
0.41222 1.93883
0.40929 1.94005
0.40567 1.94147
0.40218 1.94264
0.39729 1.94578
0.39262 1.94922
0.38963 1.95231
0.38755 1.95352
0.38338 1.95450
0.38087 1.95611
0.37734 1.95825
0.37476 1.95934
0.37001 1.95989
0.36455 1.95921
0.36083 1.96155
0.35672 1.96581
0.35226 1.96726
0.35024 1.96798
0.34673 1.96824
0.34386 1.96855
0.34251 1.97161
0.33882 1.97334
0.33462 1.97549
0.33174 1.97425
0.32770 1.97339
0.32401 1.97676
0.31823 1.97979
0.31288 1.98401
0.31116 1.98802
0.30853 1.98996
0.30411 1.99186
0.29934 1.99078
0.29816 1.99022
0.29376 1.98891
0.28735 1.98994
0.28457 1.99040
0.28356 1.99318
0.27914 1.99493
0.27739 1.99549
0.27371 1.99560
0.26805 1.99563
0.26157 1.99821
0.25705 2.00056
0.25378 2.00275
0.25069 2.00488
0.24769 2.00844
0.24261 2.01155
0.23579 2.01451
0.23561 2.01457
0.23170 2.01266
0.22963 2.01090
0.22143 2.01003
0.21773 2.01251
0.21331 2.01462
0.20851 2.01675
0.20213 2.01858
0.19933 2.01689
0.19469 2.01793
0.19077 2.02028
0.18774 2.02275
0.18377 2.02206
0.17992 2.02397
0.17634 2.02467
0.17305 2.02445
0.16962 2.02240
0.16559 2.02209
0.15914 2.02354
0.15897 2.02358
0.15473 2.02409
0.15291 2.02603
0.15151 2.02837
0.14816 2.02788
0.14180 2.02749
0.13619 2.02929
0.12417 2.03042
0.12388 2.03044
0.11938 2.03813
0.11173 2.03370
0.11156 2.03364
0.10579 2.02971
0.10220 2.03052
0.09692 2.03229
0.09322 2.03503
0.08873 2.03917
0.08447 2.03924
0.08071 2.04018
0.07784 2.03858
0.07405 2.03750
0.07006 2.03846
0.06677 2.04024
0.06444 2.04287
0.05963 2.04363
0.05632 2.04430
0.05209 2.04286
0.04711 2.04108
0.04326 2.03970
0.04007 2.03932
0.03497 2.04207
0.03193 2.04273
0.02905 2.04312
0.02597 2.04414
0.02227 2.04199
0.01663 2.04194
0.01164 2.04237
0.00739 2.04582
0.00411 2.04812
0.00131 2.04941
-0.00246 2.04871
-0.00497 2.04691
-0.00914 2.04481
-0.01295 2.04337
-0.01782 2.04266
-0.02297 2.04318
-0.02789 2.04545
-0.03130 2.04675
-0.03468 2.04868
-0.03785 2.04910
-0.04132 2.04823
-0.04384 2.04632
-0.04599 2.04688
-0.04936 2.04476
-0.05468 2.04551
-0.06109 2.04475
-0.06668 2.04651
-0.07060 2.04821
-0.07440 2.04994
-0.07713 2.05111
-0.07897 2.04934
-0.08168 2.04839
-0.08547 2.04865
-0.09115 2.04774
-0.09544 2.04704
-0.09929 2.04741
-0.10411 2.04730
-0.10762 2.04692
-0.10833 2.04462
-0.11276 2.04698
-0.11658 2.04545
-0.12127 2.04516
-0.12670 2.04397
-0.13107 2.04414
-0.13483 2.04485
-0.13847 2.04252
-0.14295 2.04103
-0.14648 2.04012
-0.15278 2.04216
-0.15741 2.04233
-0.16191 2.04266
-0.16152 2.04039
-0.16343 2.03941
-0.16822 2.03816
-0.17260 2.03726
-0.17577 2.03824
-0.17917 2.03707
-0.18225 2.03502
-0.18587 2.03263
-0.19246 2.03309
-0.19698 2.03396
-0.20046 2.03404
-0.20452 2.03404
-0.21001 2.03296
-0.21617 2.03385
-0.22167 2.03506
-0.22383 2.03438
-0.22635 2.03242
-0.22753 2.02985
-0.22947 2.02601
-0.23187 2.02346
-0.23699 2.02328
-0.24352 2.02285
-0.24931 2.02313
-0.25394 2.02344
-0.25826 2.02394
-0.26144 2.02379
-0.26611 2.02304
-0.26730 2.02120
-0.27031 2.01907
-0.27427 2.01988
-0.27964 2.01920
-0.28430 2.01782
-0.28979 2.01769
-0.29486 2.01710
-0.29874 2.01683
-0.30242 2.01569
-0.30527 2.01377
-0.30813 2.01357
-0.31082 2.01118
-0.31303 2.01030
-0.31638 2.00832
-0.31982 2.00588
-0.32463 2.00549
-0.32787 2.00467
-0.33106 2.00419
-0.33438 2.00249
-0.33748 2.00407
-0.34087 2.00254
-0.34527 1.99991
-0.34965 1.99868
-0.35557 1.99622
-0.35921 1.99653
-0.36278 1.99648
-0.36612 1.99719
-0.36978 1.99804
-0.37246 1.99554
-0.37324 1.99157
-0.37720 1.99062
-0.38089 1.98924
-0.39178 1.98154
-0.39687 1.98168
-0.40115 1.98041
-0.41069 1.98192
-0.41092 1.98196
-0.41519 1.98212
-0.42181 1.97849
-0.42199 1.97837
-0.42311 1.97398
-0.42561 1.97060
-0.42815 1.96836
-0.43261 1.96579
-0.44629 1.96717
-0.45290 1.96663
-0.45888 1.96519
-0.46180 1.96351
-0.46430 1.95994
-0.47208 1.95294
-0.47439 1.95151
-0.48186 1.94997
-0.48201 1.94992
-0.48447 1.94736
-0.48749 1.94570
-0.49067 1.94485
-0.49453 1.94204
-0.49552 1.93767
-0.49839 1.93742
-0.50353 1.93405
-0.51512 1.93376
-0.51538 1.93370
-0.52003 1.93341
-0.52140 1.93306
-0.52303 1.93178
-0.52485 1.92777
-0.52731 1.92517
-0.53067 1.92049
-0.53921 1.91401
-0.53940 1.91385
-0.54245 1.91324
-0.54490 1.91385
-0.54859 1.91380
-0.55685 1.91067
-0.55705 1.91057
-0.56299 1.90795
-0.56711 1.90636
-0.57509 1.89952
-0.57966 1.89498
-0.58344 1.89297
-0.59585 1.89182
-0.59758 1.88893
-0.59844 1.88308
-0.60011 1.87788
-0.60344 1.87459
-0.60784 1.87484
-0.61522 1.87518
-0.61540 1.87515
-0.61841 1.87394
-0.62012 1.87147
-0.62284 1.86978
-0.62632 1.86735
-0.62932 1.86286
-0.63023 1.86047
-0.63226 1.85665
-0.63725 1.85492
-0.64015 1.85552
-0.64388 1.85505
-0.65137 1.85313
-0.65544 1.85010
-0.65747 1.84633
-0.65851 1.84226
-0.65962 1.84044
-0.66266 1.83767
-0.66701 1.83661
-0.67059 1.83435
-0.67254 1.83111
-0.67439 1.82561
-0.67755 1.82261
-0.68118 1.82251
-0.68521 1.82453
-0.69103 1.82388
-0.69600 1.82232
-0.69851 1.82118
-0.70058 1.81530
-0.70040 1.81156
-0.70245 1.80789
-0.70457 1.80383
-0.70779 1.80071
-0.71148 1.79764
-0.71329 1.79632
-0.71301 1.79377
-0.71532 1.79038
-0.71867 1.78788
-0.72307 1.78567
-0.72775 1.78298
-0.73226 1.77941
-0.73620 1.77692
-0.74032 1.77512
-0.74446 1.77470
-0.74742 1.77496
-0.74832 1.77320
-0.74906 1.76959
-0.75073 1.76551
-0.75292 1.76079
-0.75415 1.75437
-0.75675 1.74911
-0.75921 1.74531
-0.76293 1.74491
-0.76787 1.74347
-0.77220 1.74155
-0.77686 1.73986
-0.78027 1.73826
-0.78394 1.73560
-0.78785 1.73402
-0.78963 1.73150
-0.79120 1.72840
-0.79319 1.72574
-0.79515 1.72263
-0.79781 1.71990
-0.80016 1.71554
-0.80111 1.71105
-0.80249 1.70677
-0.80393 1.70072
-0.80587 1.69954
-0.80838 1.70010
-0.81108 1.70099
-0.81775 1.69883
-0.82170 1.69551
-0.82421 1.68892
-0.82570 1.68277
-0.82679 1.68034
-0.83106 1.67848
-0.83223 1.67571
-0.83496 1.67324
-0.83715 1.67214
-0.83882 1.66780
-0.84315 1.66582
-0.84672 1.66172
-0.84875 1.65895
-0.85012 1.65356
-0.85075 1.65059
-0.85120 1.64848
-0.85365 1.64729
-0.85434 1.64510
-0.85832 1.64017
-0.86110 1.63748
-0.86523 1.63324
-0.86865 1.63037
-0.87017 1.62900
-0.87345 1.62778
-0.87744 1.62802
-0.88002 1.62510
-0.88061 1.61510
-0.88198 1.61007
-0.88453 1.60523
-0.88547 1.60129
-0.88764 1.59831
-0.88912 1.59670
-0.89125 1.59415
-0.89322 1.59232
-0.89566 1.58882
-0.89825 1.58454
-0.90419 1.57847
-0.90435 1.57830
-0.90737 1.57590
-0.90930 1.57473
-0.91039 1.57119
-0.91233 1.56725
-0.91326 1.56284
-0.91483 1.55902
-0.91617 1.55606
-0.91768 1.55488
-0.92446 1.54900
-0.92463 1.54887
-0.92999 1.54649
-0.93229 1.54303
-0.93382 1.54015
-0.93624 1.53721
-0.93497 1.52844
-0.93495 1.52822
-0.93558 1.52416
-0.93686 1.52146
-0.93993 1.52006
-0.94804 1.50879
-0.95184 1.49927
-0.95215 1.49620
-0.95452 1.49195
-0.95654 1.48618
-0.95762 1.48239
-0.96090 1.47708
-0.96208 1.47416
-0.96255 1.47495
-0.96872 1.46506
-0.97149 1.45950
-0.97198 1.45646
-0.97299 1.45227
-0.97376 1.44311
-0.97379 1.44288
-0.97595 1.43969
-0.98314 1.43329
-0.98331 1.43314
-0.98560 1.43146
-0.98698 1.42933
-0.98849 1.42676
-0.98826 1.42300
-0.98957 1.41887
-0.99416 1.41238
-0.99427 1.41220
-0.99561 1.40871
-0.99651 1.40603
-0.99780 1.40277
-0.99870 1.39913
-0.99964 1.39530
-1.00077 1.39033
-1.00201 1.38439
-1.00174 1.37850
-1.00219 1.37488
-1.00311 1.37274
-1.00467 1.37125
-1.00802 1.36696
-1.01153 1.36315
-1.01449 1.35985
-1.01579 1.35646
-1.01507 1.35503
-1.01483 1.35089
-1.01696 1.34757
-1.01861 1.34346
-1.01904 1.33958
-1.01735 1.33363
-1.01744 1.32766
-1.01911 1.32230
-1.02047 1.31755
-1.02183 1.31465
-1.02565 1.31293
-1.02847 1.31035
-1.03005 1.30839
-1.03102 1.30558
-1.03234 1.30189
-1.03375 1.29896
-1.03607 1.29722
-1.03880 1.29073
-1.03647 1.28400
-1.03669 1.27862
-1.03593 1.27700
-1.03551 1.27263
-1.03660 1.26823
-1.03844 1.26390
-1.03901 1.26320
-1.04233 1.26201
-1.04601 1.25646
-1.04890 1.25284
-1.04589 1.24761
-1.04593 1.24328
-1.04685 1.23867
-1.04683 1.23536
-1.04871 1.23174
-1.05022 1.22812
-1.05062 1.22520
-1.05084 1.22126
-1.05074 1.21569
-1.05080 1.21244
-1.05127 1.20761
-1.05267 1.20447
-1.05347 1.20100
-1.05545 1.19685
-1.05753 1.19221
-1.05793 1.18883
-1.05768 1.18486
-1.05819 1.18236
-1.05894 1.17866
-1.06065 1.17478
-1.06237 1.17213
-1.06409 1.16854
-1.06408 1.16376
-1.06287 1.15927
-1.06206 1.15508
-1.06135 1.15150
-1.06156 1.14802
-1.06235 1.14461
-1.06442 1.14048
-1.06725 1.13399
-1.06923 1.12988
-1.06745 1.12775
-1.06823 1.12724
-1.06734 1.12541
-1.06730 1.12194
-1.06728 1.11694
-1.06748 1.11220
-1.06703 1.10449
-1.06912 1.10051
-1.07035 1.09571
-1.07158 1.09136
-1.07079 1.08919
-1.06929 1.08532
-1.06843 1.08259
-1.06984 1.07885
-1.07180 1.07634
-1.07342 1.07202
-1.07136 1.06713
-1.06948 1.06034
-1.06834 1.05286
-1.06956 1.05005
-1.07189 1.04844
-1.07173 1.04490
-1.07054 1.04216
-1.07117 1.02466
-1.07182 1.02263
-1.07190 1.02252
-1.07044 1.02145
-1.07003 1.01927
-1.07020 1.01716
-1.06959 1.00308
-1.06911 0.99575
-1.06926 0.98923
-1.07025 0.98139
-1.06992 0.97481
-1.06526 0.97271
-1.06515 0.97263
-1.06483 0.97021
-1.06530 0.96334
-1.06533 0.96302
-1.06738 0.95866
-1.06741 0.95855
-1.06750 0.95661
-1.06812 0.95394
-1.06381 0.93835
-1.06482 0.93271
-1.06720 0.92559
-1.06813 0.92314
-1.06659 0.92111
-1.06374 0.91770
-1.05894 0.91389
-1.05854 0.90875
-1.05906 0.90105
-1.05867 0.89445
-1.05574 0.88931
-1.05567 0.88914
-1.05503 0.88773
-1.05701 0.88554
-1.05582 0.88423
-1.05558 0.88099
-1.05592 0.86396
-1.05638 0.85767
-1.05521 0.85323
-1.04969 0.84274
-1.04924 0.83858
-1.04805 0.83257
-1.04772 0.82830
-1.04906 0.82512
-1.04909 0.82503
-1.04915 0.82317
-1.04898 0.82095
-1.04671 0.81349
-1.04667 0.81331
-1.04414 0.80840
-1.04300 0.80307
-1.04091 0.79918
-1.04212 0.79180
-1.04215 0.79163
-1.04168 0.78900
-1.04085 0.78601
-1.03879 0.78254
-1.03541 0.77722
-1.03459 0.76772
-1.03456 0.76750
-1.03260 0.76596
-1.03164 0.76292
-1.03011 0.76055
-1.03026 0.75754
-1.02920 0.75467
-1.03127 0.74361
-1.03129 0.74337
-1.03101 0.73999
-1.02920 0.73457
-1.02689 0.73062
-1.02317 0.72490
-1.02307 0.72473
-1.01999 0.72260
-1.01772 0.71779
-1.01701 0.71088
-1.01898 0.70698
-1.01884 0.70452
-1.01786 0.70174
-1.01405 0.69768
-1.01348 0.69709
-1.01130 0.69632
-1.01182 0.69430
-1.00943 0.69046
-1.00802 0.68546
-1.00739 0.67760
-1.00491 0.67054
-1.00400 0.66612
-1.00349 0.66309
-1.00286 0.65915
-1.00002 0.65589
-0.99730 0.65452
-0.99463 0.65319
-0.99207 0.64918
-0.99273 0.64276
-0.99424 0.63823
-0.99348 0.63513
-0.99132 0.63289
-0.98841 0.62947
-0.98558 0.62439
-0.98478 0.62036
-0.98322 0.61281
-0.98159 0.60877
-0.97890 0.60414
-0.97574 0.59904
-0.97721 0.59896
-0.97527 0.59644
-0.97371 0.59236
-0.97186 0.59351
-0.96841 0.59287
-0.96812 0.59027
-0.96652 0.58751
-0.96537 0.58053
-0.96425 0.57657
-0.96300 0.57215
-0.96165 0.56733
-0.96191 0.56319
-0.96143 0.55896
-0.95844 0.55757
-0.95591 0.55519
-0.95187 0.55249
-0.94902 0.54874
-0.94393 0.54267
-0.94135 0.53585
-0.94125 0.53056
-0.94298 0.52950
-0.94225 0.52492
-0.94191 0.52190
-0.93940 0.51858
-0.93679 0.51721
-0.93332 0.51648
-0.93078 0.51388
-0.92951 0.51031
-0.92601 0.50412
-0.92199 0.49457
-0.92084 0.48966
-0.91928 0.48785
-0.91830 0.48889
-0.91560 0.48945
-0.91223 0.48931
-0.91176 0.48475
-0.90846 0.47758
-0.90632 0.46863
-0.90481 0.46118
-0.90292 0.45631
-0.90140 0.45115
-0.89977 0.45283
-0.89777 0.45313
-0.89642 0.45286
-0.89410 0.45215
-0.89132 0.44972
-0.88748 0.44671
-0.88618 0.44194
-0.88427 0.43758
-0.88190 0.43276
-0.88032 0.42679
-0.87712 0.42202
-0.87333 0.41760
-0.86765 0.40680
-0.86815 0.40758
-0.86299 0.40354
-0.86295 0.40350
-0.86039 0.40035
-0.85818 0.39595
-0.85582 0.39203
-0.85133 0.38993
-0.84810 0.38519
-0.84801 0.38504
-0.84382 0.38130
-0.84170 0.37637
-0.83498 0.36576
-0.83271 0.36097
-0.82982 0.35655
-0.82861 0.35478
-0.82731 0.35347
-0.81558 0.35361
-0.80952 0.34756
-0.80952 0.34756
-0.80969 0.34212
-0.80925 0.33454
-0.80657 0.33132
-0.80436 0.32779
-0.79902 0.32957
-0.79671 0.32659
-0.79439 0.32225
-0.79234 0.31861
-0.79004 0.31546
-0.78348 0.31109
-0.78332 0.31097
-0.78014 0.30858
-0.77726 0.30566
-0.77651 0.30277
-0.77514 0.30013
-0.76868 0.29450
-0.76851 0.29436
-0.76457 0.28984
-0.76016 0.28586
-0.75706 0.28253
-0.75655 0.28059
-0.75541 0.27929
-0.75277 0.27718
-0.75022 0.27331
-0.74500 0.26913
-0.74038 0.26524
-0.73874 0.26191
-0.73656 0.25822
-0.73467 0.25710
-0.73418 0.25675
-0.72331 0.24942
-0.71958 0.24714
-0.71052 0.24458
-0.71030 0.24452
-0.70886 0.24023
-0.70788 0.24075
-0.70627 0.23617
-0.70357 0.23187
-0.70003 0.22986
-0.69583 0.22626
-0.69261 0.22301
-0.69044 0.22133
-0.68847 0.21916
-0.68662 0.21794
-0.68257 0.22232
-0.67945 0.22363
-0.67424 0.22022
-0.66739 0.21448
-0.66660 0.21042
-0.66789 0.20384
-0.66798 0.19992
-0.66525 0.19652
-0.66323 0.19330
-0.65547 0.19274
-0.64954 0.19448
-0.64734 0.19350
-0.64547 0.19123
-0.64425 0.18849
-0.64158 0.18623
-0.63893 0.18281
-0.63518 0.17930
-0.63336 0.17734
-0.62861 0.17591
-0.62317 0.17532
-0.61878 0.17448
-0.61560 0.17155
-0.61292 0.16919
-0.61077 0.16433
-0.60700 0.16013
-0.60515 0.15512
-0.60191 0.15278
-0.59795 0.15090
-0.59482 0.15135
-0.59059 0.15077
-0.58647 0.14987
-0.58095 0.14714
-0.57863 0.14434
-0.57491 0.14367
-0.57191 0.14154
-0.57091 0.13897
-0.56804 0.14000
-0.56499 0.14057
-0.56177 0.14053
-0.55541 0.13441
-0.55404 0.13349
-0.55295 0.12998
-0.54961 0.12707
-0.54507 0.12627
-0.54200 0.12389
-0.53772 0.12213
-0.53538 0.11901
-0.53391 0.11792
-0.53048 0.11483
-0.52710 0.11385
-0.52232 0.11150
-0.52010 0.11123
-0.51463 0.10598
-0.51113 0.10334
-0.50622 0.10087
-0.50046 0.10071
-0.49706 0.09936
-0.49641 0.10102
-0.49332 0.10004
-0.49045 0.09851
-0.48985 0.09530
-0.48757 0.09256
-0.48146 0.08931
-0.47609 0.08728
-0.47326 0.08782
-0.46719 0.08317
-0.46552 0.08124
-0.46487 0.07899
-0.46168 0.07762
-0.45629 0.07646
-0.45019 0.07522
-0.44490 0.07419
-0.43973 0.07425
-0.43621 0.07427
-0.43450 0.07422
-0.43345 0.07151
-0.43242 0.06850
-0.42940 0.06667
-0.42609 0.06468
-0.42105 0.06217
-0.41685 0.06218
-0.41281 0.06243
-0.40833 0.06341
-0.40516 0.06422
-0.40298 0.06164
-0.40051 0.05881
-0.39597 0.05672
-0.39185 0.05358
-0.38828 0.05104
-0.38349 0.04951
-0.37991 0.04966
-0.36972 0.04877
-0.36947 0.04875
-0.36623 0.04747
-0.36253 0.04619
-0.35615 0.04180
-0.35597 0.04170
-0.35603 0.03980
-0.35496 0.03724
-0.35157 0.03508
-0.34720 0.03586
-0.34077 0.03667
-0.33511 0.03658
-0.32988 0.03614
-0.32409 0.03253
-0.32232 0.02969
-0.31993 0.02799
-0.31839 0.02702
-0.31551 0.02711
-0.31401 0.02582
-0.31173 0.02523
-0.30527 0.02420
-0.29934 0.02118
-0.29550 0.02103
-0.28978 0.02135
-0.28839 0.02036
-0.28970 0.02019
-0.28794 0.01978
-0.28521 0.02138
-0.27959 0.02048
-0.27284 0.01838
-0.26608 0.01813
-0.26124 0.01730
-0.25534 0.01588
-0.25301 0.01507
-0.25248 0.01405
-0.24186 0.01389
-0.23673 0.01364
-0.23242 0.01125
-0.22756 0.00870
-0.22326 0.00790
-0.21949 0.00699
-0.21495 0.00852
-0.21468 0.00859
-0.21237 0.00814
-0.20642 0.00622
-0.20628 0.00616
-0.20204 0.00449
-0.19621 0.00367
-0.19012 0.00184
-0.18548 0.00069
-0.18262 0.00038
-0.17749 0.00132
-0.17239 0.00220
-0.16581 -0.00042
-0.16565 -0.00049
-0.16316 -0.00188
-0.16215 -0.00318
-0.16100 -0.00220
-0.15856 -0.00117
-0.15367 -0.00061
-0.14629 -0.00106
-0.14011 -0.00151
-0.13562 -0.00355
-0.13067 -0.00470
-0.12765 -0.00558
-0.12490 -0.00471
-0.12078 -0.00382
-0.11707 -0.00306
-0.11310 -0.00499
-0.10875 -0.00434
-0.10734 -0.00649
-0.10337 -0.00660
-0.10135 -0.00690
-0.09700 -0.00665
-0.09386 -0.00599
-0.09092 -0.00563
-0.08628 -0.00551
-0.08062 -0.00394
-0.07515 -0.00348
-0.07191 -0.00628
-0.06823 -0.00854
-0.06211 -0.00906
-0.05652 -0.00685
-0.05269 -0.00611
-0.05079 -0.00603
-0.05022 -0.00461
-0.04646 -0.00536
-0.04129 -0.00379
-0.03360 -0.00482
-0.02868 -0.00477
-0.02784 -0.00551
-0.03163 -0.00573
-0.03742 -0.00545
-0.03888 -0.00343
-0.03833 -0.00149
-0.03591 -0.00116
-0.03537 -0.00270
-0.03631 -0.00534
-0.03663 -0.00747
-0.03946 -0.00923
-0.04222 -0.00894
-0.04182 -0.00929
-0.04068 -0.00797
-0.03850 -0.00463
-0.03597 -0.00339
-0.03469 -0.00359
-0.03486 -0.00552
-0.03462 -0.00578
-0.03470 -0.00660
-0.03714 -0.00524
-0.04021 -0.00502
-0.04230 -0.00516
-0.04289 -0.00452
-0.04136 -0.00413
-0.04058 -0.00524
-0.03769 -0.00607
-0.03615 -0.00682
-0.03502 -0.00654
-0.03674 -0.00824
-0.03769 -0.00740
-0.03733 -0.00636
-0.03665 -0.00635
-0.03673 -0.00561
-0.03727 -0.00541
-0.03834 -0.00570
-0.03965 -0.00679
-0.03958 -0.00634
-0.03751 -0.00613
-0.03617 -0.00624
-0.03506 -0.00342
-0.03658 -0.00210
-0.03759 -0.00323
-0.03756 -0.00379
-0.03949 -0.00690
-0.04178 -0.00848
-0.04356 -0.00908
-0.04053 -0.00757
-0.03798 -0.00650
-0.03607 -0.00386
