-0.00964 -0.00800
-0.01101 -0.00685
-0.01162 -0.00672
-0.01150 -0.00743
-0.01214 -0.00802
-0.01189 -0.00872
-0.01241 -0.00830
-0.01246 -0.00845
-0.01260 -0.00863
-0.01302 -0.00750
-0.01210 -0.00777
-0.01128 -0.00654
-0.01124 -0.00727
-0.01124 -0.00827
-0.01252 -0.00714
-0.01254 -0.00554
-0.01220 -0.00587
-0.01048 -0.00759
-0.01183 -0.00786
-0.01142 -0.00891
-0.01244 -0.00816
-0.01216 -0.00665
-0.01216 -0.00742
-0.01120 -0.00857
-0.01077 -0.00788
-0.01195 -0.00711
-0.01252 -0.00776
-0.01396 -0.00774
-0.01429 -0.00751
-0.01353 -0.00776
-0.01267 -0.00697
-0.01215 -0.00672
-0.00965 -0.00731
-0.00824 -0.00862
-0.00802 -0.01052
-0.01001 -0.01102
-0.01251 -0.01046
-0.01446 -0.00789
-0.01592 -0.00596
-0.01505 -0.00607
-0.01398 -0.00617
-0.01184 -0.00585
-0.01087 -0.00813
-0.01029 -0.00991
-0.01007 -0.00925
-0.00987 -0.00890
-0.01265 -0.00661
-0.01295 -0.00690
-0.01329 -0.00748
-0.01098 -0.00848
-0.00663 -0.00851
-0.00035 -0.00781
0.00386 -0.00770
0.00886 -0.00752
0.01384 -0.00770
0.01765 -0.00831
0.02234 -0.00744
0.02830 -0.00494
0.02842 -0.00487
0.02840 -0.00444
0.02986 -0.00470
0.03402 -0.00503
0.04116 -0.00380
0.04785 -0.00150
0.05462 -0.00216
0.05945 -0.00278
0.06123 -0.00442
0.06333 -0.00597
0.06528 -0.00531
0.06815 -0.00361
0.07797 0.00047
0.07822 0.00056
0.08163 0.00070
0.08766 0.00310
0.09359 0.00197
0.09758 0.00097
0.09813 0.00045
0.10038 0.00078
0.10271 0.00109
0.11615 0.00476
0.12060 0.00590
0.12492 0.00740
0.12884 0.00658
0.13311 0.00785
0.13569 0.00856
0.13964 0.01030
0.14264 0.00992
0.14752 0.00965
0.14929 0.00957
0.15334 0.00999
0.15862 0.01009
0.16144 0.01136
0.16300 0.01215
0.16853 0.01396
0.18153 0.01762
0.18182 0.01770
0.18491 0.01789
0.18721 0.02007
0.18832 0.02030
0.18923 0.02083
0.19249 0.02214
0.19669 0.02439
0.20259 0.02427
0.20759 0.02412
0.21213 0.02483
0.21487 0.02560
0.21852 0.02552
0.22211 0.03005
0.22596 0.03318
0.23121 0.03594
0.23159 0.03751
0.23585 0.03709
0.23966 0.03720
0.24287 0.03765
0.24810 0.03628
0.25084 0.03663
0.25295 0.03736
0.25598 0.03972
0.25987 0.04215
0.26321 0.04453
0.26691 0.04588
0.27226 0.04655
0.27628 0.04722
0.28117 0.04886
0.28555 0.04912
0.28861 0.04878
0.29128 0.04887
0.29396 0.04905
0.29601 0.05053
0.29997 0.05381
0.30486 0.05717
0.31001 0.05885
0.31476 0.05954
0.31909 0.06028
0.32281 0.06235
0.32608 0.06327
0.32928 0.06297
0.33166 0.06337
0.33377 0.06572
0.33706 0.06951
0.33989 0.07235
0.34374 0.07451
0.34876 0.07480
0.35415 0.07534
0.35872 0.07733
0.36095 0.07813
0.36317 0.08037
0.36523 0.08303
0.36901 0.08593
0.37374 0.08873
0.37804 0.08904
0.38390 0.08897
0.38671 0.08585
0.39008 0.08623
0.39201 0.08901
0.39293 0.09282
0.39615 0.09777
0.39874 0.10034
0.40301 0.10066
0.40662 0.10016
0.41028 0.09868
0.41460 0.09911
0.41932 0.10276
0.42352 0.10539
0.42849 0.10872
0.43218 0.10966
0.43504 0.11093
0.43659 0.11144
0.43918 0.11320
0.44347 0.11780
0.44840 0.12192
0.45175 0.12322
0.45519 0.12863
0.45895 0.13138
0.46181 0.12992
0.46535 0.13123
0.46940 0.13157
0.47261 0.13288
0.47658 0.13600
0.48002 0.13821
0.48343 0.14071
0.48525 0.14110
0.48770 0.14252
0.49152 0.14240
0.49452 0.14261
0.50030 0.14770
0.50249 0.15166
0.50414 0.15530
0.50735 0.15512
0.51079 0.15589
0.51471 0.15756
0.51903 0.15893
0.52274 0.16216
0.52523 0.16593
0.52917 0.16723
0.53306 0.16869
0.53657 0.17121
0.54065 0.17384
0.54151 0.17663
0.54365 0.17838
0.54697 0.18197
0.55183 0.18412
0.55557 0.18748
0.55912 0.19146
0.56246 0.19321
0.56461 0.19470
0.56664 0.19695
0.56844 0.19910
0.57083 0.20106
0.57431 0.20180
0.57878 0.20439
0.58905 0.21076
0.59312 0.21481
0.59703 0.22264
0.59714 0.22283
0.59776 0.22389
0.59996 0.22182
0.60377 0.22286
0.60579 0.22692
0.61087 0.22698
0.61935 0.23191
0.61956 0.23201
0.62208 0.23540
0.62638 0.24145
0.62971 0.24171
0.63155 0.24008
0.63488 0.24203
0.63732 0.24291
0.63949 0.24484
0.63962 0.25167
0.64120 0.25618
0.65392 0.26921
0.65911 0.26834
0.66306 0.26991
0.66483 0.27217
0.66665 0.27467
0.66830 0.27670
0.67624 0.28176
0.67868 0.28439
0.68123 0.28739
0.68566 0.29203
0.68895 0.29807
0.69508 0.30580
0.69523 0.30600
0.69909 0.30815
0.70105 0.31260
0.70286 0.31528
0.70495 0.31664
0.70966 0.31762
0.70979 0.31765
0.70904 0.31865
0.70950 0.32215
0.71170 0.32737
0.71673 0.32947
0.72164 0.33287
0.72938 0.35207
0.73590 0.35417
0.74191 0.35516
0.74209 0.35521
0.74476 0.35748
0.74461 0.35650
0.74629 0.35972
0.74706 0.36388
0.74911 0.36799
0.75200 0.37148
0.75617 0.37259
0.75999 0.37890
0.76010 0.37906
0.76186 0.38563
0.76498 0.38975
0.77174 0.39918
0.77190 0.39943
0.77558 0.40058
0.77811 0.40199
0.78030 0.40616
0.78366 0.40877
0.78427 0.40897
0.78438 0.40827
0.78422 0.40948
0.78422 0.41262
0.78689 0.41924
0.78999 0.42300
0.79622 0.42616
0.79997 0.42940
0.80343 0.43461
0.80476 0.43928
0.80737 0.44456
0.80933 0.44878
0.81021 0.45295
0.81234 0.45485
0.81563 0.45664
0.81741 0.45890
0.81824 0.46053
0.81979 0.46377
0.82166 0.46575
0.82368 0.47035
0.82660 0.47343
0.82860 0.47516
0.83072 0.47702
0.83243 0.48141
0.83301 0.48358
0.83461 0.48771
0.83703 0.49159
0.84043 0.49748
0.84392 0.49925
0.84699 0.50178
0.84779 0.50305
0.84720 0.50491
0.84921 0.50684
0.85119 0.51089
0.85362 0.51468
0.85659 0.51897
0.85909 0.52394
0.86283 0.52978
0.86434 0.53640
0.86505 0.54216
0.86751 0.54471
0.86832 0.54344
0.86968 0.54456
0.87125 0.54716
0.87435 0.55093
0.87627 0.55484
0.87761 0.56213
0.87722 0.56834
0.88072 0.57219
0.88241 0.57500
0.88456 0.57655
0.88496 0.57795
0.88653 0.58083
0.88804 0.58586
0.88673 0.58951
0.88957 0.59481
0.89000 0.59771
0.89290 0.60070
0.89447 0.60448
0.89731 0.60852
0.89940 0.61035
0.90275 0.61476
0.90427 0.61865
0.90477 0.62289
0.90397 0.62492
0.90406 0.62965
0.90390 0.63629
0.90780 0.64168
0.91117 0.64699
0.91139 0.65016
0.91227 0.65440
0.91423 0.65758
0.91506 0.65996
0.91565 0.65904
0.91661 0.66205
0.91775 0.66376
0.91744 0.66941
0.91849 0.67222
0.92646 0.68517
0.92828 0.68996
0.92935 0.69399
0.92961 0.69766
0.92999 0.70415
0.93075 0.70967
0.93410 0.71615
0.93628 0.71776
0.93616 0.72022
0.93780 0.72279
0.93929 0.73813
0.93973 0.74290
0.94611 0.75307
0.94624 0.75332
0.94849 0.75555
0.94840 0.76469
0.94841 0.76491
0.94686 0.76705
0.94665 0.76937
0.94968 0.77251
0.94972 0.77260
0.95089 0.77599
0.95399 0.78920
0.95559 0.79194
0.95590 0.79527
0.95722 0.79920
0.95910 0.80638
0.95682 0.81246
0.95868 0.81738
0.96140 0.81903
0.96300 0.82012
0.96492 0.82477
0.96488 0.82799
0.96358 0.83442
0.96397 0.84197
0.96395 0.84203
0.96381 0.84474
0.96449 0.84766
0.96656 0.85562
0.96668 0.85604
0.96859 0.86044
0.96904 0.86434
0.96991 0.87015
0.97143 0.87480
0.97046 0.88239
0.97043 0.88257
0.97066 0.88388
0.97240 0.88888
0.97245 0.88902
0.97402 0.89264
0.97561 0.89764
0.97568 0.90214
0.97494 0.90701
0.97483 0.91079
0.97695 0.91244
0.97647 0.91456
0.97658 0.91813
0.97712 0.92267
0.97727 0.92681
0.97841 0.93268
0.97747 0.94395
0.97745 0.94422
0.97818 0.94698
0.97860 0.94955
0.97903 0.95202
0.98143 0.95433
0.98149 0.95441
0.98110 0.95846
0.97994 0.96474
0.97894 0.97175
0.97896 0.97872
0.97944 0.98454
0.98023 0.98934
0.98230 0.99188
0.98188 0.99415
0.98020 0.99708
0.98142 0.99993
0.98122 1.00638
0.98053 1.01147
0.98332 1.01566
0.98377 1.02009
0.98378 1.02119
0.98147 1.02512
0.98167 1.03016
0.98251 1.03484
0.98335 1.03711
0.98337 1.04098
0.98148 1.04301
0.97978 1.04648
0.97727 1.04835
0.97988 1.05112
0.97975 1.05447
0.97981 1.06074
0.98197 1.06647
0.98208 1.07316
0.98182 1.07635
0.97928 1.08015
0.97728 1.08265
0.98020 1.08580
0.98148 1.08890
0.98150 1.09193
0.98427 1.09906
0.98166 1.10473
0.97957 1.10892
0.97787 1.11291
0.97786 1.11489
0.97721 1.11827
0.97638 1.12174
0.97589 1.12477
0.97598 1.12906
0.97592 1.13607
0.97635 1.14129
0.97639 1.14582
0.97581 1.14947
0.97314 1.15280
0.97237 1.15498
0.97235 1.15768
0.97286 1.16404
0.97220 1.16806
0.97157 1.17127
0.97141 1.17297
0.97131 1.17691
0.97142 1.18090
0.96987 1.18528
0.96953 1.18848
0.96744 1.19164
0.96609 1.19574
0.96471 1.19859
0.96613 1.20385
0.96636 1.20673
0.96364 1.21192
0.96111 1.21572
0.96151 1.22016
0.96074 1.22277
0.96039 1.22502
0.96225 1.22815
0.95948 1.22862
0.95652 1.23073
0.95435 1.23653
0.95341 1.24305
0.95470 1.25002
0.95575 1.25518
0.95599 1.26201
0.95393 1.26465
0.95341 1.26703
0.95012 1.26933
0.94880 1.27299
0.94717 1.27542
0.94481 1.27899
0.94445 1.28096
0.94412 1.28304
0.94429 1.28767
0.94545 1.29262
0.94334 1.29938
0.94063 1.30500
0.93915 1.30617
0.93640 1.30936
0.93490 1.31167
0.93528 1.31551
0.93367 1.31840
0.93348 1.32171
0.93406 1.32747
0.93367 1.33439
0.93111 1.33713
0.92911 1.33978
0.92911 1.33728
0.92921 1.33287
0.92629 1.33574
0.92601 1.34291
0.92395 1.35213
0.92254 1.35754
0.92063 1.36702
0.92037 1.37211
0.91926 1.37191
0.91748 1.37108
0.91636 1.37402
0.91371 1.37721
0.91163 1.38119
0.90955 1.38530
0.90794 1.38878
0.90773 1.39274
0.90602 1.39847
0.90512 1.40369
0.90412 1.40961
0.90276 1.41419
0.90152 1.41672
0.90045 1.41735
0.89997 1.41870
0.89573 1.42015
0.89442 1.42083
0.89347 1.42407
0.89344 1.42793
0.89221 1.43216
0.89123 1.43616
0.88830 1.43932
0.88786 1.44320
0.88587 1.44972
0.88458 1.45431
0.88200 1.45921
0.87932 1.46338
0.87741 1.46765
0.87465 1.47186
0.87386 1.47521
0.87188 1.48057
0.87050 1.48507
0.86725 1.48932
0.86649 1.49112
0.86437 1.49237
0.86422 1.49423
0.86196 1.49646
0.85891 1.50003
0.85407 1.50486
0.85201 1.51027
0.85284 1.51507
0.85345 1.51767
0.85201 1.52094
0.85187 1.52252
0.84987 1.52683
0.84615 1.53157
0.84209 1.53353
0.83995 1.53767
0.84122 1.54187
0.83783 1.54534
0.83587 1.54546
0.83449 1.54754
0.82814 1.55757
0.82486 1.56324
0.81800 1.57294
0.81789 1.57634
0.81680 1.58043
0.80985 1.59176
0.80665 1.59526
0.79916 1.60405
0.79899 1.60427
0.79680 1.60940
0.79599 1.61682
0.79593 1.61703
0.79523 1.62198
0.79264 1.62296
0.79114 1.62423
0.78859 1.62530
0.78534 1.62576
0.78174 1.62750
0.77886 1.62865
0.77731 1.63142
0.77515 1.63587
0.77263 1.64158
0.77073 1.64676
0.76814 1.65134
0.76690 1.65496
0.76450 1.65817
0.76214 1.66100
0.75786 1.66154
0.75471 1.66398
0.75332 1.66442
0.75408 1.66661
0.75323 1.66720
0.75088 1.67067
0.74633 1.67357
0.74033 1.67643
0.73920 1.67851
0.73739 1.68338
0.73367 1.68778
0.72843 1.69684
0.72516 1.70225
0.72329 1.70331
0.72237 1.70538
0.71987 1.70770
0.71786 1.70948
0.71762 1.71013
0.71539 1.71099
0.70910 1.71137
0.70481 1.71631
0.70145 1.72243
0.69962 1.72704
0.69873 1.73113
0.69769 1.73140
0.69741 1.73232
0.69638 1.73283
0.69298 1.73545
0.68682 1.73812
0.68392 1.74207
0.68110 1.74775
0.67748 1.75167
0.67425 1.75377
0.67150 1.75737
0.66971 1.75857
0.66938 1.75938
0.66618 1.76162
0.66199 1.76327
0.65565 1.76624
0.65053 1.76923
0.64861 1.77168
0.64902 1.77570
0.64815 1.78024
0.64639 1.78408
0.64339 1.78706
0.63980 1.79023
0.63490 1.79110
0.62741 1.79364
0.62274 1.79636
0.62150 1.79607
0.62029 1.79630
0.61858 1.79816
0.61810 1.80200
0.61737 1.80631
0.61350 1.81039
0.61099 1.81464
0.60718 1.81740
0.60203 1.81800
0.59847 1.81854
0.59565 1.82088
0.59292 1.82404
0.59016 1.82884
0.59027 1.83174
0.58783 1.83433
0.58539 1.83565
0.58014 1.83609
0.57611 1.83802
0.57215 1.83818
0.56949 1.84147
0.56800 1.84389
0.56396 1.85097
0.55951 1.85439
0.55370 1.85689
0.55119 1.86009
0.54821 1.86026
0.54426 1.86127
0.54195 1.86081
0.54033 1.86320
0.53835 1.86501
0.53483 1.86507
0.52934 1.86750
0.52112 1.87186
0.52091 1.87196
0.51729 1.87646
0.51408 1.88209
0.50982 1.88897
0.50547 1.88874
0.50049 1.88984
0.49708 1.89079
0.48659 1.89852
0.48364 1.90060
0.48024 1.90168
0.47475 1.90424
0.47460 1.90431
0.46993 1.90761
0.46032 1.91483
0.45656 1.91587
0.45190 1.91696
0.44510 1.91925
0.44491 1.91932
0.44434 1.92141
0.43214 1.93074
0.42421 1.93177
0.41833 1.93440
0.41658 1.93652
0.41860 1.93533
0.41713 1.93725
0.41248 1.93906
0.41236 1.93910
0.40742 1.94121
0.40083 1.94017
0.39591 1.94218
0.39134 1.94518
0.38643 1.95408
0.38627 1.95426
0.38556 1.95631
0.38174 1.95678
0.37863 1.95597
0.37430 1.95420
0.36967 1.95626
0.36472 1.95720
0.36129 1.96008
0.35910 1.96335
0.35718 1.96396
0.34109 1.97132
0.33821 1.97168
0.33582 1.97187
0.33151 1.97352
0.33139 1.97357
0.32825 1.97584
0.32303 1.97765
0.31630 1.98089
0.31134 1.98241
0.30481 1.98682
0.30465 1.98692
0.30216 1.98774
0.30237 1.98723
0.30125 1.98720
0.29643 1.98777
0.28884 1.98776
0.28180 1.99325
0.28162 1.99337
0.27795 1.99616
0.27485 1.99929
0.27124 2.00016
0.26733 1.99989
0.26425 1.99920
0.26009 1.99921
0.25429 2.00220
0.25093 2.00497
0.24703 2.00870
0.24203 2.01104
0.23894 2.01149
0.23684 2.00905
0.23357 2.00539
0.23174 2.00312
0.22786 2.00596
0.22409 2.01017
0.21911 2.01329
0.21477 2.01410
0.21191 2.01464
0.20949 2.01444
0.20572 2.01599
0.20237 2.01789
0.19861 2.01945
0.19494 2.01945
0.19028 2.02001
0.18501 2.01977
0.17885 2.02030
0.17646 2.02044
0.17586 2.02110
0.17342 2.02207
0.16841 2.02331
0.16469 2.02428
0.15888 2.02697
0.15498 2.02714
0.15197 2.02921
0.14900 2.03105
0.14488 2.03086
0.13874 2.02731
0.13601 2.02774
0.13290 2.02903
0.12745 2.03061
0.12232 2.03131
0.11796 2.03258
0.11546 2.03331
0.11164 2.03333
0.10818 2.03472
0.10545 2.03586
0.10344 2.03722
0.10036 2.03781
0.09498 2.03650
0.08745 2.03514
0.08299 2.03416
0.08104 2.03645
0.08067 2.03928
0.07791 2.03899
0.07478 2.03843
0.07122 2.03822
0.06614 2.03918
0.06210 2.04006
0.05493 2.04092
0.04810 2.04267
0.04467 2.04243
0.04266 2.04181
0.04049 2.04066
0.03717 2.04014
0.03361 2.04127
0.03142 2.04163
0.02939 2.04154
0.02269 2.04225
0.01662 2.04185
0.01201 2.04372
0.00884 2.04455
0.00431 2.04265
0.00009 2.04409
-0.00309 2.04490
-0.00475 2.04487
-0.00765 2.04297
-0.01203 2.04265
-0.01847 2.04297
-0.02407 2.04483
-0.02539 2.04466
-0.02826 2.04533
-0.03217 2.04755
-0.03819 2.04881
-0.04360 2.04541
-0.04745 2.04351
-0.05181 2.04231
-0.05522 2.04230
-0.05800 2.04293
-0.06220 2.04445
-0.06645 2.04638
-0.07139 2.04754
-0.07314 2.04835
-0.07462 2.04748
-0.07724 2.04542
-0.08082 2.04241
-0.08514 2.04110
-0.09268 2.04117
-0.09918 2.04223
-0.10416 2.04363
-0.10813 2.04438
-0.11025 2.04575
-0.11178 2.04585
-0.11877 2.04033
-0.11895 2.04021
-0.12218 2.03861
-0.12638 2.03929
-0.13126 2.03920
-0.13753 2.03904
-0.14071 2.03963
-0.14334 2.04034
-0.14738 2.04169
-0.15394 2.03933
-0.16283 2.03775
-0.16308 2.03771
-0.16562 2.03841
-0.17018 2.03758
-0.17278 2.03604
-0.17495 2.03574
-0.17772 2.03624
-0.18903 2.03387
-0.19303 2.03082
-0.19694 2.03216
-0.21043 2.03224
-0.22211 2.03000
-0.22238 2.02998
-0.22669 2.02989
-0.23062 2.02967
-0.23348 2.02991
-0.23730 2.02795
-0.23741 2.02789
-0.23993 2.02555
-0.24342 2.02281
-0.24764 2.02001
-0.25376 2.01969
-0.25825 2.01975
-0.26412 2.02103
-0.27558 2.02318
-0.27859 2.02114
-0.28104 2.01798
-0.28455 2.01478
-0.28928 2.01310
-0.29592 2.01247
-0.29609 2.01244
-0.30028 2.01323
-0.30685 2.01272
-0.30702 2.01269
-0.30840 2.01014
-0.31081 2.00834
-0.31309 2.00507
-0.31977 2.00220
-0.32743 2.00219
-0.33345 2.00419
-0.33784 2.00466
-0.34138 2.00562
-0.34312 2.00315
-0.34343 2.00043
-0.34486 1.99735
-0.34753 1.99520
-0.35132 1.99443
-0.35492 1.99362
-0.35742 1.99331
-0.36406 1.99329
-0.37051 1.99263
-0.37765 1.98896
-0.38324 1.98650
-0.38618 1.98786
-0.38643 1.98834
-0.38667 1.98670
-0.39113 1.98462
-0.39395 1.98293
-0.39647 1.98172
-0.39960 1.97994
-0.40401 1.97655
-0.40826 1.97663
-0.41330 1.97558
-0.41738 1.97504
-0.42241 1.97440
-0.42525 1.97076
-0.42911 1.96806
-0.43390 1.96984
-0.43707 1.96891
-0.44051 1.96812
-0.44536 1.96698
-0.44837 1.96342
-0.45061 1.96073
-0.45199 1.95854
-0.45385 1.95573
-0.45677 1.95412
-0.46089 1.95263
-0.46713 1.95316
-0.47340 1.95285
-0.47864 1.95212
-0.48424 1.95159
-0.48786 1.95071
-0.48891 1.94848
-0.48955 1.94486
-0.48942 1.94107
-0.49143 1.93733
-0.49437 1.93309
-0.49729 1.92969
-0.50054 1.92981
-0.50463 1.92945
-0.50928 1.92926
-0.51466 1.92711
-0.52013 1.92636
-0.52596 1.92606
-0.52825 1.92661
-0.53163 1.92571
-0.53518 1.92459
-0.54037 1.92099
-0.54460 1.91780
-0.54765 1.91518
-0.55090 1.91348
-0.55213 1.91178
-0.55374 1.90866
-0.55598 1.90799
-0.55829 1.90796
-0.56086 1.90761
-0.56497 1.90417
-0.56926 1.90017
-0.57189 1.89607
-0.57604 1.89350
-0.58055 1.89081
-0.58344 1.88964
-0.58645 1.89002
-0.59079 1.88918
-0.59626 1.88699
-0.59885 1.88326
-0.60009 1.87829
-0.60138 1.87458
-0.60268 1.87464
-0.60626 1.87609
-0.61154 1.87429
-0.61601 1.87306
-0.61953 1.87152
-0.62316 1.86706
-0.62682 1.86046
-0.63040 1.85554
-0.63363 1.85458
-0.63525 1.85350
-0.63760 1.85449
-0.64129 1.85410
-0.64404 1.85583
-0.64653 1.85457
-0.65171 1.85011
-0.65510 1.84376
-0.65880 1.83988
-0.66067 1.83537
-0.66258 1.83471
-0.66278 1.83411
-0.66729 1.83234
-0.67181 1.83020
-0.67660 1.82557
-0.67991 1.82220
-0.68192 1.81959
-0.68368 1.82088
-0.68660 1.81887
-0.68660 1.81887
-0.68863 1.81662
-0.69152 1.80947
-0.69530 1.80324
-0.69942 1.79743
-0.71096 1.79938
-0.71178 1.79574
-0.71154 1.79157
-0.71346 1.78539
-0.72195 1.78092
-0.72215 1.78080
-0.72793 1.77969
-0.73582 1.77700
-0.73602 1.77692
-0.74863 1.76904
-0.75495 1.76282
-0.75512 1.76267
-0.75932 1.75514
-0.76238 1.75407
-0.76463 1.75122
-0.76701 1.74784
-0.77218 1.73827
-0.77231 1.73804
-0.77498 1.73469
-0.77607 1.73200
-0.77883 1.72997
-0.78391 1.72737
-0.78948 1.72559
-0.78978 1.72547
-0.79275 1.72241
-0.79663 1.71772
-0.79673 1.71762
-0.80104 1.71591
-0.80318 1.71037
-0.80524 1.70339
-0.80736 1.69927
-0.81098 1.69788
-0.81553 1.69716
-0.81565 1.69711
-0.81686 1.69537
-0.81935 1.69158
-0.82717 1.67918
-0.82845 1.67661
-0.83322 1.66800
-0.83552 1.66845
-0.83921 1.66566
-0.84410 1.66387
-0.84280 1.66361
-0.84404 1.66218
-0.84632 1.66037
-0.85016 1.65372
-0.85237 1.65023
-0.85347 1.64554
-0.85467 1.64181
-0.85678 1.63886
-0.85913 1.63693
-0.86471 1.62761
-0.86485 1.62738
-0.86688 1.62342
-0.86939 1.62041
-0.87162 1.61953
-0.87355 1.61855
-0.87641 1.61505
-0.87886 1.61004
-0.88184 1.60627
-0.88645 1.60258
-0.88846 1.60066
-0.89105 1.59735
-0.89229 1.59616
-0.89347 1.59328
-0.89465 1.59166
-0.89628 1.58761
-0.89736 1.58407
-0.89963 1.57920
-0.90294 1.57528
-0.90417 1.57174
-0.90657 1.56901
-0.90833 1.56686
-0.90964 1.56430
-0.91181 1.56295
-0.91388 1.56075
-0.91468 1.55713
-0.91611 1.55121
-0.91781 1.54531
-0.92025 1.54218
-0.92399 1.53958
-0.92727 1.53968
-0.93198 1.53676
-0.93575 1.53575
-0.93738 1.53090
-0.93791 1.52685
-0.93861 1.52295
-0.93959 1.51889
-0.94069 1.51527
-0.94374 1.51199
-0.94611 1.50735
-0.94780 1.50433
-0.95009 1.50226
-0.94951 1.49930
-0.94853 1.49700
-0.95038 1.49279
-0.95169 1.48766
-0.95580 1.48289
-0.95873 1.47779
-0.95914 1.47310
-0.96022 1.47115
-0.96019 1.47224
-0.96171 1.46977
-0.96525 1.46561
-0.96660 1.45975
-0.96880 1.45408
-0.97027 1.44928
-0.97147 1.44555
-0.97215 1.44354
-0.97400 1.43889
-0.97677 1.43626
-0.97892 1.43346
-0.98122 1.43255
-0.98331 1.43241
-0.98758 1.43168
-0.98864 1.42679
-0.98827 1.41989
-0.98704 1.41244
-0.98767 1.40552
-0.98910 1.40206
-0.98993 1.40012
-0.98991 1.39912
-0.99096 1.39606
-0.99414 1.39012
-0.99708 1.38583
-0.99951 1.38207
-1.00141 1.37860
-1.00345 1.37581
-1.00493 1.37303
-1.00629 1.37032
-1.00792 1.36717
-1.01015 1.36354
-1.01143 1.35880
-1.01131 1.35284
-1.01100 1.34762
-1.01127 1.34398
-1.01182 1.34061
-1.01381 1.33758
-1.01578 1.33430
-1.01683 1.33179
-1.01814 1.32850
-1.01976 1.32645
-1.02152 1.32310
-1.02319 1.31753
-1.02572 1.31608
-1.02791 1.31207
-1.02892 1.30669
-1.02889 1.30130
-1.02840 1.29487
-1.02877 1.28979
-1.02995 1.28736
-1.03105 1.28539
-1.03325 1.28349
-1.03479 1.27993
-1.03659 1.27731
-1.03771 1.27339
-1.03788 1.27012
-1.03787 1.26708
-1.03770 1.26297
-1.04093 1.25400
-1.04098 1.25379
-1.04188 1.24932
-1.04332 1.24479
-1.04374 1.24137
-1.04393 1.23645
-1.04517 1.23112
-1.04587 1.22522
-1.04537 1.22430
-1.04344 1.21163
-1.05150 1.20265
-1.05165 1.20243
-1.05345 1.20012
-1.05220 1.19926
-1.05150 1.19750
-1.05246 1.19618
-1.05330 1.19346
-1.05604 1.17436
-1.05632 1.16807
-1.06123 1.16290
-1.06066 1.16201
-1.06249 1.14669
-1.06309 1.14039
-1.06231 1.13656
-1.06182 1.13353
-1.06339 1.13111
-1.06093 1.12856
-1.06213 1.12604
-1.06345 1.12555
-1.06501 1.12249
-1.06403 1.11247
-1.06399 1.11223
-1.06395 1.10718
-1.06788 1.09513
-1.06796 1.09485
-1.06941 1.09090
-1.06402 1.08087
-1.06286 1.07542
-1.06541 1.07298
-1.06633 1.06800
-1.06884 1.06515
-1.06975 1.06039
-1.06978 1.05605
-1.06900 1.04952
-1.06900 1.04936
-1.06878 1.04802
-1.06935 1.04130
-1.06935 1.04115
-1.06728 1.03658
-1.06562 1.02579
-1.06556 1.02553
-1.06738 1.01901
-1.07030 1.01517
-1.07078 1.01105
-1.07024 1.00649
-1.06886 1.00703
-1.06709 1.00525
-1.06555 1.00335
-1.06479 0.99880
-1.06723 0.99188
-1.06858 0.98549
-1.06864 0.97944
-1.06929 0.97694
-1.06526 0.97356
-1.06346 0.97042
-1.06530 0.96490
-1.06657 0.96319
-1.06752 0.96122
-1.06557 0.95882
-1.06369 0.95538
-1.06437 0.95138
-1.06443 0.94607
-1.06423 0.94120
-1.06358 0.93601
-1.06364 0.93346
-1.06318 0.93037
-1.06314 0.92722
-1.06280 0.92389
-1.06231 0.91804
-1.06043 0.91254
-1.05938 0.90695
-1.05779 0.90238
-1.05748 0.89774
-1.05697 0.89504
-1.05815 0.89453
-1.06018 0.89640
-1.05875 0.89423
-1.05765 0.89070
-1.05694 0.88428
-1.05490 0.87824
-1.05278 0.87383
-1.05269 0.86924
-1.05046 0.86521
-1.05039 0.85997
-1.05117 0.85603
-1.05182 0.85299
-1.05138 0.84977
-1.05170 0.84752
-1.05061 0.84538
-1.04849 0.84007
-1.04728 0.83666
-1.04735 0.83120
-1.04849 0.82732
-1.04974 0.82354
-1.04959 0.82087
-1.04754 0.81721
-1.04399 0.81505
-1.04204 0.81188
-1.03976 0.80653
-1.03920 0.80096
-1.04069 0.79585
-1.04013 0.78715
-1.04115 0.78074
-1.04153 0.77874
-1.03941 0.77622
-1.03671 0.77710
-1.03529 0.77751
-1.03268 0.77803
-1.03355 0.77705
-1.03218 0.77255
-1.03064 0.76379
-1.03087 0.75706
-1.03151 0.75145
-1.03028 0.74420
-1.02818 0.74082
-1.02586 0.73809
-1.02332 0.73555
-1.01895 0.73358
-1.01915 0.72844
-1.01729 0.72443
-1.01792 0.72304
-1.01999 0.71909
-1.02009 0.71602
-1.02150 0.71134
-1.01786 0.70630
-1.01713 0.70210
-1.01370 0.69908
-1.01121 0.69491
-1.00660 0.68821
-1.00266 0.68445
-1.00118 0.67977
-1.00777 0.67436
-1.00357 0.67105
-0.99876 0.66902
-0.99750 0.66623
-0.99709 0.66320
-0.99693 0.65694
-0.99678 0.65210
-0.99470 0.64505
-0.99445 0.63621
-0.99442 0.63600
-0.99297 0.63330
-0.98697 0.62938
-0.98683 0.62927
-0.98111 0.61617
-0.98153 0.61147
-0.97946 0.60669
-0.97817 0.60369
-0.97684 0.60062
-0.97694 0.59550
-0.97649 0.59474
-0.97362 0.59155
-0.97143 0.58811
-0.96741 0.58446
-0.96307 0.57882
-0.96112 0.56928
-0.96082 0.56346
-0.95888 0.55547
-0.95857 0.54972
-0.95931 0.54889
-0.95720 0.55216
-0.95617 0.55638
-0.95416 0.55685
-0.95063 0.55438
-0.95134 0.54918
-0.94298 0.53163
-0.94273 0.53094
-0.93933 0.52382
-0.94027 0.51602
-0.94004 0.51006
-0.93988 0.51256
-0.93970 0.51623
-0.93637 0.51965
-0.93341 0.51804
-0.93020 0.51339
-0.92164 0.50238
-0.91967 0.49232
-0.91874 0.48437
-0.91833 0.47937
-0.91589 0.47984
-0.91233 0.48018
-0.91133 0.48143
-0.90411 0.47140
-0.90519 0.46958
-0.90272 0.46211
-0.89773 0.45292
-0.89554 0.45362
-0.89413 0.45358
-0.89202 0.45240
-0.88699 0.44891
-0.88347 0.44450
-0.87945 0.43970
-0.87599 0.43545
-0.87488 0.42851
-0.87414 0.42606
-0.87299 0.42311
-0.87147 0.41762
-0.87024 0.41647
-0.86676 0.41265
-0.86397 0.41060
-0.85406 0.40032
-0.85580 0.39478
-0.85824 0.39119
-0.85586 0.38835
-0.85245 0.38834
-0.84985 0.38726
-0.84404 0.38691
-0.83890 0.38456
-0.83584 0.38087
-0.83551 0.37670
-0.83544 0.36999
-0.83391 0.36466
-0.83137 0.35961
-0.82557 0.35638
-0.82202 0.35235
-0.82093 0.35161
-0.81949 0.35065
-0.81765 0.34859
-0.81440 0.34555
-0.81304 0.34202
-0.80944 0.33808
-0.80470 0.33622
-0.80159 0.33312
-0.79955 0.32946
-0.79729 0.32688
-0.79595 0.32342
-0.79370 0.31968
-0.79219 0.31897
-0.79122 0.31797
-0.78946 0.31568
-0.78508 0.31398
-0.78093 0.31180
-0.77620 0.30909
-0.77276 0.30487
-0.77057 0.30034
-0.76693 0.29787
-0.76572 0.29369
-0.76642 0.29120
-0.76320 0.29152
-0.75955 0.28935
-0.75492 0.28685
-0.75231 0.28426
-0.75114 0.28133
-0.74787 0.27555
-0.74190 0.27153
-0.73826 0.26819
-0.73622 0.26578
-0.73476 0.26648
-0.73087 0.26705
-0.72847 0.26662
-0.72997 0.26158
-0.72744 0.25814
-0.72555 0.25508
-0.71916 0.24944
-0.71617 0.24674
-0.71197 0.24298
-0.70993 0.24097
-0.70837 0.24085
-0.70683 0.23907
-0.70380 0.23774
-0.70003 0.23487
-0.69538 0.23146
-0.69168 0.22692
-0.68890 0.22268
-0.68745 0.22053
-0.68633 0.21928
-0.68419 0.21876
-0.68051 0.21836
-0.67630 0.21647
-0.67142 0.21434
-0.66734 0.21179
-0.66456 0.20843
-0.66209 0.20508
-0.65874 0.20234
-0.65720 0.19979
-0.65473 0.19961
-0.65142 0.19857
-0.64773 0.19610
-0.64556 0.19265
-0.64209 0.18785
-0.63811 0.18485
-0.63402 0.18188
-0.63009 0.18023
-0.62824 0.17917
-0.62855 0.17912
-0.62402 0.17558
-0.62392 0.17549
-0.61909 0.17320
-0.61392 0.17071
-0.60953 0.16878
-0.60147 0.16363
-0.60130 0.16350
-0.60083 0.16043
-0.59819 0.15642
-0.59146 0.15449
-0.59130 0.15442
-0.58656 0.15285
-0.58213 0.15100
-0.57912 0.14733
-0.57168 0.14512
-0.57148 0.14505
-0.56717 0.14399
-0.56528 0.14257
-0.56303 0.14017
-0.56241 0.13645
-0.55997 0.13417
-0.54789 0.12898
-0.54145 0.12657
-0.53914 0.12298
-0.52940 0.11926
-0.52663 0.11793
-0.52381 0.11667
-0.52067 0.11723
-0.51611 0.11681
-0.50759 0.11758
-0.50739 0.11760
-0.50680 0.11529
-0.49500 0.10234
-0.49159 0.10045
-0.48853 0.09994
-0.48554 0.09930
-0.48021 0.09829
-0.47627 0.09729
-0.47327 0.09775
-0.47046 0.09521
-0.47023 0.09380
-0.46012 0.08989
-0.45454 0.08546
-0.44321 0.08283
-0.44294 0.08275
-0.43771 0.08270
-0.43340 0.08166
-0.42731 0.07020
-0.42404 0.07065
-0.41215 0.07389
-0.40511 0.07200
-0.40071 0.07105
-0.39914 0.06908
-0.39543 0.06075
-0.39543 0.06075
-0.39238 0.05907
-0.38938 0.05803
-0.38520 0.05746
-0.38095 0.06018
-0.37788 0.05734
-0.37450 0.05659
-0.37028 0.05447
-0.36494 0.05179
-0.36250 0.05216
-0.35922 0.05026
-0.35549 0.04752
-0.35189 0.04608
-0.34881 0.04470
-0.34537 0.04335
-0.34120 0.04355
-0.33643 0.04338
-0.33137 0.04273
-0.32530 0.03948
-0.32099 0.03662
-0.31753 0.03521
-0.31650 0.03558
-0.31282 0.03490
-0.31131 0.03421
-0.30836 0.03367
-0.30430 0.03320
-0.29958 0.03202
-0.29587 0.03269
-0.29091 0.03258
-0.28761 0.03053
-0.28540 0.02858
-0.28195 0.02729
-0.27978 0.02574
-0.27524 0.02425
-0.27158 0.02558
-0.26820 0.02516
-0.26393 0.02389
-0.25788 0.02188
-0.25247 0.02006
-0.24783 0.01891
-0.24657 0.01773
-0.24453 0.01754
-0.24161 0.01704
-0.23923 0.01761
-0.23395 0.01755
-0.23062 0.01829
-0.22591 0.01856
-0.22234 0.01612
-0.21763 0.01517
-0.21241 0.01543
-0.20853 0.01398
-0.20569 0.01168
-0.20256 0.01028
-0.19808 0.00902
-0.19297 0.00975
-0.18941 0.00991
-0.18547 0.00990
-0.18313 0.00937
-0.17959 0.00870
-0.17830 0.00874
-0.17530 0.00904
-0.17104 0.00927
-0.16473 0.01014
-0.15798 0.00789
-0.15121 0.00618
-0.14585 0.00444
-0.14431 0.00428
-0.14149 0.00422
-0.13987 0.00527
-0.13732 0.00477
-0.13411 0.00464
-0.13018 0.00355
-0.12675 0.00368
-0.12230 0.00320
-0.11794 0.00319
-0.11354 0.00275
-0.10764 0.00260
-0.10200 0.00021
-0.09762 0.00126
-0.09623 0.00062
-0.09412 -0.00002
-0.09122 0.00159
-0.08920 0.00265
-0.08502 0.00089
-0.08152 -0.00101
-0.07436 -0.00067
-0.06819 0.00018
-0.06312 0.00054
-0.05752 0.00083
-0.05581 0.00081
-0.05428 0.00027
-0.05224 -0.00073
-0.05043 -0.00122
-0.04693 -0.00120
-0.04284 -0.00104
-0.03802 -0.00092
-0.03186 -0.00067
-0.02706 -0.00106
-0.02250 -0.00188
-0.01946 -0.00188
-0.01702 -0.00187
-0.01373 -0.00143
-0.01097 -0.00077
-0.00700 -0.00044
-0.00317 0.00065
-0.00069 0.00224
0.00045 0.00374
-0.00155 0.00040
-0.00161 0.00031
-0.00544 -0.00028
-0.01104 -0.00034
-0.01440 -0.00000
-0.01154 0.00026
-0.01148 0.00028
-0.00935 0.00167
-0.00617 0.00093
-0.00192 0.00105
-0.00173 0.00108
-0.00285 0.00120
-0.00534 -0.00002
-0.00862 0.00013
-0.01057 0.00171
-0.01081 0.00162
-0.01081 0.00162
-0.00902 -0.00006
-0.00634 0.00003
-0.00737 0.00066
-0.00640 0.00062
-0.00637 0.00062
-0.00716 0.00020
-0.00739 0.00104
-0.00558 0.00061
-0.00363 0.00127
-0.01077 0.00005
-0.01279 -0.00010
-0.00583 0.00043
-0.00241 -0.00145
-0.00086 -0.00180
-0.00042 0.00021
