-0.00845 -0.00185
-0.00876 -0.00260
-0.00845 -0.00178
-0.00878 -0.00010
-0.00769 -0.00151
-0.00653 0.00019
-0.00534 0.00006
-0.00565 -0.00012
-0.00846 -0.00006
-0.01039 -0.00067
-0.01114 0.00002
-0.01089 -0.00028
-0.00802 -0.00023
-0.00591 -0.00147
-0.00599 -0.00158
-0.00721 -0.00200
-0.00662 -0.00071
-0.00760 -0.00259
-0.00843 -0.00404
-0.00975 -0.00262
-0.01035 -0.00272
-0.00886 -0.00232
-0.00879 -0.00156
-0.00723 -0.00206
-0.00670 -0.00137
-0.00536 -0.00079
-0.00569 0.00086
-0.00726 0.00113
-0.00760 -0.00003
-0.00854 -0.00076
-0.00971 -0.00075
-0.01002 0.00024
-0.00774 0.00056
-0.00673 -0.00086
-0.00720 -0.00505
-0.00820 -0.00128
-0.00707 -0.00160
-0.00995 -0.00126
-0.00982 -0.00083
-0.00883 0.00017
-0.00701 0.00258
-0.00299 0.00172
0.00510 0.00119
0.01342 0.00018
0.01751 -0.00058
0.02384 0.00091
0.02410 -0.00055
0.02740 -0.00125
0.02848 -0.00062
0.03082 0.00007
0.03780 0.00104
0.03796 0.00108
0.04227 0.00118
0.04573 0.00102
0.04782 0.00207
0.05581 0.00314
0.05604 0.00318
0.06163 0.00346
0.06744 0.00302
0.07398 0.00379
0.07415 0.00380
0.07715 0.00430
0.08011 0.00598
0.08773 0.00769
0.08792 0.00772
0.09121 0.00551
0.09827 0.00614
0.09846 0.00616
0.10290 0.00755
0.11274 0.00997
0.11298 0.01003
0.11761 0.01186
0.12088 0.01216
0.13152 0.01200
0.13424 0.01345
0.13703 0.01436
0.13995 0.01641
0.14423 0.01503
0.15677 0.01517
0.16137 0.01770
0.16419 0.01967
0.16906 0.01949
0.16919 0.01951
0.17320 0.01990
0.17743 0.02133
0.19384 0.02958
0.19823 0.03026
0.20300 0.03000
0.20582 0.03037
0.21034 0.03130
0.21327 0.03183
0.21615 0.03230
0.21806 0.03130
0.22067 0.03169
0.22400 0.03408
0.22748 0.03668
0.23080 0.03831
0.23577 0.03844
0.24165 0.03750
0.24551 0.03834
0.24876 0.03954
0.25351 0.04122
0.25793 0.04213
0.26029 0.04362
0.26343 0.04517
0.26525 0.04770
0.26654 0.04801
0.27139 0.04912
0.27808 0.04962
0.28237 0.05179
0.28785 0.05372
0.29267 0.05559
0.29606 0.05631
0.29837 0.05665
0.30173 0.05908
0.30542 0.06149
0.30982 0.06161
0.31394 0.06412
0.31719 0.06557
0.31940 0.06536
0.32235 0.06501
0.32667 0.06743
0.32980 0.07031
0.33347 0.07445
0.33734 0.07589
0.33973 0.07573
0.34240 0.07421
0.34676 0.07641
0.35115 0.07864
0.35548 0.07928
0.36077 0.08077
0.36456 0.08493
0.36896 0.08644
0.37283 0.08549
0.37558 0.08552
0.37804 0.08633
0.38058 0.08747
0.38425 0.08845
0.38728 0.09181
0.39075 0.09595
0.39437 0.09919
0.39828 0.10069
0.40256 0.10243
0.40609 0.10341
0.40907 0.10480
0.41283 0.10487
0.41527 0.10645
0.41860 0.10921
0.42209 0.10968
0.42589 0.11132
0.43137 0.11475
0.43465 0.11873
0.43777 0.12084
0.43942 0.12334
0.44066 0.12417
0.44412 0.12422
0.44935 0.12570
0.45565 0.12637
0.46014 0.12866
0.46279 0.13099
0.46483 0.13523
0.46826 0.13673
0.47236 0.13828
0.47540 0.14185
0.47610 0.14330
0.47778 0.14332
0.47970 0.14524
0.48377 0.14500
0.49007 0.14746
0.49566 0.15118
0.50255 0.15316
0.50391 0.15860
0.50661 0.16328
0.50776 0.16412
0.51005 0.16683
0.51278 0.16699
0.51531 0.16895
0.52208 0.16884
0.52660 0.17014
0.52922 0.17446
0.52959 0.17774
0.53119 0.18036
0.53419 0.17959
0.53906 0.18028
0.54301 0.18169
0.54674 0.18445
0.54681 0.18819
0.54957 0.19448
0.55633 0.19597
0.56203 0.19727
0.56622 0.20014
0.57007 0.20307
0.57383 0.20678
0.57685 0.20996
0.57794 0.21096
0.57836 0.21110
0.57959 0.21011
0.58325 0.21044
0.58628 0.21132
0.58992 0.21298
0.59690 0.22165
0.59711 0.22185
0.59958 0.22610
0.60203 0.22843
0.60404 0.23045
0.60804 0.23172
0.61114 0.23425
0.61541 0.23753
0.61921 0.24137
0.62225 0.24511
0.62815 0.25134
0.62831 0.25150
0.63042 0.25642
0.63272 0.25905
0.63548 0.25966
0.63759 0.25759
0.64058 0.25671
0.64335 0.25743
0.64544 0.26237
0.64787 0.26751
0.65227 0.27275
0.65428 0.27707
0.65686 0.28034
0.66163 0.28484
0.66836 0.28624
0.67066 0.28654
0.67194 0.28835
0.67274 0.29141
0.67442 0.29428
0.67510 0.29663
0.67836 0.29974
0.68551 0.29942
0.68980 0.30219
0.69237 0.30595
0.69179 0.30788
0.69494 0.30927
0.69709 0.31021
0.70407 0.32329
0.70710 0.32610
0.70959 0.32909
0.71262 0.33186
0.71698 0.33515
0.72141 0.33879
0.72305 0.34243
0.72499 0.34519
0.72543 0.34692
0.72663 0.34712
0.72977 0.34960
0.73246 0.35126
0.73533 0.35344
0.73845 0.35741
0.74339 0.36946
0.74732 0.37296
0.75114 0.37469
0.75435 0.37665
0.75658 0.37783
0.75921 0.38095
0.76183 0.38620
0.76436 0.39084
0.76769 0.39627
0.76973 0.39882
0.77211 0.40168
0.77392 0.40454
0.77554 0.40756
0.77817 0.41118
0.78211 0.41528
0.78370 0.41631
0.78508 0.41846
0.78679 0.42043
0.78627 0.42132
0.78795 0.42183
0.79092 0.42314
0.79456 0.42688
0.79768 0.43354
0.79765 0.43921
0.79871 0.44590
0.79971 0.45089
0.80267 0.45490
0.80764 0.45803
0.81163 0.45803
0.81403 0.46123
0.81527 0.46121
0.81673 0.46241
0.82071 0.46963
0.82393 0.47550
0.82556 0.48037
0.82755 0.48301
0.82741 0.48455
0.82767 0.48615
0.82745 0.48727
0.82874 0.49185
0.83085 0.49636
0.83421 0.50231
0.83769 0.50819
0.83881 0.51162
0.84123 0.51469
0.84344 0.51855
0.84508 0.52207
0.84783 0.52571
0.84951 0.52818
0.85091 0.52986
0.85272 0.53275
0.85353 0.53453
0.85504 0.53589
0.85623 0.53776
0.85757 0.53942
0.85922 0.54611
0.86135 0.55201
0.86406 0.55712
0.86770 0.56210
0.86949 0.56475
0.87394 0.56628
0.87624 0.57140
0.87722 0.57758
0.87666 0.58344
0.87652 0.58879
0.87733 0.59161
0.87842 0.59230
0.88235 0.59224
0.88514 0.59343
0.88505 0.59786
0.88707 0.60198
0.88899 0.60699
0.89043 0.61106
0.89138 0.61432
0.89109 0.61782
0.89334 0.62204
0.89587 0.62504
0.89857 0.62958
0.90010 0.63481
0.90110 0.63767
0.90291 0.63929
0.90395 0.64235
0.90390 0.64651
0.90478 0.65011
0.90707 0.65208
0.90811 0.65336
0.90955 0.65735
0.91134 0.66206
0.91257 0.66749
0.91455 0.67239
0.91627 0.67632
0.91837 0.68055
0.92003 0.68501
0.92020 0.68965
0.92240 0.69264
0.92036 0.69530
0.92135 0.69652
0.92389 0.69967
0.92630 0.70114
0.92826 0.70483
0.93021 0.71152
0.92878 0.71848
0.92809 0.72786
0.92795 0.73481
0.93038 0.73882
0.93262 0.74152
0.93363 0.74187
0.93470 0.74270
0.93547 0.74422
0.93772 0.74682
0.93708 0.74914
0.93701 0.75217
0.93888 0.75637
0.94116 0.76167
0.94379 0.76855
0.94483 0.77378
0.94465 0.77834
0.94509 0.78305
0.94546 0.78556
0.94678 0.78803
0.95052 0.79386
0.95060 0.79402
0.94981 0.79730
0.95042 0.80243
0.94947 0.80571
0.95133 0.81341
0.95135 0.81360
0.95379 0.81765
0.95692 0.83053
0.95699 0.83082
0.95863 0.83397
0.95834 0.83427
0.95712 0.83650
0.96119 0.85007
0.96343 0.85297
0.96321 0.85683
0.96326 0.85989
0.96485 0.86345
0.96422 0.86691
0.96436 0.87114
0.96521 0.87661
0.96705 0.88830
0.96743 0.89736
0.96914 0.90109
0.96977 0.90319
0.96875 0.91620
0.97145 0.93500
0.97229 0.93991
0.97331 0.94254
0.97071 0.94999
0.97439 0.95478
0.97637 0.96549
0.97701 0.96407
0.97821 0.96698
0.97491 0.96955
0.97352 0.97291
0.97320 0.97728
0.97353 0.98298
0.97514 0.98720
0.97708 0.99099
0.97598 0.99485
0.97533 0.99805
0.97450 1.00203
0.97291 1.00445
0.97417 1.01603
0.97422 1.01632
0.97611 1.02327
0.97748 1.02877
0.97593 1.03246
0.97429 1.03569
0.97314 1.03837
0.97155 1.03987
0.97224 1.03979
0.97238 1.04148
0.97445 1.04518
0.97409 1.05018
0.97354 1.05692
0.97346 1.06151
0.97254 1.06625
0.97247 1.07346
0.97280 1.07803
0.97354 1.08229
0.97316 1.08286
0.97287 1.08708
0.97265 1.09216
0.97237 1.09574
0.97251 1.09741
0.97312 1.09902
0.97215 1.09835
0.97053 1.09995
0.97149 1.10475
0.96816 1.10839
0.96844 1.11307
0.96829 1.12021
0.96889 1.12651
0.97037 1.13203
0.97013 1.13881
0.97041 1.14194
0.96983 1.14464
0.96811 1.14846
0.96824 1.15183
0.96581 1.15571
0.96659 1.16002
0.96552 1.16474
0.96271 1.16848
0.96487 1.17019
0.96652 1.17286
0.96697 1.17829
0.96403 1.18319
0.96288 1.18894
0.96074 1.19301
0.96156 1.19515
0.96470 1.19584
0.96380 1.19896
0.96353 1.20135
0.95925 1.20760
0.95811 1.21131
0.95610 1.21685
0.95743 1.22179
0.95786 1.22720
0.95822 1.23194
0.95717 1.23708
0.95607 1.24101
0.95408 1.24412
0.95167 1.24689
0.94958 1.24700
0.94732 1.24809
0.94776 1.25183
0.94942 1.25392
0.95106 1.25708
0.95210 1.26131
0.95074 1.26432
0.94836 1.26524
0.94553 1.26723
0.94301 1.26544
0.94014 1.26942
0.93934 1.27506
0.93925 1.28241
0.94015 1.29008
0.94051 1.29411
0.93945 1.29782
0.93825 1.29844
0.93746 1.30162
0.93708 1.30798
0.93663 1.31610
0.93601 1.32261
0.93477 1.32631
0.93302 1.32776
0.93115 1.32301
0.92780 1.32182
0.92767 1.32218
0.92729 1.32764
0.92838 1.33517
0.92671 1.34145
0.92376 1.34637
0.91966 1.35179
0.91825 1.35829
0.91810 1.36099
0.91838 1.36562
0.91818 1.37022
0.91672 1.37490
0.91462 1.37780
0.91298 1.38377
0.90958 1.39003
0.90748 1.39423
0.90710 1.39823
0.90900 1.40068
0.90432 1.40435
0.90432 1.40435
0.90291 1.40552
0.89593 1.41207
0.89580 1.41218
0.89337 1.41583
0.89279 1.42082
0.89269 1.42671
0.89231 1.43280
0.89337 1.43721
0.89232 1.43966
0.89098 1.44303
0.88545 1.45048
0.88033 1.45587
0.88019 1.45600
0.87875 1.45996
0.87799 1.46472
0.87747 1.46857
0.87221 1.47915
0.86853 1.48359
0.86341 1.49801
0.86280 1.50338
0.86371 1.50834
0.86371 1.50847
0.86135 1.50851
0.85752 1.50994
0.85182 1.51435
0.84526 1.52438
0.84572 1.52661
0.84548 1.52710
0.84256 1.53106
0.83958 1.53249
0.83707 1.53874
0.83587 1.54294
0.83470 1.54671
0.83172 1.55849
0.83165 1.55875
0.82965 1.56062
0.82568 1.56564
0.82433 1.56901
0.81883 1.57765
0.81672 1.58154
0.81474 1.58553
0.81369 1.58904
0.81197 1.59176
0.80998 1.59352
0.80762 1.59549
0.80460 1.59870
0.80219 1.60243
0.80015 1.60561
0.79836 1.60808
0.79682 1.60964
0.79334 1.61309
0.78989 1.61782
0.78705 1.62228
0.78601 1.62696
0.78326 1.63084
0.78119 1.63427
0.77952 1.63789
0.77731 1.64053
0.77344 1.64153
0.76959 1.64314
0.76701 1.64432
0.76635 1.64465
0.76544 1.64743
0.76307 1.65158
0.76226 1.65635
0.76057 1.66106
0.75596 1.66322
0.75067 1.66600
0.74850 1.66980
0.74499 1.67381
0.74587 1.67780
0.74425 1.68119
0.74567 1.68435
0.74287 1.68751
0.73723 1.68893
0.73315 1.69060
0.72905 1.69328
0.72481 1.69531
0.72217 1.69798
0.72135 1.70053
0.72086 1.70235
0.72042 1.70729
0.71804 1.70977
0.71414 1.71433
0.70886 1.71749
0.70713 1.72163
0.70635 1.72419
0.70367 1.72447
0.69972 1.72415
0.69547 1.72561
0.69255 1.73030
0.69186 1.73539
0.69307 1.74044
0.69027 1.74331
0.68467 1.74675
0.68156 1.74841
0.67881 1.75008
0.67498 1.75218
0.67217 1.75449
0.67121 1.75720
0.66989 1.75917
0.66861 1.76129
0.66662 1.76282
0.66268 1.76708
0.65941 1.76946
0.65664 1.77181
0.65290 1.77387
0.64859 1.77701
0.64421 1.78133
0.64094 1.78505
0.63875 1.78787
0.63609 1.78947
0.63391 1.79185
0.63241 1.79664
0.63023 1.80039
0.62654 1.80509
0.62335 1.80608
0.61906 1.80684
0.61582 1.80589
0.61174 1.80692
0.60723 1.80858
0.60365 1.80949
0.60209 1.81490
0.59947 1.81929
0.59724 1.82370
0.59284 1.82839
0.58833 1.83069
0.58716 1.83283
0.58417 1.83518
0.58213 1.83644
0.58105 1.83859
0.58029 1.84151
0.57728 1.84545
0.57269 1.84748
0.56741 1.84780
0.56374 1.84920
0.56304 1.85088
0.56050 1.85349
0.55728 1.85500
0.55460 1.85759
0.55085 1.85893
0.54768 1.86171
0.54590 1.86649
0.54126 1.86914
0.53788 1.87299
0.53423 1.87541
0.53014 1.87710
0.52688 1.87836
0.52149 1.87930
0.51668 1.88284
0.51668 1.88284
0.51426 1.88499
0.50844 1.88803
0.50510 1.89041
0.49733 1.89928
0.49477 1.90048
0.49041 1.89960
0.48496 1.90012
0.48164 1.90103
0.47984 1.90393
0.47961 1.90768
0.47186 1.91418
0.47168 1.91434
0.46728 1.91604
0.46265 1.91706
0.45908 1.91903
0.44898 1.92442
0.44705 1.92531
0.44491 1.92786
0.44139 1.92907
0.43874 1.93137
0.43532 1.93228
0.43230 1.93418
0.42328 1.93951
0.42307 1.93962
0.41883 1.94251
0.41108 1.94884
0.41090 1.94896
0.40728 1.95055
0.40213 1.95126
0.39690 1.95053
0.39678 1.95053
0.39001 1.95436
0.38394 1.95865
0.37556 1.96058
0.37535 1.96066
0.37114 1.96277
0.36909 1.96401
0.36656 1.96567
0.36331 1.96798
0.35969 1.97010
0.35651 1.97095
0.35352 1.97057
0.34948 1.97189
0.34551 1.97315
0.34245 1.97522
0.32698 1.98175
0.32269 1.98395
0.31926 1.98568
0.31805 1.98467
0.31623 1.98470
0.31018 1.98664
0.31004 1.98667
0.30786 1.98900
0.30414 1.99094
0.29412 1.99570
0.29389 1.99583
0.28984 1.99876
0.28197 2.00246
0.28177 2.00254
0.27762 2.00314
0.27414 2.00333
0.27046 2.00285
0.26647 2.00280
0.26159 2.00369
0.25855 2.00479
0.25663 2.00681
0.25330 2.00802
0.24752 2.00791
0.24389 2.00846
0.24096 2.00930
0.24021 2.00941
0.23773 2.01246
0.23313 2.01328
0.22809 2.01293
0.22227 2.01169
0.21845 2.01257
0.21432 2.01506
0.20988 2.01847
0.20583 2.02170
0.20235 2.02529
0.19752 2.02641
0.19365 2.02763
0.19269 2.02694
0.19022 2.02642
0.18689 2.02290
0.18369 2.02351
0.17785 2.02523
0.17311 2.02557
0.16853 2.03007
0.16270 2.03315
0.15739 2.03288
0.15572 2.02957
0.15273 2.02849
0.15063 2.02668
0.14520 2.02944
0.13914 2.03193
0.13638 2.03454
0.13421 2.03766
0.13324 2.04004
0.13062 2.03985
0.12634 2.03801
0.12059 2.03741
0.11535 2.03839
0.11034 2.03925
0.10473 2.03999
0.10215 2.03803
0.09876 2.03869
0.09412 2.03986
0.09111 2.04099
0.08978 2.04260
0.08653 2.04229
0.08445 2.04174
0.08016 2.04202
0.07571 2.04313
0.07002 2.04525
0.06732 2.04456
0.06335 2.04427
0.05869 2.04413
0.05469 2.04539
0.04747 2.04616
0.04291 2.04867
0.03883 2.05092
0.03593 2.05014
0.03313 2.04976
0.03042 2.04607
0.02599 2.04408
0.02218 2.04513
0.01795 2.04751
0.01420 2.04891
0.01334 2.04922
0.01037 2.04652
0.00755 2.04583
0.00355 2.04823
-0.00308 2.04928
-0.00914 2.05267
-0.01314 2.05113
-0.01750 2.05111
-0.02181 2.05223
-0.02439 2.05174
-0.02948 2.04919
-0.03234 2.04860
-0.03521 2.04815
-0.03870 2.04802
-0.04324 2.04965
-0.04657 2.04923
-0.05266 2.04976
-0.05721 2.05051
-0.06119 2.05077
-0.06425 2.05132
-0.06717 2.05198
-0.07065 2.05051
-0.07586 2.05191
-0.08159 2.05061
-0.08589 2.05034
-0.08919 2.05046
-0.09023 2.04970
-0.09197 2.04876
-0.09453 2.04893
-0.09833 2.04972
-0.10218 2.05026
-0.10700 2.05049
-0.11365 2.04949
-0.12013 2.04863
-0.12254 2.04970
-0.12494 2.04832
-0.12751 2.04852
-0.13101 2.04845
-0.13614 2.04845
-0.14041 2.04869
-0.14364 2.04633
-0.14845 2.04622
-0.15237 2.04309
-0.15538 2.04272
-0.15652 2.04150
-0.16077 2.04163
-0.16688 2.04165
-0.17973 2.04027
-0.18342 2.03804
-0.18835 2.03988
-0.20714 2.03682
-0.20633 2.03452
-0.21125 2.03408
-0.21139 2.03406
-0.21476 2.03356
-0.21771 2.03088
-0.22407 2.02932
-0.22424 2.02927
-0.22790 2.02791
-0.23225 2.02753
-0.23606 2.02797
-0.25186 2.02880
-0.25186 2.02880
-0.25658 2.02879
-0.26511 2.02919
-0.26252 2.02634
-0.26444 2.02436
-0.26702 2.02324
-0.27041 2.02349
-0.28058 2.02321
-0.29578 2.02019
-0.30401 2.02109
-0.30421 2.02110
-0.31405 2.01956
-0.31428 2.01955
-0.31691 2.01720
-0.31971 2.01407
-0.32092 2.01074
-0.32480 2.00446
-0.32490 2.00429
-0.32584 2.00327
-0.32824 2.00452
-0.33910 2.00322
-0.33935 2.00318
-0.34482 2.00338
-0.35210 2.00143
-0.35252 2.00134
-0.35894 1.99948
-0.36336 2.00147
-0.36713 2.00146
-0.37038 2.00140
-0.37858 1.98929
-0.38073 1.98632
-0.38130 1.98843
-0.38554 1.98950
-0.40556 1.98671
-0.40998 1.98499
-0.41289 1.98126
-0.41367 1.97937
-0.41555 1.97797
-0.41710 1.97691
-0.42020 1.97663
-0.42320 1.97294
-0.42564 1.97046
-0.42950 1.96874
-0.43499 1.96737
-0.43947 1.96848
-0.44440 1.96825
-0.45065 1.96632
-0.45584 1.96466
-0.46054 1.96340
-0.46228 1.96186
-0.46568 1.96024
-0.46696 1.95910
-0.46770 1.95816
-0.46994 1.95915
-0.47241 1.95714
-0.47581 1.95110
-0.47844 1.94532
-0.48101 1.94193
-0.48532 1.94054
-0.49110 1.94316
-0.49522 1.94665
-0.49787 1.94650
-0.50175 1.94279
-0.50481 1.93981
-0.50825 1.93516
-0.51128 1.93054
-0.51535 1.92635
-0.51660 1.92289
-0.51918 1.92359
-0.52383 1.92783
-0.52864 1.92851
-0.53176 1.92588
-0.53718 1.91888
-0.54018 1.91599
-0.54485 1.91296
-0.55021 1.91403
-0.55652 1.91444
-0.55887 1.91407
-0.56041 1.91165
-0.56082 1.90785
-0.56264 1.90163
-0.56430 1.89762
-0.56967 1.89539
-0.57244 1.89301
-0.57824 1.89544
-0.58137 1.89689
-0.58540 1.89641
-0.58890 1.89371
-0.59092 1.89046
-0.59526 1.88640
-0.59961 1.88321
-0.60274 1.88039
-0.60584 1.88001
-0.60856 1.87909
-0.61152 1.87693
-0.61365 1.87500
-0.61816 1.87150
-0.62182 1.86982
-0.62418 1.86814
-0.62620 1.86651
-0.63046 1.86409
-0.63478 1.86139
-0.63940 1.85963
-0.64136 1.85806
-0.64334 1.85500
-0.64692 1.85134
-0.65198 1.84557
-0.65314 1.84192
-0.65263 1.84129
-0.65320 1.83994
-0.65597 1.83997
-0.65936 1.83831
-0.66314 1.83482
-0.66762 1.83131
-0.67276 1.82810
-0.67763 1.82687
-0.68177 1.82432
-0.68693 1.82166
-0.69028 1.82008
-0.69273 1.82031
-0.69357 1.81962
-0.69685 1.81688
-0.69989 1.81495
-0.70359 1.81070
-0.70844 1.80870
-0.71089 1.80732
-0.71221 1.80392
-0.71412 1.79821
-0.71332 1.79581
-0.71463 1.79071
-0.71602 1.78836
-0.71823 1.78453
-0.72571 1.78130
-0.73737 1.77582
-0.74139 1.77228
-0.74437 1.76765
-0.75539 1.76064
-0.75956 1.75543
-0.75965 1.75530
-0.76080 1.75180
-0.76202 1.74775
-0.76135 1.74459
-0.76322 1.74210
-0.76607 1.74191
-0.76974 1.74184
-0.77260 1.73952
-0.77926 1.73650
-0.78497 1.73236
-0.79032 1.72711
-0.79232 1.72579
-0.79391 1.72310
-0.79406 1.72290
-0.79879 1.71787
-0.79889 1.71774
-0.79944 1.71444
-0.80302 1.70731
-0.80312 1.70712
-0.80596 1.70372
-0.80682 1.70099
-0.80967 1.69772
-0.81097 1.69253
-0.81521 1.68890
-0.81801 1.68486
-0.81959 1.68328
-0.82256 1.68055
-0.82440 1.67786
-0.82838 1.67630
-0.83906 1.66755
-0.84327 1.66603
-0.84701 1.66417
-0.84870 1.66216
-0.84921 1.65796
-0.84957 1.65440
-0.85031 1.64037
-0.85031 1.64037
-0.85136 1.63502
-0.85310 1.63118
-0.85448 1.63043
-0.86039 1.63044
-0.86056 1.63043
-0.86302 1.62923
-0.86570 1.62671
-0.86836 1.62359
-0.87139 1.61872
-0.87532 1.61259
-0.87894 1.60741
-0.88181 1.60485
-0.88457 1.60393
-0.88532 1.60263
-0.88550 1.59988
-0.88405 1.59719
-0.88623 1.59319
-0.88771 1.58966
-0.88897 1.58545
-0.90209 1.57508
-0.90737 1.57362
-0.91074 1.57197
-0.91159 1.57044
-0.91206 1.56805
-0.91267 1.56554
-0.91522 1.56061
-0.91559 1.55575
-0.91738 1.55202
-0.92209 1.54881
-0.92509 1.54536
-0.92692 1.54264
-0.92652 1.53861
-0.92542 1.53489
-0.92565 1.53114
-0.92940 1.52551
-0.93291 1.52203
-0.93613 1.51875
-0.93573 1.51527
-0.93709 1.51100
-0.93793 1.50852
-0.94233 1.50800
-0.94706 1.50705
-0.94926 1.50571
-0.95300 1.50453
-0.95297 1.50035
-0.95110 1.49544
-0.95163 1.49021
-0.95316 1.48580
-0.95654 1.48414
-0.95786 1.48023
-0.95988 1.47547
-0.96279 1.47086
-0.96427 1.46871
-0.96595 1.46597
-0.96573 1.45970
-0.96530 1.45408
-0.96616 1.44757
-0.96855 1.44353
-0.97246 1.44047
-0.97619 1.43934
-0.97726 1.43940
-0.97811 1.43683
-0.97977 1.43483
-0.98183 1.43001
-0.98458 1.42507
-0.98655 1.41933
-0.98835 1.41340
-0.99037 1.41029
-0.99155 1.40654
-0.99295 1.40446
-0.99439 1.40179
-0.99540 1.39840
-0.99630 1.39524
-0.99739 1.39093
-0.99977 1.38675
-0.99946 1.38386
-1.00154 1.38116
-1.00344 1.37758
-1.00533 1.37322
-1.00830 1.36958
-1.00961 1.36432
-1.01142 1.36094
-1.01308 1.35690
-1.01421 1.35393
-1.01664 1.35065
-1.01634 1.34727
-1.01697 1.34403
-1.01575 1.33881
-1.01513 1.33420
-1.01588 1.32972
-1.01749 1.32490
-1.01991 1.32038
-1.02070 1.31702
-1.02182 1.31399
-1.02351 1.31145
-1.02345 1.30879
-1.02452 1.30536
-1.02486 1.30269
-1.02862 1.30028
-1.03071 1.29545
-1.03191 1.29158
-1.03264 1.28328
-1.03285 1.27806
-1.03295 1.27423
-1.03373 1.26952
-1.03620 1.26883
-1.03747 1.26735
-1.03816 1.26642
-1.03888 1.26532
-1.04066 1.26188
-1.04008 1.25470
-1.03977 1.24956
-1.03938 1.24267
-1.04075 1.23733
-1.04086 1.23437
-1.04301 1.23074
-1.04466 1.22899
-1.04777 1.22183
-1.04753 1.22257
-1.04788 1.21915
-1.04846 1.21683
-1.05109 1.20473
-1.05190 1.20216
-1.05709 1.19121
-1.05832 1.18623
-1.05787 1.18116
-1.05761 1.17662
-1.05848 1.16075
-1.06173 1.15583
-1.06206 1.15078
-1.06210 1.14707
-1.06284 1.14010
-1.06289 1.13993
-1.06452 1.13701
-1.06385 1.12913
-1.06385 1.12893
-1.06296 1.12694
-1.06213 1.11021
-1.06123 1.10869
-1.06160 1.10536
-1.06539 1.10282
-1.06799 1.09624
-1.06806 1.09608
-1.06635 1.09395
-1.06364 1.08859
-1.06426 1.08551
-1.06915 1.08005
-1.06877 1.07863
-1.06984 1.07534
-1.06924 1.07120
-1.06662 1.05959
-1.06677 1.05910
-1.06617 1.05433
-1.06758 1.05136
-1.06762 1.05125
-1.06750 1.04694
-1.07030 1.03648
-1.07049 1.03197
-1.06766 1.01965
-1.06649 1.01578
-1.06950 1.00011
-1.07039 0.99578
-1.07157 0.99126
-1.07145 0.98736
-1.06879 0.98497
-1.06747 0.97892
-1.06743 0.97877
-1.06742 0.97557
-1.06584 0.97239
-1.06582 0.97229
-1.06651 0.96961
-1.06578 0.96451
-1.06709 0.95836
-1.06850 0.95253
-1.06922 0.94770
-1.06889 0.94448
-1.06845 0.94161
-1.06554 0.93744
-1.06307 0.93316
-1.06489 0.92716
-1.06490 0.92700
-1.06624 0.92422
-1.06443 0.91885
-1.06272 0.91409
-1.06177 0.90840
-1.06414 0.90516
-1.06583 0.90343
-1.06604 0.90094
-1.06538 0.89744
-1.06449 0.89340
-1.06322 0.88994
-1.06121 0.88523
-1.06151 0.88041
-1.06190 0.87559
-1.06286 0.86966
-1.05874 0.86556
-1.05615 0.86029
-1.05444 0.85950
-1.05457 0.85609
-1.05496 0.85195
-1.05538 0.84736
-1.05619 0.84416
-1.05419 0.84021
-1.05183 0.83656
-1.05045 0.83332
-1.04944 0.83134
-1.04888 0.82842
-1.05029 0.82471
-1.04920 0.82052
-1.04797 0.81754
-1.04802 0.81504
-1.04690 0.81035
-1.04541 0.80462
-1.04624 0.79965
-1.04426 0.79507
-1.04404 0.79404
-1.04331 0.79097
-1.04390 0.79002
-1.04490 0.78608
-1.04392 0.78261
-1.04147 0.77881
-1.03937 0.77509
-1.03895 0.76716
-1.03751 0.76168
-1.03564 0.75658
-1.03582 0.75347
-1.03629 0.75144
-1.03376 0.74895
-1.03309 0.74411
-1.03093 0.74117
-1.03104 0.73854
-1.03057 0.73396
-1.02901 0.72988
-1.02873 0.72389
-1.02820 0.72095
-1.02675 0.71874
-1.02373 0.71706
-1.01997 0.71348
-1.02094 0.70883
-1.02205 0.70569
-1.02271 0.70258
-1.02315 0.69922
-1.01932 0.69521
-1.01649 0.69150
-1.01538 0.68850
-1.01281 0.68318
-1.01168 0.67902
-1.01178 0.67340
-1.01335 0.66781
-1.01281 0.66150
-1.00770 0.65860
-1.00475 0.65697
-1.00212 0.65600
-0.99983 0.65495
-0.99985 0.65013
-0.99908 0.64683
-0.99729 0.64340
-0.99533 0.63787
-0.99385 0.63238
-0.99292 0.62756
-0.99184 0.62343
-0.98949 0.62018
-0.98785 0.61806
-0.98607 0.61612
-0.98554 0.61494
-0.98360 0.61218
-0.98014 0.60792
-0.97802 0.60356
-0.97597 0.60005
-0.97463 0.59691
-0.97199 0.59277
-0.97078 0.58854
-0.97087 0.58362
-0.96930 0.57904
-0.96738 0.57496
-0.96595 0.57114
-0.96462 0.56724
-0.96267 0.56071
-0.95972 0.55818
-0.95893 0.55397
-0.95812 0.55312
-0.95700 0.55239
-0.95306 0.55106
-0.94930 0.54816
-0.94699 0.54473
-0.94464 0.53984
-0.94380 0.53419
-0.94234 0.52754
-0.93786 0.51916
-0.93774 0.51894
-0.93742 0.51662
-0.93639 0.51732
-0.93401 0.51627
-0.92938 0.50896
-0.92917 0.50861
-0.92472 0.50271
-0.92212 0.49840
-0.92072 0.49387
-0.92006 0.48826
-0.91849 0.48488
-0.91559 0.48075
-0.91437 0.48030
-0.91327 0.47905
-0.91298 0.47830
-0.90880 0.47677
-0.90420 0.47220
-0.90420 0.47220
-0.90324 0.46366
-0.90083 0.45831
-0.89853 0.45420
-0.89544 0.45095
-0.88797 0.44176
-0.88748 0.43774
-0.88537 0.43262
-0.88320 0.42785
-0.87535 0.41718
-0.87535 0.41718
-0.86960 0.41256
-0.86944 0.41246
-0.86641 0.40858
-0.86443 0.40677
-0.85903 0.40186
-0.85438 0.39704
-0.85262 0.39229
-0.85154 0.38948
-0.84884 0.38742
-0.84562 0.38432
-0.84363 0.37919
-0.83848 0.37082
-0.83589 0.36936
-0.83323 0.36667
-0.82919 0.36240
-0.82256 0.35740
-0.82135 0.35492
-0.82218 0.34937
-0.82014 0.34293
-0.81385 0.33950
-0.81125 0.33700
-0.80903 0.33624
-0.80676 0.33549
-0.80409 0.33416
-0.80146 0.33198
-0.79860 0.32843
-0.79516 0.32712
-0.79322 0.32335
-0.79036 0.31819
-0.78823 0.31330
-0.78671 0.30939
-0.78469 0.30283
-0.78082 0.29892
-0.77652 0.29656
-0.77179 0.29408
-0.76861 0.29411
-0.76715 0.29495
-0.76621 0.29658
-0.76664 0.29512
-0.76502 0.29135
-0.76247 0.28711
-0.75964 0.28413
-0.75387 0.28330
-0.74955 0.28193
-0.74368 0.27776
-0.74050 0.27260
-0.73947 0.26601
-0.73932 0.26343
-0.73874 0.26127
-0.73603 0.26023
-0.73547 0.25954
-0.73149 0.26095
-0.72701 0.26015
-0.72216 0.25758
-0.71721 0.25216
-0.71590 0.24566
-0.71422 0.23938
-0.71048 0.23493
-0.70733 0.23146
-0.70382 0.23021
-0.70187 0.22948
-0.70257 0.22931
-0.69827 0.22976
-0.69382 0.22548
-0.69104 0.22127
-0.68684 0.21784
-0.68168 0.21482
-0.67721 0.20816
-0.67542 0.20491
-0.67464 0.20790
-0.66952 0.20910
-0.66766 0.20784
-0.66565 0.19970
-0.66193 0.19723
-0.65735 0.19468
-0.65309 0.19361
-0.64964 0.19194
-0.64782 0.19102
-0.64672 0.18939
-0.64523 0.18727
-0.64278 0.18380
-0.63947 0.17921
-0.63639 0.17497
-0.63439 0.17059
-0.63121 0.16627
-0.62452 0.16580
-0.61937 0.16589
-0.61487 0.16696
-0.61065 0.16600
-0.60958 0.16379
-0.60815 0.16119
-0.60599 0.15804
-0.60362 0.15271
-0.60007 0.14717
-0.59747 0.14438
-0.59346 0.14280
-0.58956 0.14305
-0.58652 0.14453
-0.58451 0.14511
-0.58271 0.14117
-0.58040 0.13615
-0.57611 0.13257
-0.57019 0.13020
-0.56595 0.12940
-0.56384 0.12848
-0.56340 0.12767
-0.56206 0.12606
-0.55792 0.12499
-0.55344 0.12497
-0.54734 0.12340
-0.54352 0.11948
-0.53980 0.11428
-0.53552 0.11257
-0.53351 0.11138
-0.53236 0.11095
-0.53132 0.11030
-0.52645 0.10901
-0.52134 0.10584
-0.51555 0.10266
-0.51207 0.10227
-0.51154 0.10042
-0.51028 0.09794
-0.50550 0.09626
-0.50083 0.09555
-0.49771 0.09451
-0.49585 0.09297
-0.48622 0.08450
-0.48510 0.08495
-0.48095 0.08262
-0.47506 0.07967
-0.47237 0.08148
-0.47092 0.08291
-0.46864 0.08331
-0.46686 0.08221
-0.46442 0.07992
-0.46219 0.07732
-0.45771 0.07492
-0.45216 0.07286
-0.44793 0.06986
-0.44468 0.06817
-0.44304 0.06726
-0.44090 0.06701
-0.43645 0.06560
-0.43182 0.06402
-0.42859 0.06028
-0.42490 0.05818
-0.42136 0.05642
-0.41789 0.05687
-0.41531 0.05731
-0.41121 0.05877
-0.40340 0.05545
-0.40321 0.05537
-0.40057 0.05237
-0.39671 0.04934
-0.39164 0.04672
-0.38734 0.04615
-0.38392 0.04497
-0.37975 0.04461
-0.37746 0.04486
-0.37488 0.04383
-0.37122 0.04278
-0.36809 0.04157
-0.36447 0.04148
-0.36089 0.04044
-0.35618 0.03708
-0.35242 0.03660
-0.34653 0.03608
-0.34279 0.03322
-0.33643 0.03120
-0.33103 0.03004
-0.32744 0.02993
-0.33040 0.02840
-0.33155 0.02726
-0.32889 0.02628
-0.32342 0.02603
-0.31428 0.02604
-0.30923 0.02598
-0.30623 0.02538
-0.30220 0.02338
-0.30119 0.01985
-0.30000 0.01700
-0.29810 0.01603
-0.29340 0.01607
-0.28889 0.01499
-0.28158 0.01459
-0.27635 0.01724
-0.27322 0.01686
-0.27046 0.01576
-0.26810 0.01249
-0.26477 0.00963
-0.26054 0.00792
-0.25643 0.00573
-0.25256 0.00478
-0.24751 0.00656
-0.24167 0.00815
-0.23682 0.00819
-0.23351 0.00798
-0.23100 0.00749
-0.22832 0.00792
-0.22510 0.00585
-0.22060 0.00473
-0.21709 0.00316
-0.21357 0.00217
-0.21123 0.00162
-0.20901 0.00155
-0.20605 -0.00050
-0.20182 -0.00188
-0.19533 -0.00344
-0.18966 -0.00213
-0.18584 -0.00122
-0.18186 -0.00099
-0.17927 -0.00198
-0.17648 -0.00222
-0.17276 -0.00402
-0.16960 -0.00443
-0.16469 -0.00639
-0.16043 -0.00615
-0.15569 -0.00643
-0.15089 -0.00762
-0.14692 -0.00792
-0.14384 -0.01003
-0.14195 -0.01103
-0.13998 -0.01073
-0.13864 -0.01014
-0.13528 -0.01130
-0.13026 -0.01154
-0.12494 -0.01170
-0.11874 -0.00932
-0.11377 -0.00687
-0.10956 -0.00800
-0.10628 -0.01266
-0.10308 -0.01489
-0.10123 -0.01360
-0.09856 -0.01172
-0.09463 -0.01194
-0.09137 -0.01533
-0.08444 -0.01736
-0.07954 -0.01566
-0.07458 -0.01322
-0.07045 -0.01474
-0.06668 -0.01563
-0.06345 -0.01729
-0.06087 -0.01657
-0.05836 -0.01558
-0.05474 -0.01584
-0.05032 -0.01645
-0.04594 -0.01558
-0.04072 -0.01447
-0.03514 -0.01384
-0.02903 -0.01362
-0.02354 -0.01408
-0.01974 -0.01396
-0.01827 -0.01367
-0.01688 -0.01457
-0.01324 -0.01471
-0.00904 -0.01529
-0.00548 -0.01722
-0.00185 -0.01782
0.00119 -0.01669
0.00327 -0.01440
0.00577 -0.01313
0.01093 -0.01050
0.01707 -0.00729
0.02276 -0.00826
0.02264 -0.00911
0.01996 -0.01178
0.01668 -0.01421
0.00986 -0.01536
0.00398 -0.01321
0.00017 -0.01019
0.00517 -0.00974
0.01014 -0.00880
0.01197 -0.00735
0.00964 -0.00870
0.00626 -0.01049
0.00537 -0.01294
0.00820 -0.01381
0.01143 -0.01520
0.01538 -0.01450
0.01730 -0.01275
0.01881 -0.01163
