-0.01329 -0.00484
-0.01269 -0.00462
-0.01183 -0.00527
-0.01093 -0.00562
-0.01059 -0.00512
-0.01144 -0.00396
-0.01008 -0.00325
-0.01042 -0.00520
-0.01114 -0.00604
-0.01210 -0.00530
-0.01424 -0.00520
-0.01293 -0.00498
-0.01241 -0.00623
-0.00861 -0.00768
-0.00869 -0.00668
-0.01131 -0.00571
-0.01267 -0.00137
-0.01310 -0.00134
-0.01052 -0.00356
-0.01002 -0.00409
-0.01120 -0.00380
-0.01126 -0.00366
-0.00905 -0.00485
-0.00907 -0.00522
-0.00939 -0.00449
-0.01097 -0.00337
-0.01338 -0.00415
-0.01592 -0.00506
-0.01595 -0.00486
-0.01412 -0.00586
-0.00925 -0.00535
-0.00357 -0.00365
0.00143 -0.00185
0.00581 -0.00331
0.00880 -0.00396
0.01177 -0.00460
0.01795 -0.00551
0.02345 -0.00518
0.02853 -0.00399
0.03170 -0.00431
0.03512 -0.00239
0.03824 -0.00365
0.03992 -0.00310
0.04318 -0.00326
0.04802 0.00042
0.05145 0.00240
0.05507 0.00264
0.05827 -0.00008
0.06483 -0.00207
0.06874 -0.00204
0.07529 0.00144
0.08076 0.00317
0.08487 0.00111
0.08717 0.00017
0.08874 -0.00260
0.09055 -0.00116
0.09253 -0.00057
0.09601 0.00120
0.10054 0.00451
0.10468 0.00576
0.10918 0.00701
0.11581 0.00803
0.12054 0.00636
0.12231 0.00677
0.12437 0.00704
0.12661 0.00920
0.13145 0.01041
0.13806 0.00963
0.14248 0.01023
0.14710 0.01131
0.14967 0.01246
0.15250 0.01435
0.15650 0.01332
0.15867 0.01415
0.16390 0.01591
0.16679 0.01719
0.17143 0.01718
0.17533 0.01954
0.17898 0.01993
0.18206 0.01972
0.18547 0.01993
0.19078 0.01885
0.19410 0.01987
0.19983 0.02261
0.20224 0.02282
0.20417 0.02173
0.20860 0.02317
0.21403 0.02447
0.21852 0.02608
0.22201 0.02959
0.22415 0.03198
0.22561 0.03280
0.22796 0.03358
0.23144 0.03287
0.23622 0.03265
0.24131 0.03252
0.24692 0.03328
0.25153 0.03458
0.25414 0.03523
0.25711 0.03725
0.26123 0.03851
0.26492 0.03992
0.26768 0.04062
0.27046 0.04134
0.27475 0.04287
0.27865 0.04456
0.28281 0.04736
0.28634 0.04945
0.28913 0.04988
0.29140 0.04992
0.29534 0.05060
0.29795 0.05158
0.30232 0.05336
0.30812 0.05503
0.31293 0.05616
0.31853 0.05789
0.32312 0.05873
0.32594 0.06024
0.32842 0.06268
0.33109 0.06539
0.33892 0.07050
0.34115 0.07084
0.34445 0.07013
0.35120 0.07005
0.36120 0.07344
0.36146 0.07353
0.36637 0.07516
0.37091 0.07706
0.37245 0.07918
0.37792 0.08547
0.37809 0.08560
0.38191 0.08541
0.38479 0.08687
0.38835 0.08895
0.39311 0.08997
0.39719 0.09258
0.40237 0.09547
0.40252 0.09555
0.40350 0.09532
0.40560 0.09640
0.40825 0.09863
0.41178 0.10001
0.42652 0.10705
0.43757 0.11559
0.44709 0.11631
0.44734 0.11634
0.45028 0.11540
0.45303 0.11698
0.45850 0.12562
0.46175 0.12939
0.46679 0.13369
0.47282 0.13405
0.47725 0.13424
0.48025 0.13579
0.48214 0.13757
0.48769 0.14403
0.48782 0.14421
0.49200 0.14686
0.49553 0.14914
0.50616 0.15158
0.51089 0.15553
0.51101 0.15562
0.51364 0.15812
0.51625 0.16069
0.51991 0.16173
0.53588 0.17371
0.53962 0.17725
0.54181 0.17779
0.54386 0.18213
0.54696 0.18405
0.54841 0.18559
0.55110 0.18648
0.55293 0.18776
0.55682 0.18833
0.55956 0.18965
0.56204 0.19277
0.56534 0.19597
0.56871 0.19869
0.57211 0.20309
0.57530 0.20512
0.57928 0.20675
0.58307 0.20757
0.58688 0.20865
0.59134 0.21060
0.59349 0.21331
0.59611 0.21500
0.59772 0.21871
0.60126 0.22190
0.60484 0.22498
0.60693 0.22720
0.60794 0.22859
0.60971 0.22939
0.61263 0.23135
0.61723 0.23395
0.62162 0.23874
0.62630 0.24256
0.63070 0.24631
0.63337 0.24931
0.63577 0.25199
0.63837 0.25185
0.63954 0.25339
0.64180 0.25646
0.64423 0.25749
0.64701 0.25970
0.64964 0.26144
0.65250 0.26394
0.65517 0.26603
0.65747 0.27054
0.66172 0.27467
0.66522 0.28114
0.67009 0.28602
0.67391 0.28701
0.67699 0.28797
0.68037 0.28763
0.68087 0.29054
0.68154 0.29237
0.68355 0.29278
0.68606 0.29397
0.68916 0.29779
0.69287 0.30042
0.69787 0.30043
0.70026 0.30811
0.70031 0.31174
0.70106 0.31649
0.70494 0.32008
0.70883 0.32343
0.71306 0.32534
0.71514 0.32557
0.71743 0.32987
0.71953 0.33055
0.72138 0.33414
0.72283 0.33444
0.72679 0.33211
0.72944 0.33566
0.73111 0.34198
0.73375 0.34637
0.73558 0.34893
0.73744 0.35166
0.74118 0.35526
0.74614 0.35933
0.74984 0.36141
0.75222 0.36387
0.75466 0.36751
0.75805 0.37196
0.76146 0.37579
0.76374 0.38054
0.76655 0.38343
0.76813 0.38588
0.77004 0.38873
0.77141 0.39191
0.77281 0.39459
0.77420 0.39750
0.77574 0.40057
0.77785 0.40514
0.78083 0.40943
0.78472 0.41310
0.78842 0.41597
0.79008 0.41906
0.79192 0.42071
0.79466 0.42376
0.79597 0.42715
0.79922 0.42884
0.80104 0.43156
0.80246 0.43624
0.80194 0.43861
0.80279 0.44059
0.80500 0.44162
0.80925 0.44151
0.81522 0.44800
0.81796 0.45547
0.81852 0.46191
0.82086 0.46505
0.82195 0.46842
0.82430 0.47123
0.82627 0.47322
0.82773 0.47575
0.82979 0.47638
0.83443 0.48304
0.83454 0.48320
0.83571 0.48808
0.83711 0.49255
0.83918 0.50028
0.83922 0.50048
0.84105 0.50471
0.84386 0.51022
0.84760 0.51155
0.85138 0.51415
0.85360 0.51656
0.85556 0.51630
0.85543 0.51894
0.85746 0.52150
0.86079 0.52901
0.86087 0.52915
0.86125 0.53274
0.86725 0.54801
0.86737 0.54835
0.87094 0.55322
0.87277 0.55156
0.87285 0.55161
0.87488 0.55455
0.87608 0.55837
0.87638 0.56161
0.87759 0.56906
0.87950 0.57405
0.88303 0.57554
0.88527 0.57827
0.88547 0.58069
0.88541 0.58487
0.88714 0.59074
0.88880 0.59639
0.89071 0.59956
0.89319 0.60154
0.89611 0.60412
0.89784 0.60509
0.89860 0.60870
0.90335 0.61811
0.90346 0.61835
0.90521 0.62307
0.90661 0.62585
0.90662 0.63034
0.90737 0.63533
0.90807 0.64027
0.90905 0.64508
0.91228 0.65226
0.91236 0.65243
0.91489 0.65543
0.91625 0.65971
0.91799 0.66258
0.91864 0.66618
0.91807 0.66903
0.91762 0.67168
0.92116 0.67397
0.92274 0.67736
0.92505 0.68113
0.92604 0.68666
0.92726 0.69134
0.92889 0.69519
0.92981 0.69876
0.93107 0.70439
0.93236 0.70814
0.93420 0.71100
0.93660 0.71425
0.93818 0.71691
0.93789 0.71983
0.93700 0.72297
0.93666 0.72818
0.93770 0.73463
0.93895 0.73907
0.94099 0.74336
0.94436 0.74636
0.94619 0.74944
0.94878 0.75300
0.95061 0.75540
0.94803 0.75854
0.94740 0.76400
0.95012 0.76676
0.95064 0.76940
0.95154 0.77115
0.95293 0.77468
0.95442 0.77857
0.95613 0.78331
0.95655 0.78706
0.95637 0.79040
0.95765 0.79146
0.95707 0.79605
0.95881 0.79854
0.96074 0.80348
0.96267 0.80789
0.96162 0.81137
0.96167 0.81713
0.96120 0.82225
0.96094 0.82650
0.96405 0.83065
0.96495 0.83401
0.96727 0.83642
0.96681 0.84181
0.96591 0.84613
0.96537 0.84925
0.96589 0.85176
0.96582 0.85512
0.96798 0.85861
0.97032 0.86216
0.97252 0.86666
0.97348 0.87208
0.97345 0.87862
0.97189 0.88481
0.97226 0.88919
0.97163 0.89501
0.97159 0.89761
0.97382 0.89875
0.97665 0.90030
0.97697 0.90143
0.97711 0.90531
0.97682 0.90756
0.97597 0.90917
0.97495 0.91295
0.97669 0.91610
0.97803 0.91978
0.97862 0.92434
0.97885 0.92936
0.97960 0.93586
0.98079 0.94138
0.98052 0.94676
0.98252 0.95071
0.98050 0.95315
0.97998 0.95441
0.98036 0.95617
0.98062 0.95873
0.98154 0.96226
0.98124 0.96588
0.98176 0.97091
0.98285 0.97607
0.98240 0.97873
0.98298 0.98379
0.98314 0.98692
0.98297 0.99109
0.98165 0.99516
0.98115 0.99892
0.98175 1.00447
0.98191 1.00918
0.98171 1.01459
0.98338 1.01754
0.98177 1.01920
0.98064 1.02144
0.97983 1.02637
0.98226 1.03272
0.98365 1.03562
0.98157 1.04124
0.97916 1.04619
0.98002 1.05015
0.98244 1.05494
0.98186 1.05859
0.98140 1.06466
0.98358 1.06958
0.98361 1.06975
0.98392 1.07225
0.98345 1.07576
0.98122 1.08139
0.97906 1.09498
0.98079 1.09699
0.98102 1.10080
0.97897 1.10958
0.97892 1.10980
0.97758 1.11437
0.97724 1.11865
0.97490 1.13093
0.97591 1.13904
0.97617 1.14261
0.97595 1.14927
0.97600 1.16043
0.97600 1.16070
0.97457 1.16539
0.97452 1.16554
0.97389 1.16774
0.97090 1.16994
0.97157 1.17803
0.97116 1.18367
0.97236 1.19410
0.97239 1.19434
0.97017 1.19854
0.96698 1.19865
0.96434 1.20472
0.96434 1.20472
0.96376 1.20985
0.96440 1.21717
0.96583 1.22859
0.96392 1.22825
0.96311 1.23277
0.96058 1.23235
0.95942 1.23401
0.96035 1.23567
0.95907 1.23946
0.95722 1.24270
0.95148 1.25302
0.95134 1.25327
0.95302 1.25714
0.95384 1.26216
0.95516 1.26690
0.95454 1.27504
0.95452 1.27524
0.95248 1.27903
0.95038 1.28271
0.94936 1.28620
0.94828 1.29038
0.94736 1.29249
0.94661 1.29515
0.94601 1.29675
0.94568 1.30017
0.94434 1.30576
0.94113 1.31071
0.93833 1.31953
0.93827 1.31975
0.93743 1.32135
0.93590 1.32356
0.93382 1.32661
0.93335 1.33051
0.93260 1.33526
0.93123 1.33912
0.93178 1.34427
0.93045 1.34736
0.92912 1.34986
0.92752 1.35288
0.92751 1.35594
0.92706 1.35736
0.92530 1.35720
0.92340 1.35820
0.92096 1.36401
0.91771 1.36921
0.91873 1.37615
0.91756 1.38336
0.91473 1.38948
0.91525 1.39423
0.91379 1.39788
0.90912 1.40125
0.90682 1.40504
0.90616 1.40419
0.90737 1.40441
0.90517 1.40526
0.90428 1.40674
0.90362 1.41171
0.90028 1.41470
0.89811 1.41823
0.89597 1.42305
0.89430 1.42599
0.89170 1.43214
0.88959 1.43665
0.88885 1.44461
0.88565 1.45010
0.88554 1.45504
0.88541 1.46023
0.88485 1.46210
0.88366 1.46394
0.88025 1.46326
0.87696 1.46540
0.87393 1.46709
0.87464 1.47209
0.87366 1.47506
0.87205 1.48237
0.87050 1.48705
0.86611 1.48926
0.86402 1.49255
0.86224 1.49731
0.86065 1.50307
0.85939 1.50837
0.85796 1.51274
0.85729 1.51557
0.85745 1.51703
0.85569 1.51829
0.85276 1.51972
0.84975 1.52326
0.84565 1.52619
0.84301 1.53027
0.83862 1.53324
0.83806 1.53814
0.83700 1.54178
0.83641 1.54696
0.83534 1.54976
0.83347 1.55314
0.82935 1.55640
0.82835 1.55887
0.82705 1.56378
0.82488 1.56770
0.82351 1.57048
0.82216 1.57349
0.81967 1.57684
0.81730 1.57866
0.81488 1.58094
0.81367 1.58510
0.81132 1.59008
0.80897 1.59274
0.80534 1.59626
0.80131 1.59793
0.80212 1.60129
0.79994 1.60509
0.79935 1.60878
0.79849 1.61164
0.79575 1.61461
0.79172 1.61854
0.78871 1.62276
0.78597 1.62687
0.78262 1.62837
0.78084 1.63008
0.78074 1.63175
0.77666 1.63569
0.77658 1.63578
0.77444 1.64002
0.77140 1.64314
0.76934 1.64635
0.76745 1.65593
0.76737 1.65616
0.76230 1.65936
0.75882 1.66299
0.75650 1.67023
0.75641 1.67041
0.75662 1.67201
0.75222 1.67623
0.74940 1.67821
0.74314 1.68150
0.74291 1.68156
0.74024 1.68339
0.73395 1.69283
0.73550 1.69242
0.73391 1.69535
0.73081 1.69834
0.72801 1.70186
0.72436 1.70418
0.71786 1.70838
0.71769 1.70849
0.71534 1.71094
0.71378 1.71296
0.71198 1.71539
0.70315 1.72627
0.69825 1.72834
0.69476 1.73207
0.69326 1.73776
0.68601 1.74757
0.68301 1.75060
0.67984 1.75199
0.67383 1.75616
0.67370 1.75625
0.67145 1.75664
0.66725 1.75782
0.66537 1.76188
0.66409 1.76523
0.66269 1.76830
0.65960 1.77141
0.65407 1.77604
0.65190 1.77865
0.64975 1.77928
0.64598 1.78505
0.64587 1.78518
0.64147 1.78754
0.63615 1.79049
0.63416 1.79212
0.63301 1.79232
0.63349 1.79199
0.62889 1.79288
0.62412 1.79498
0.62203 1.79819
0.61905 1.80372
0.61146 1.81264
0.61146 1.81264
0.60667 1.81849
0.60321 1.81958
0.60222 1.82138
0.60250 1.82161
0.59121 1.82360
0.58392 1.82978
0.58376 1.82994
0.58049 1.83336
0.57681 1.83708
0.56991 1.84337
0.56976 1.84353
0.56627 1.84697
0.56378 1.85006
0.56154 1.85238
0.55822 1.85306
0.55461 1.85426
0.55281 1.85511
0.55106 1.85634
0.54746 1.85757
0.54347 1.85891
0.53996 1.86132
0.53754 1.86507
0.53636 1.86864
0.53141 1.87269
0.52617 1.87514
0.52296 1.87732
0.51827 1.87951
0.51697 1.88051
0.51342 1.88350
0.50919 1.88696
0.50587 1.88744
0.50328 1.88673
0.50062 1.88833
0.49852 1.88989
0.49549 1.89128
0.49189 1.89345
0.48946 1.89536
0.48416 1.89784
0.47845 1.90165
0.47659 1.90499
0.47316 1.90702
0.46897 1.90985
0.46525 1.91286
0.46243 1.91440
0.45753 1.91393
0.45260 1.91492
0.45205 1.91620
0.44889 1.91734
0.45086 1.91927
0.44788 1.92048
0.44388 1.92149
0.44040 1.92297
0.43591 1.92551
0.43034 1.92582
0.42471 1.93156
0.42123 1.93708
0.41807 1.94042
0.41758 1.94039
0.41438 1.94132
0.41218 1.94117
0.40831 1.94066
0.40213 1.94580
0.39836 1.94836
0.39539 1.94721
0.39175 1.94819
0.38748 1.94950
0.38291 1.95090
0.37894 1.95338
0.37602 1.95621
0.37234 1.96005
0.36848 1.96160
0.36480 1.96280
0.36211 1.96288
0.35992 1.96322
0.35692 1.96435
0.35480 1.96694
0.35051 1.97018
0.34524 1.97203
0.34055 1.97382
0.33626 1.97393
0.33375 1.97622
0.32874 1.97811
0.32460 1.97767
0.32015 1.97734
0.31748 1.97785
0.31515 1.97912
0.31205 1.98116
0.30894 1.98386
0.30734 1.98586
0.30280 1.98948
0.29686 1.98984
0.29105 1.99157
0.28703 1.99389
0.28248 1.99588
0.27954 1.99620
0.27668 1.99767
0.27492 1.99864
0.27333 1.99790
0.27180 1.99720
0.26914 1.99770
0.26405 2.00020
0.25669 2.00271
0.25147 2.00443
0.24484 2.00590
0.23903 2.00801
0.23597 2.00691
0.23540 2.00613
0.23600 2.00826
0.23479 2.01033
0.23195 2.01282
0.22443 2.01279
0.22081 2.01236
0.21840 2.01104
0.21457 2.01185
0.20924 2.01407
0.20552 2.01549
0.20017 2.01766
0.19687 2.02007
0.19290 2.02017
0.18823 2.02136
0.18573 2.02201
0.18097 2.02089
0.17974 2.02114
0.17812 2.02281
0.17381 2.02392
0.16936 2.02566
0.16485 2.02576
0.16042 2.02376
0.15009 2.02591
0.14778 2.02745
0.13408 2.03076
0.12958 2.02987
0.12593 2.03259
0.12112 2.03323
0.11108 2.03230
0.10466 2.03101
0.10019 2.03194
0.09228 2.03564
0.09205 2.03570
0.09024 2.03580
0.08761 2.03813
0.08490 2.03789
0.08156 2.03869
0.07173 2.04097
0.07129 2.04106
0.06725 2.04054
0.06344 2.04123
0.05210 2.04011
0.04745 2.04028
0.04337 2.04048
0.03975 2.04267
0.03517 2.04227
0.02611 2.04190
0.02004 2.04284
0.01159 2.04461
0.01139 2.04464
0.00923 2.04499
0.00215 2.04596
0.00215 2.04596
-0.00201 2.04473
-0.00643 2.04486
-0.01472 2.04493
-0.01493 2.04492
-0.01887 2.04472
-0.02271 2.04416
-0.02517 2.04500
-0.02810 2.04469
-0.03194 2.04479
-0.03736 2.04627
-0.04299 2.04685
-0.04768 2.04847
-0.05146 2.04601
-0.05574 2.04603
-0.05794 2.04719
-0.06072 2.04749
-0.06501 2.04585
-0.07139 2.04197
-0.07614 2.04174
-0.07990 2.04253
-0.08467 2.04534
-0.08844 2.04775
-0.08973 2.04729
-0.09397 2.04500
-0.09649 2.04484
-0.09999 2.04184
-0.10612 2.04440
-0.11176 2.04395
-0.11577 2.04647
-0.11757 2.04584
-0.11984 2.04384
-0.12444 2.04012
-0.12964 2.03601
-0.13311 2.03617
-0.13758 2.03708
-0.14009 2.03915
-0.14280 2.03733
-0.14816 2.03816
-0.15335 2.03863
-0.15775 2.03790
-0.16142 2.03733
-0.16498 2.03593
-0.16897 2.03476
-0.17213 2.03438
-0.17503 2.03416
-0.17982 2.03405
-0.18459 2.03489
-0.18782 2.03422
-0.19161 2.03184
-0.19531 2.03175
-0.19948 2.03162
-0.20206 2.03021
-0.20490 2.03000
-0.20945 2.03081
-0.21283 2.02853
-0.21732 2.02723
-0.22367 2.02597
-0.23052 2.02590
-0.23458 2.02697
-0.23904 2.02899
-0.24227 2.02881
-0.24524 2.02736
-0.24838 2.02578
-0.25179 2.02317
-0.25493 2.02130
-0.25616 2.02213
-0.25800 2.01917
-0.26195 2.01904
-0.26624 2.01873
-0.27219 2.01682
-0.27726 2.01615
-0.28169 2.01690
-0.28508 2.01900
-0.28976 2.02050
-0.29380 2.01893
-0.29837 2.01615
-0.30038 2.01308
-0.30491 2.01124
-0.30774 2.00996
-0.30809 2.00838
-0.30978 2.00866
-0.31167 2.00875
-0.31924 2.00650
-0.32747 2.00616
-0.33237 2.00547
-0.33651 2.00444
-0.33554 2.00248
-0.33717 2.00083
-0.34081 2.00094
-0.34265 1.99810
-0.34598 1.99538
-0.35262 1.99348
-0.35698 1.99185
-0.36131 1.99191
-0.36463 1.99206
-0.36668 1.99418
-0.37194 1.99138
-0.37732 1.98940
-0.38169 1.98526
-0.38954 1.98220
-0.39179 1.98148
-0.39571 1.97980
-0.39960 1.97716
-0.40292 1.97575
-0.41784 1.97182
-0.42108 1.97247
-0.42505 1.97170
-0.42831 1.96868
-0.43230 1.96445
-0.43716 1.96334
-0.44168 1.96266
-0.44261 1.96020
-0.44953 1.95561
-0.45396 1.95452
-0.45714 1.95215
-0.46473 1.95009
-0.46492 1.95003
-0.46959 1.95041
-0.47476 1.94935
-0.48246 1.94372
-0.48266 1.94358
-0.48487 1.94211
-0.48916 1.94239
-0.48930 1.94237
-0.49320 1.94114
-0.49853 1.93759
-0.50167 1.93288
-0.50534 1.93083
-0.50977 1.92830
-0.51220 1.92993
-0.52140 1.92868
-0.52140 1.92868
-0.52460 1.92652
-0.53181 1.91867
-0.53619 1.91490
-0.54314 1.90992
-0.54332 1.90980
-0.54631 1.90979
-0.55651 1.90849
-0.56341 1.90263
-0.56359 1.90247
-0.56579 1.89774
-0.56966 1.89564
-0.57267 1.89475
-0.58399 1.89128
-0.58608 1.88904
-0.59064 1.88658
-0.59531 1.88393
-0.60224 1.88276
-0.60235 1.88273
-0.60425 1.88135
-0.60745 1.87709
-0.60840 1.87325
-0.61073 1.87008
-0.61360 1.86636
-0.61638 1.86476
-0.61906 1.86223
-0.62271 1.86026
-0.62729 1.86242
-0.63277 1.86226
-0.64173 1.85578
-0.64444 1.85129
-0.64642 1.84236
-0.64958 1.84149
-0.65279 1.84028
-0.65431 1.83923
-0.66373 1.82978
-0.66918 1.82636
-0.67561 1.82285
-0.67987 1.82147
-0.68185 1.82088
-0.68293 1.81885
-0.68399 1.81733
-0.68630 1.81605
-0.68997 1.81510
-0.69178 1.81070
-0.69499 1.80647
-0.69890 1.80004
-0.70147 1.79597
-0.70367 1.79595
-0.70740 1.79591
-0.71264 1.79555
-0.71663 1.79258
-0.71972 1.79072
-0.72187 1.78651
-0.72248 1.78393
-0.72372 1.78057
-0.72638 1.77481
-0.73056 1.77262
-0.73473 1.76897
-0.73785 1.76709
-0.74329 1.76770
-0.74709 1.76689
-0.74881 1.76548
-0.74988 1.76168
-0.75257 1.75778
-0.75550 1.75469
-0.75911 1.75001
-0.76139 1.74573
-0.76594 1.74250
-0.76910 1.74291
-0.77148 1.74288
-0.77653 1.74255
-0.77729 1.73851
-0.77831 1.73325
-0.78127 1.72747
-0.78328 1.72341
-0.78758 1.72234
-0.78844 1.72151
-0.79019 1.72064
-0.79282 1.71949
-0.79592 1.71819
-0.79633 1.71176
-0.79833 1.70693
-0.80290 1.70304
-0.80625 1.69954
-0.81075 1.69759
-0.81296 1.69661
-0.81520 1.69496
-0.81700 1.69267
-0.81973 1.69001
-0.82220 1.68704
-0.82468 1.68211
-0.82646 1.67539
-0.82695 1.66965
-0.82857 1.66618
-0.82920 1.66448
-0.83149 1.66200
-0.83326 1.66088
-0.83716 1.65731
-0.84116 1.65537
-0.84460 1.65025
-0.85001 1.64793
-0.85406 1.64573
-0.85574 1.64403
-0.85597 1.63943
-0.85745 1.63587
-0.85810 1.63184
-0.85915 1.62884
-0.86067 1.62476
-0.86380 1.62072
-0.86806 1.61725
-0.87023 1.61384
-0.87217 1.61091
-0.87568 1.60961
-0.87736 1.60811
-0.87846 1.60776
-0.87782 1.60711
-0.88012 1.60224
-0.88192 1.59695
-0.88673 1.59100
-0.89552 1.58045
-0.89572 1.58020
-0.89725 1.57879
-0.90052 1.57895
-0.90063 1.57892
-0.90196 1.57878
-0.90306 1.57754
-0.90427 1.57328
-0.90769 1.56769
-0.90779 1.56183
-0.90778 1.55598
-0.91003 1.54920
-0.91307 1.54612
-0.91467 1.54082
-0.91994 1.53869
-0.92091 1.53820
-0.92355 1.53601
-0.92675 1.53076
-0.93040 1.52686
-0.93407 1.52343
-0.93691 1.51922
-0.94122 1.51407
-0.94353 1.50957
-0.94463 1.50704
-0.94442 1.50557
-0.94384 1.50389
-0.94456 1.50070
-0.94495 1.49796
-0.94823 1.48808
-0.94830 1.48784
-0.95091 1.48299
-0.95466 1.47880
-0.95962 1.47506
-0.95975 1.47495
-0.96113 1.47229
-0.96169 1.46797
-0.96194 1.46353
-0.96218 1.46035
-0.96831 1.45185
-0.96843 1.45164
-0.97075 1.44888
-0.97104 1.44397
-0.97329 1.43988
-0.97594 1.43198
-0.97734 1.42714
-0.97924 1.42192
-0.98135 1.41792
-0.98259 1.41411
-0.98617 1.41002
-0.98627 1.40990
-0.98955 1.40612
-0.99123 1.40163
-0.99102 1.39668
-0.99281 1.39339
-0.99330 1.39119
-0.99416 1.38954
-0.99694 1.37341
-0.99843 1.36850
-0.99988 1.36388
-1.00071 1.36068
-1.00425 1.35996
-1.00434 1.35995
-1.00758 1.35855
-1.01009 1.35607
-1.01011 1.35333
-1.01114 1.34847
-1.01101 1.34311
-1.01283 1.33861
-1.01278 1.33295
-1.01324 1.32746
-1.01646 1.31862
-1.01652 1.31839
-1.01765 1.31543
-1.01809 1.31395
-1.01988 1.31131
-1.02009 1.30922
-1.02198 1.30590
-1.02411 1.30271
-1.02629 1.29839
-1.02799 1.29518
-1.02832 1.29204
-1.02754 1.28864
-1.02763 1.28356
-1.02895 1.27823
-1.03007 1.27207
-1.03024 1.26892
-1.03154 1.26645
-1.03314 1.26428
-1.03335 1.26172
-1.03389 1.25746
-1.03489 1.25306
-1.03505 1.25060
-1.03532 1.24404
-1.03681 1.23868
-1.03849 1.23347
-1.04052 1.23136
-1.04414 1.23053
-1.04407 1.22854
-1.04327 1.22291
-1.04339 1.21772
-1.04358 1.21181
-1.04475 1.20571
-1.04475 1.20195
-1.04325 1.20011
-1.04447 1.19742
-1.04610 1.19401
-1.04918 1.19096
-1.05237 1.18753
-1.05269 1.18261
-1.05161 1.17695
-1.05182 1.17420
-1.05313 1.17008
-1.05394 1.16612
-1.05237 1.16140
-1.05304 1.15817
-1.05438 1.15690
-1.05414 1.15325
-1.05477 1.14832
-1.05619 1.14404
-1.05742 1.13974
-1.05719 1.13516
-1.05817 1.13020
-1.05877 1.12482
-1.05961 1.12141
-1.05899 1.11729
-1.05923 1.11414
-1.05927 1.11096
-1.05821 1.10766
-1.06021 1.10656
-1.06105 1.10227
-1.05874 1.09778
-1.05869 1.09174
-1.05974 1.08621
-1.06024 1.08147
-1.06410 1.07853
-1.06527 1.07666
-1.06588 1.07526
-1.06237 1.07299
-1.06104 1.06833
-1.06025 1.06474
-1.06101 1.05957
-1.06187 1.05379
-1.06364 1.04728
-1.06475 1.04425
-1.06334 1.04180
-1.06221 1.04041
-1.06182 1.03843
-1.06352 1.03437
-1.06474 1.02915
-1.06397 1.02223
-1.06350 1.01714
-1.06138 1.01314
-1.06023 1.00627
-1.06097 1.00164
-1.06302 0.99866
-1.06314 0.99534
-1.06273 0.99440
-1.06248 0.98544
-1.06470 0.98099
-1.06516 0.97538
-1.06461 0.96922
-1.05926 0.95727
-1.05918 0.95590
-1.05791 0.95004
-1.05788 0.94989
-1.05886 0.94477
-1.05718 0.93982
-1.05752 0.92192
-1.05525 0.91795
-1.05520 0.91782
-1.05493 0.91676
-1.05569 0.91421
-1.05644 0.91234
-1.05534 0.90819
-1.05369 0.90249
-1.05142 0.89419
-1.04977 0.88808
-1.05119 0.88304
-1.05046 0.88068
-1.05023 0.87579
-1.04844 0.87313
-1.04676 0.87067
-1.04694 0.86233
-1.04865 0.86167
-1.04703 0.85194
-1.04702 0.85187
-1.04504 0.84501
-1.04273 0.83961
-1.04257 0.83336
-1.04262 0.82201
-1.04123 0.81528
-1.03661 0.80472
-1.03649 0.80448
-1.03505 0.80129
-1.03525 0.80063
-1.03212 0.79444
-1.03004 0.79081
-1.02984 0.78456
-1.02993 0.77919
-1.03295 0.77309
-1.03436 0.76659
-1.03155 0.76433
-1.02872 0.76101
-1.02599 0.75894
-1.02291 0.75545
-1.02077 0.75143
-1.02037 0.74721
-1.02083 0.74348
-1.02368 0.73750
-1.02391 0.73459
-1.02157 0.73303
-1.01833 0.73098
-1.01710 0.72750
-1.01590 0.72441
-1.01415 0.71998
-1.01511 0.71678
-1.01445 0.71030
-1.01285 0.70661
-1.01184 0.70228
-1.00843 0.69922
-1.00641 0.69513
-1.00684 0.68769
-1.00627 0.68250
-1.00573 0.67633
-1.00593 0.67299
-1.00383 0.67347
-1.00024 0.67531
-0.99799 0.67516
-0.99600 0.67485
-0.99512 0.67113
-0.99586 0.66638
-0.99462 0.66049
-0.99362 0.65653
-0.99361 0.64898
-0.99088 0.64238
-0.98951 0.63644
-0.98681 0.62917
-0.98500 0.62616
-0.98202 0.62366
-0.98066 0.62187
-0.97978 0.62036
-0.98138 0.61896
-0.98121 0.61640
-0.98017 0.61376
-0.97765 0.60961
-0.97516 0.60482
-0.97300 0.59709
-0.97173 0.59168
-0.97168 0.58721
-0.97045 0.58246
-0.96847 0.57932
-0.96694 0.57652
-0.96412 0.57326
-0.96105 0.56929
-0.95948 0.56446
-0.95920 0.56159
-0.95830 0.55583
-0.95916 0.55091
-0.95540 0.54775
-0.95200 0.54791
-0.94881 0.54729
-0.94602 0.54505
-0.94475 0.54182
-0.94283 0.53764
-0.94369 0.53302
-0.94195 0.52783
-0.93897 0.52425
-0.93579 0.52047
-0.93358 0.51825
-0.93357 0.51926
-0.93152 0.51443
-0.92796 0.50460
-0.92786 0.50021
-0.92670 0.49739
-0.92448 0.49677
-0.92251 0.49450
-0.92085 0.49145
-0.91779 0.48901
-0.91248 0.48489
-0.90792 0.48020
-0.90736 0.47672
-0.90627 0.46933
-0.90660 0.46618
-0.90635 0.46370
-0.90380 0.46324
-0.89950 0.45743
-0.89389 0.45389
-0.89241 0.45253
-0.89089 0.45178
-0.88937 0.44773
-0.88736 0.44457
-0.88609 0.43941
-0.88544 0.43383
-0.88328 0.42980
-0.88134 0.42715
-0.87928 0.42567
-0.87134 0.42146
-0.86921 0.41789
-0.86667 0.41271
-0.86302 0.40425
-0.85905 0.39841
-0.85683 0.39555
-0.85504 0.39625
-0.85085 0.39399
-0.85075 0.39392
-0.84902 0.39172
-0.84787 0.38590
-0.84511 0.38007
-0.84083 0.37596
-0.83793 0.36973
-0.83379 0.36635
-0.83338 0.36432
-0.83280 0.36357
-0.83091 0.36270
-0.83107 0.36160
-0.82160 0.35291
-0.81635 0.34742
-0.81102 0.33564
-0.81087 0.33539
-0.80913 0.33413
-0.80730 0.33573
-0.80722 0.33573
-0.80405 0.33638
-0.80016 0.33221
-0.79605 0.32849
-0.78948 0.31909
-0.78933 0.31889
-0.78674 0.31345
-0.78442 0.30708
-0.78435 0.30692
-0.78365 0.30687
-0.77888 0.30392
-0.77563 0.29957
-0.77563 0.29957
-0.77267 0.29876
-0.76865 0.29494
-0.76393 0.29106
-0.76153 0.29018
-0.75946 0.28856
-0.75380 0.28216
-0.75369 0.28200
-0.75206 0.27886
-0.74587 0.27106
-0.74579 0.27097
-0.74280 0.26716
-0.74021 0.26353
-0.73468 0.25907
-0.73455 0.25897
-0.73353 0.25719
-0.73135 0.25623
-0.72744 0.25514
-0.72326 0.25375
-0.71899 0.25329
-0.71565 0.25075
-0.71472 0.24697
-0.71276 0.24258
-0.70591 0.23194
-0.69354 0.22295
-0.68471 0.22129
-0.68295 0.22043
-0.68174 0.21586
-0.67879 0.21381
-0.67539 0.21205
-0.67108 0.21081
-0.66731 0.20942
-0.66547 0.20548
-0.66397 0.20193
-0.66175 0.19905
-0.65538 0.19494
-0.64702 0.18767
-0.64681 0.18749
-0.64387 0.18547
-0.64057 0.18298
-0.63704 0.18157
-0.63480 0.18127
-0.63374 0.17986
-0.62942 0.17734
-0.62261 0.17245
-0.61562 0.16756
-0.61079 0.16493
-0.60966 0.16373
-0.60845 0.15970
-0.60644 0.15912
-0.60517 0.15724
-0.60029 0.15434
-0.59816 0.15144
-0.59560 0.14905
-0.58998 0.14765
-0.58659 0.14478
-0.58069 0.14351
-0.57512 0.14335
-0.57118 0.13997
-0.56953 0.13797
-0.56827 0.13598
-0.56617 0.13409
-0.56285 0.13264
-0.56019 0.13076
-0.55794 0.12946
-0.55318 0.12538
-0.54959 0.12191
-0.54671 0.11941
-0.54390 0.11709
-0.54061 0.11552
-0.53758 0.11450
-0.53511 0.11553
-0.53097 0.11681
-0.52877 0.11758
-0.52372 0.11634
-0.51895 0.11109
-0.51496 0.10711
-0.51318 0.10315
-0.51249 0.09911
-0.50807 0.09717
-0.50289 0.09920
-0.49889 0.10192
-0.49275 0.09980
-0.48883 0.09819
-0.48596 0.09571
-0.48563 0.09223
-0.48406 0.08979
-0.48057 0.08730
-0.47631 0.08536
-0.47175 0.08380
-0.46540 0.08334
-0.46088 0.08327
-0.45817 0.08589
-0.45638 0.08393
-0.45354 0.08231
-0.45116 0.08050
-0.44698 0.07757
-0.44232 0.07443
-0.43771 0.07139
-0.43343 0.07030
-0.43040 0.07035
-0.42650 0.06926
-0.42361 0.06819
-0.42244 0.06607
-0.41901 0.06485
-0.41503 0.06070
-0.41136 0.05705
-0.40667 0.05668
-0.40255 0.05864
-0.39932 0.05833
-0.39649 0.05603
-0.39261 0.05352
-0.38809 0.05320
-0.38494 0.05280
-0.38143 0.05186
-0.37759 0.04923
-0.37280 0.04790
-0.37044 0.04700
-0.36709 0.04648
-0.36432 0.04520
-0.36175 0.04280
-0.35998 0.03997
-0.35464 0.03851
-0.35118 0.03589
-0.34707 0.03466
-0.33380 0.03491
-0.32183 0.03152
-0.31861 0.02961
-0.31594 0.02760
-0.30933 0.02465
-0.30933 0.02465
-0.30663 0.02347
-0.29862 0.02248
-0.29843 0.02245
-0.29432 0.02277
-0.28859 0.02186
-0.28551 0.02095
-0.28333 0.02098
-0.28115 0.02054
-0.27914 0.01866
-0.27552 0.01763
-0.27091 0.01593
-0.26013 0.01247
-0.25985 0.01240
-0.25472 0.01239
-0.25231 0.01202
-0.24846 0.01214
-0.24532 0.01176
-0.24230 0.01046
-0.23857 0.00929
-0.23356 0.00730
-0.22846 0.00589
-0.22582 0.00560
-0.22310 0.00551
-0.22014 0.00553
-0.21763 0.00478
-0.21269 0.00506
-0.20744 0.00449
-0.20255 0.00423
-0.18944 0.00155
-0.18971 0.00032
-0.18731 0.00105
-0.18351 0.00181
-0.17726 0.00039
-0.17171 -0.00176
-0.16830 -0.00297
-0.16425 -0.00390
-0.16073 -0.00316
-0.15390 -0.00259
-0.14990 -0.00261
-0.14549 -0.00475
-0.14329 -0.00565
-0.14208 -0.00773
-0.14014 -0.00758
-0.13707 -0.00822
-0.13147 -0.00489
-0.12644 -0.00327
-0.12398 -0.00460
-0.12090 -0.00462
-0.11414 -0.00632
-0.11051 -0.00600
-0.10541 -0.00541
-0.10077 -0.00849
-0.09747 -0.01050
-0.09399 -0.01159
-0.08989 -0.01211
-0.08771 -0.00996
-0.08523 -0.00882
-0.07745 -0.00875
-0.07728 -0.00870
-0.07189 -0.00936
-0.06814 -0.00837
-0.06483 -0.00766
-0.06088 -0.00793
-0.05730 -0.00850
-0.05180 -0.01341
-0.04639 -0.01516
-0.04246 -0.01365
-0.03924 -0.01348
-0.03717 -0.01207
-0.03363 -0.01118
-0.03087 -0.01035
-0.02720 -0.01050
-0.02170 -0.01165
-0.01678 -0.01260
-0.01246 -0.01038
-0.00947 -0.01005
-0.00702 -0.00775
-0.01075 -0.00603
-0.01656 -0.00635
-0.01847 -0.00636
-0.01860 -0.00856
-0.02105 -0.00949
-0.02109 -0.00906
-0.01860 -0.01052
-0.01298 -0.01237
-0.00809 -0.01134
-0.00652 -0.01129
-0.00964 -0.00925
-0.01396 -0.01025
-0.01937 -0.01008
-0.02452 -0.00916
-0.02553 -0.01022
-0.02514 -0.00904
-0.02030 -0.00725
-0.01605 -0.00892
-0.01335 -0.00932
-0.01146 -0.00815
-0.01091 -0.01035
-0.01145 -0.00801
-0.01420 -0.00817
-0.01613 -0.01020
-0.01860 -0.01021
-0.01947 -0.01243
-0.01829 -0.01028
-0.01799 -0.00912
-0.01735 -0.00841
-0.01554 -0.00950
-0.01525 -0.01057
-0.01712 -0.01043
-0.01627 -0.00868
-0.01512 -0.00695
-0.01399 -0.00559
-0.01398 -0.00481
-0.01386 -0.00687
