-0.01230 -0.00654
-0.01197 -0.00606
-0.00895 -0.00446
-0.00893 -0.00596
-0.00975 -0.00692
-0.01051 -0.00593
-0.01290 -0.00439
-0.01190 -0.00610
-0.01097 -0.00746
-0.01150 -0.00847
-0.01307 -0.00765
-0.01405 -0.00703
-0.01014 -0.00470
-0.01007 -0.00466
-0.00873 -0.00428
-0.00818 -0.00588
-0.01148 -0.00706
-0.01421 -0.00931
-0.01453 -0.00817
-0.01380 -0.00414
-0.01128 -0.00596
-0.01006 -0.00657
-0.00914 -0.00662
-0.00990 -0.00539
-0.01380 -0.00591
-0.01387 -0.00589
-0.01257 -0.00630
-0.01211 -0.00456
-0.01193 -0.00586
-0.01241 -0.00702
-0.01397 -0.00712
-0.01529 -0.00735
-0.01284 -0.00683
-0.00816 -0.00559
-0.00187 -0.00438
0.00640 -0.00315
0.02163 -0.00590
0.02198 -0.00596
0.02503 -0.00489
0.02689 -0.00271
0.02742 -0.00236
0.02748 -0.00235
0.03115 -0.00383
0.03544 -0.00234
0.04363 -0.00097
0.04937 0.00092
0.05285 -0.00065
0.05532 -0.00077
0.05857 0.00008
0.06347 0.00078
0.06725 0.00147
0.07142 0.00340
0.07586 0.00177
0.08008 0.00053
0.08006 0.00059
0.08298 0.00183
0.08718 0.00282
0.09146 0.00450
0.09578 0.00500
0.09926 0.00568
0.10439 0.00663
0.10940 0.00613
0.11180 0.00419
0.11509 0.00474
0.12096 0.00578
0.12358 0.00627
0.12688 0.00860
0.13172 0.00807
0.13583 0.00810
0.14091 0.00980
0.14528 0.01264
0.14967 0.01459
0.15333 0.01529
0.15663 0.01532
0.15926 0.01539
0.16270 0.01545
0.16625 0.01636
0.16922 0.01893
0.17282 0.02137
0.17617 0.02197
0.17939 0.02232
0.18369 0.02208
0.18845 0.02237
0.19290 0.02537
0.19554 0.02618
0.19968 0.02718
0.20488 0.02647
0.20913 0.02749
0.21246 0.02871
0.21456 0.02973
0.21649 0.03201
0.22181 0.03352
0.22597 0.03457
0.23152 0.03456
0.23624 0.03629
0.23901 0.03829
0.24188 0.03845
0.24489 0.03837
0.25099 0.03991
0.25459 0.04006
0.25920 0.04117
0.26262 0.04182
0.26558 0.04284
0.26770 0.04235
0.26853 0.04332
0.27249 0.04409
0.27684 0.04550
0.28124 0.04772
0.28594 0.05034
0.28932 0.05167
0.29196 0.05482
0.29506 0.05555
0.29936 0.05370
0.30420 0.05506
0.30783 0.05624
0.31163 0.05918
0.31557 0.05976
0.31769 0.06143
0.32356 0.06347
0.32828 0.06681
0.33118 0.07148
0.33260 0.07307
0.33354 0.06999
0.33690 0.06967
0.34010 0.07050
0.34492 0.07183
0.35085 0.07466
0.35388 0.07620
0.35642 0.07836
0.35983 0.08148
0.36402 0.08332
0.36977 0.08596
0.37663 0.08787
0.38702 0.09157
0.38963 0.09338
0.39362 0.09454
0.39723 0.09595
0.41443 0.10668
0.41823 0.10787
0.42362 0.10602
0.42378 0.10600
0.42624 0.10849
0.43012 0.10982
0.43244 0.11330
0.43644 0.11557
0.44492 0.12034
0.45782 0.12809
0.46006 0.12986
0.46858 0.13084
0.47313 0.13049
0.47440 0.13142
0.47602 0.13264
0.47885 0.13582
0.48351 0.13844
0.49610 0.14634
0.49641 0.14654
0.50162 0.15038
0.50595 0.15479
0.50853 0.15666
0.51155 0.15856
0.51419 0.15990
0.51577 0.16150
0.52381 0.16321
0.53104 0.16817
0.53418 0.17101
0.54601 0.18356
0.54628 0.18383
0.55118 0.18785
0.55703 0.19146
0.55954 0.19191
0.56098 0.19212
0.56104 0.19156
0.56372 0.19248
0.56740 0.19432
0.56928 0.19848
0.57093 0.20238
0.57324 0.20624
0.57527 0.20619
0.57815 0.20713
0.58420 0.20748
0.58800 0.21117
0.59149 0.21370
0.59469 0.21819
0.59911 0.22296
0.60297 0.22619
0.60537 0.22907
0.60841 0.23217
0.61058 0.23373
0.61245 0.23467
0.61556 0.23559
0.61802 0.23591
0.62019 0.23669
0.62424 0.23994
0.62794 0.24212
0.63285 0.24327
0.63493 0.24677
0.63673 0.24930
0.63899 0.25220
0.64163 0.25630
0.64393 0.25962
0.64814 0.26396
0.65278 0.26840
0.65708 0.27166
0.65951 0.27410
0.66159 0.27575
0.66424 0.27953
0.66608 0.28003
0.66909 0.28232
0.67086 0.28314
0.67112 0.28160
0.67238 0.28094
0.67511 0.28398
0.68007 0.28931
0.68346 0.29461
0.68829 0.29996
0.69003 0.30537
0.69266 0.30930
0.69672 0.31409
0.69849 0.31721
0.70019 0.31743
0.70219 0.31677
0.70424 0.31513
0.70537 0.31491
0.70727 0.31881
0.71033 0.32187
0.71254 0.32630
0.71577 0.32985
0.71704 0.33372
0.72154 0.33511
0.72519 0.33922
0.72975 0.34640
0.73191 0.35324
0.73207 0.35530
0.73689 0.35604
0.74060 0.35570
0.74380 0.35602
0.74663 0.36063
0.74739 0.36409
0.74760 0.36845
0.74654 0.37018
0.74703 0.37278
0.74999 0.37597
0.75362 0.37638
0.75849 0.37730
0.76342 0.38086
0.76604 0.38381
0.76838 0.38700
0.76957 0.39555
0.77126 0.40052
0.77535 0.40274
0.77958 0.40467
0.78398 0.40911
0.78422 0.41182
0.78679 0.41483
0.78717 0.41720
0.79093 0.42192
0.79284 0.42371
0.79345 0.42540
0.79575 0.42828
0.79697 0.43038
0.79853 0.43029
0.80114 0.43750
0.80127 0.43769
0.80389 0.44275
0.80918 0.44873
0.81219 0.45468
0.81434 0.45892
0.81682 0.46201
0.81926 0.46457
0.82156 0.46767
0.82284 0.47003
0.82285 0.47010
0.82251 0.47317
0.82314 0.47641
0.82576 0.47915
0.82961 0.48269
0.83262 0.48757
0.83588 0.49178
0.83913 0.49553
0.84285 0.50039
0.85176 0.51462
0.85276 0.51846
0.85279 0.51858
0.85285 0.52253
0.85430 0.52949
0.85434 0.52967
0.85608 0.53265
0.86124 0.53672
0.86137 0.53682
0.86311 0.53820
0.86880 0.54203
0.86894 0.54213
0.87135 0.54791
0.87651 0.56858
0.87685 0.57240
0.88049 0.57925
0.88059 0.57944
0.88080 0.58002
0.88198 0.57849
0.88409 0.57925
0.88523 0.58283
0.88566 0.58787
0.88968 0.59375
0.89229 0.59933
0.89409 0.60570
0.89406 0.61115
0.89413 0.61415
0.89575 0.61762
0.89821 0.62131
0.90196 0.62648
0.90369 0.63422
0.90531 0.63809
0.90876 0.64061
0.90943 0.64102
0.90708 0.64303
0.90822 0.64617
0.91096 0.65136
0.91295 0.65576
0.91621 0.66056
0.92052 0.66557
0.92386 0.66971
0.92211 0.68024
0.92211 0.68047
0.92246 0.68345
0.92288 0.68691
0.92896 0.69745
0.92948 0.70048
0.93007 0.70434
0.92858 0.70786
0.92793 0.70937
0.92980 0.71180
0.93193 0.71474
0.93421 0.71901
0.93603 0.72246
0.93798 0.72632
0.93992 0.73171
0.94052 0.73739
0.94114 0.74341
0.94183 0.74964
0.94236 0.75235
0.94370 0.75652
0.94310 0.75923
0.94400 0.76113
0.94687 0.76450
0.94967 0.76642
0.94969 0.77097
0.94932 0.77360
0.94950 0.77676
0.94958 0.78090
0.95033 0.78378
0.95357 0.78857
0.95367 0.79407
0.95498 0.79784
0.95583 0.80014
0.95592 0.80387
0.95623 0.80769
0.95621 0.81291
0.95716 0.81747
0.95930 0.82216
0.96316 0.82746
0.96349 0.83180
0.96329 0.83480
0.96339 0.83796
0.96463 0.84163
0.96621 0.84474
0.96634 0.85027
0.96646 0.85494
0.96742 0.85802
0.96560 0.86128
0.96870 0.86366
0.97002 0.86795
0.97130 0.87337
0.97373 0.87703
0.97383 0.87984
0.97273 0.88495
0.97142 0.89137
0.97213 0.89284
0.97417 0.89679
0.97476 0.90015
0.97653 0.90142
0.97595 0.90254
0.97536 0.90544
0.97542 0.90883
0.97698 0.91379
0.97771 0.91814
0.97816 0.92231
0.97691 0.92549
0.97625 0.93162
0.97589 0.93597
0.97738 0.93988
0.97891 0.94258
0.97962 0.94631
0.97949 0.95008
0.97887 0.95418
0.97840 0.95853
0.97848 0.96300
0.97976 0.96635
0.98033 0.97103
0.98041 0.97669
0.98043 0.98333
0.98071 0.98908
0.98090 0.99322
0.98070 0.99517
0.98095 0.99748
0.98030 0.99935
0.97919 1.00152
0.97962 1.00491
0.98194 1.00933
0.98239 1.01407
0.98240 1.01929
0.98233 1.02265
0.98061 1.02358
0.97872 1.02632
0.97752 1.02954
0.97931 1.03471
0.97949 1.04116
0.97955 1.04789
0.98103 1.05350
0.98093 1.05746
0.98126 1.06165
0.98142 1.06365
0.98268 1.06713
0.98261 1.07163
0.98149 1.07478
0.97935 1.07967
0.97775 1.08432
0.97813 1.08870
0.97778 1.09273
0.97715 1.09382
0.97940 1.09477
0.98011 1.09847
0.98012 1.09856
0.97855 1.10308
0.97680 1.10777
0.97427 1.11319
0.97368 1.11925
0.97265 1.12485
0.97500 1.12930
0.97742 1.13250
0.97816 1.13554
0.97697 1.13937
0.97461 1.14476
0.97313 1.14855
0.97161 1.15270
0.97112 1.15691
0.97112 1.15958
0.97197 1.16334
0.97196 1.16664
0.97330 1.17002
0.96860 1.18031
0.96657 1.18601
0.96801 1.18682
0.96659 1.18694
0.96584 1.19650
0.96680 1.19829
0.96691 1.20231
0.96685 1.20766
0.96498 1.21379
0.96249 1.21818
0.96050 1.22233
0.96166 1.22640
0.95963 1.22942
0.95839 1.23344
0.95718 1.23698
0.95794 1.23983
0.95846 1.24371
0.95893 1.24795
0.95723 1.25040
0.95371 1.25178
0.95158 1.25455
0.95065 1.25950
0.95096 1.26441
0.94932 1.27617
0.94928 1.27648
0.94684 1.28216
0.94559 1.28580
0.94257 1.29364
0.94104 1.29512
0.94245 1.29804
0.94291 1.30165
0.94039 1.30595
0.93818 1.30965
0.93682 1.31390
0.93383 1.31802
0.93366 1.32117
0.93201 1.32506
0.93193 1.32994
0.93064 1.33480
0.92874 1.33682
0.92790 1.34196
0.92828 1.34770
0.92768 1.35193
0.92740 1.35529
0.92666 1.35776
0.92526 1.36102
0.92309 1.36277
0.92179 1.36210
0.92129 1.36028
0.91969 1.36027
0.91621 1.36629
0.91335 1.37460
0.91120 1.38213
0.90994 1.38936
0.91066 1.39558
0.91183 1.40059
0.91075 1.40376
0.90968 1.40176
0.90808 1.40358
0.90645 1.40526
0.90435 1.40612
0.90378 1.41071
0.90071 1.41575
0.89809 1.42035
0.89387 1.42288
0.89678 1.42358
0.89649 1.42502
0.89553 1.43071
0.89222 1.43714
0.88967 1.44394
0.88687 1.45118
0.88550 1.45785
0.88329 1.46009
0.88225 1.46268
0.88178 1.46926
0.88029 1.46956
0.87857 1.46998
0.87706 1.47056
0.87457 1.47020
0.87242 1.47211
0.87062 1.47497
0.86885 1.47791
0.86701 1.48326
0.86476 1.48941
0.86310 1.49587
0.86230 1.50060
0.86275 1.50550
0.86205 1.51016
0.85939 1.51349
0.85760 1.51716
0.85443 1.51986
0.84962 1.52360
0.84691 1.52985
0.84598 1.53371
0.84606 1.53728
0.84520 1.53759
0.84396 1.53830
0.84039 1.54002
0.83746 1.54335
0.83465 1.54809
0.83164 1.55406
0.83059 1.55822
0.82945 1.56297
0.82983 1.56632
0.82539 1.56969
0.82298 1.57314
0.81883 1.57627
0.81528 1.57725
0.81538 1.57936
0.81420 1.58084
0.81350 1.58472
0.81131 1.58972
0.81010 1.59506
0.80639 1.60059
0.80427 1.60196
0.80110 1.60685
0.79942 1.60839
0.79691 1.61027
0.79510 1.61319
0.79516 1.61797
0.79274 1.62052
0.78952 1.62415
0.78752 1.62445
0.78472 1.62714
0.78097 1.63015
0.77871 1.63379
0.77633 1.63631
0.77379 1.64001
0.77223 1.64341
0.76832 1.64806
0.76584 1.65498
0.76561 1.65685
0.76321 1.65932
0.76111 1.66320
0.75873 1.66705
0.75380 1.66966
0.75206 1.67181
0.75045 1.67507
0.74947 1.67899
0.74723 1.68209
0.74457 1.68381
0.74300 1.68381
0.73811 1.68821
0.73738 1.69028
0.73492 1.69363
0.72866 1.70199
0.72866 1.70199
0.72700 1.70432
0.72383 1.70827
0.72163 1.70816
0.71459 1.71801
0.71291 1.72163
0.71035 1.72609
0.70701 1.72902
0.70561 1.73068
0.70306 1.73370
0.69918 1.73409
0.69710 1.73654
0.69371 1.73787
0.68517 1.74350
0.68472 1.74384
0.68307 1.74980
0.68216 1.75373
0.67402 1.76113
0.67381 1.76128
0.67085 1.76106
0.67007 1.75935
0.66260 1.76675
0.65795 1.77285
0.65559 1.77642
0.65464 1.77983
0.64984 1.78085
0.64588 1.78222
0.64578 1.78472
0.64311 1.78697
0.64276 1.79027
0.63649 1.79483
0.63633 1.79497
0.63215 1.79709
0.62761 1.80146
0.62071 1.80770
0.62053 1.80787
0.61995 1.80789
0.61486 1.80751
0.60998 1.81470
0.60985 1.81484
0.60757 1.81902
0.60522 1.82152
0.60515 1.82481
0.60127 1.82784
0.58967 1.83506
0.58476 1.83422
0.58186 1.83295
0.57509 1.83962
0.56875 1.84727
0.56222 1.85272
0.56206 1.85287
0.56043 1.85482
0.55802 1.85647
0.55441 1.85958
0.55066 1.86210
0.54597 1.86401
0.54155 1.86544
0.53949 1.86849
0.53804 1.87100
0.53477 1.87465
0.53110 1.87737
0.52866 1.87739
0.52619 1.87905
0.52210 1.87993
0.51911 1.88148
0.51604 1.88414
0.51320 1.88746
0.50970 1.88887
0.50549 1.89276
0.50029 1.89666
0.49714 1.89877
0.49575 1.90038
0.49470 1.90092
0.49318 1.90155
0.49146 1.90107
0.48687 1.90197
0.48182 1.90517
0.47563 1.90812
0.47154 1.91135
0.46704 1.91499
0.46364 1.91871
0.46061 1.92031
0.45827 1.92064
0.45736 1.92062
0.45327 1.92149
0.44943 1.92120
0.44641 1.92384
0.44052 1.92672
0.43740 1.93022
0.43623 1.93432
0.43296 1.93527
0.43094 1.93524
0.42595 1.93521
0.42136 1.93589
0.41691 1.93788
0.41441 1.94158
0.41294 1.94474
0.41185 1.94784
0.40905 1.94851
0.40294 1.95105
0.39480 1.95482
0.38831 1.95808
0.38538 1.95903
0.38432 1.95918
0.38270 1.95993
0.37994 1.96168
0.37570 1.96413
0.36844 1.96624
0.36371 1.96630
0.36057 1.96527
0.35947 1.96843
0.35768 1.97148
0.35519 1.97359
0.35075 1.97671
0.34799 1.97848
0.34408 1.97714
0.33957 1.97772
0.33375 1.97908
0.32795 1.98280
0.32414 1.98573
0.32388 1.98606
0.32128 1.98549
0.31772 1.98624
0.31302 1.98749
0.30967 1.98926
0.30707 1.99097
0.30417 1.99198
0.30033 1.99394
0.29482 1.99564
0.29058 1.99867
0.28627 2.00120
0.28448 2.00194
0.27674 2.00223
0.27651 2.00224
0.27142 2.00244
0.26209 2.00414
0.26186 2.00418
0.25999 2.00609
0.25520 2.01193
0.25126 2.01431
0.24701 2.01448
0.23340 2.01569
0.22968 2.01583
0.22613 2.01713
0.22159 2.01931
0.22021 2.02241
0.21622 2.02559
0.21272 2.02620
0.20631 2.02492
0.20259 2.02395
0.19986 2.02319
0.18908 2.02432
0.17556 2.03296
0.16333 2.03161
0.15230 2.02903
0.14930 2.02954
0.13934 2.03369
0.13910 2.03378
0.13385 2.03445
0.13036 2.03645
0.12953 2.03903
0.12144 2.04071
0.12126 2.04076
0.11761 2.03994
0.11396 2.03993
0.10606 2.04137
0.10587 2.04141
0.10282 2.04133
0.09807 2.04112
0.08711 2.04174
0.08436 2.04096
0.07307 2.04364
0.06805 2.04455
0.06348 2.04515
0.05745 2.04642
0.05595 2.04683
0.05425 2.04998
0.04212 2.05026
0.04186 2.05027
0.03796 2.04988
0.03389 2.04862
0.02985 2.04815
0.02361 2.04900
0.02345 2.04900
0.02208 2.04935
0.01405 2.05056
0.01387 2.05058
0.00761 2.04876
0.00422 2.04946
0.00211 2.05130
-0.00873 2.05430
-0.00949 2.05571
-0.01411 2.05803
-0.01891 2.05577
-0.02325 2.05364
-0.02391 2.05157
-0.02415 2.05288
-0.02655 2.05438
-0.02983 2.05498
-0.03347 2.05353
-0.03886 2.05281
-0.04609 2.05282
-0.05146 2.05210
-0.05605 2.05302
-0.05962 2.05385
-0.06344 2.05374
-0.06747 2.05318
-0.07052 2.05178
-0.07373 2.05209
-0.07614 2.05227
-0.07749 2.05285
-0.08109 2.05012
-0.08642 2.04953
-0.09197 2.04911
-0.09876 2.05221
-0.10589 2.05269
-0.10829 2.05156
-0.10984 2.05070
-0.11224 2.05002
-0.11592 2.04984
-0.11959 2.04954
-0.12385 2.04943
-0.12913 2.04926
-0.13103 2.04782
-0.13504 2.04733
-0.13768 2.04835
-0.14040 2.04562
-0.14332 2.04419
-0.14795 2.04266
-0.15398 2.04326
-0.15935 2.04408
-0.16509 2.04391
-0.16906 2.04248
-0.17138 2.04241
-0.17496 2.04277
-0.17799 2.04279
-0.18125 2.04274
-0.18388 2.04167
-0.18787 2.03999
-0.19447 2.03840
-0.19742 2.03602
-0.20343 2.03547
-0.20606 2.03478
-0.21059 2.03677
-0.21665 2.03735
-0.22171 2.03877
-0.22514 2.03800
-0.22918 2.03729
-0.23253 2.03768
-0.23485 2.03666
-0.24099 2.03470
-0.24606 2.03358
-0.24993 2.03221
-0.25425 2.03131
-0.25628 2.02698
-0.25850 2.02470
-0.25934 2.02617
-0.26059 2.02627
-0.26410 2.02602
-0.26676 2.02282
-0.27085 2.02399
-0.27625 2.02462
-0.28269 2.02632
-0.28962 2.02664
-0.29712 2.02610
-0.30410 2.02411
-0.30719 2.02398
-0.30867 2.02244
-0.31079 2.02087
-0.31256 2.01948
-0.31536 2.01938
-0.31644 2.01954
-0.31627 2.01646
-0.31966 2.01216
-0.32358 2.01040
-0.32876 2.00928
-0.33305 2.00998
-0.33812 2.00988
-0.34403 2.01120
-0.34888 2.01144
-0.35352 2.00995
-0.35834 2.00848
-0.36354 2.00530
-0.36722 2.00457
-0.36923 2.00211
-0.36929 1.99755
-0.37626 1.99272
-0.37645 1.99261
-0.39648 1.99063
-0.40619 1.98966
-0.40645 1.98963
-0.41003 1.99018
-0.41240 1.98867
-0.41551 1.98745
-0.41795 1.98430
-0.42041 1.97979
-0.42434 1.97548
-0.42979 1.97167
-0.42995 1.97155
-0.43172 1.97177
-0.44475 1.97320
-0.45084 1.96724
-0.45530 1.96261
-0.45958 1.96416
-0.46537 1.96245
-0.46902 1.96213
-0.47281 1.96360
-0.47818 1.95570
-0.48093 1.95186
-0.48396 1.94890
-0.49101 1.94767
-0.49101 1.94767
-0.49465 1.94859
-0.49962 1.94988
-0.50399 1.94763
-0.50753 1.94617
-0.51218 1.94366
-0.51611 1.94003
-0.51771 1.93693
-0.51828 1.93394
-0.51855 1.93140
-0.52822 1.92433
-0.53504 1.92252
-0.54978 1.92073
-0.55276 1.91960
-0.55746 1.91631
-0.55971 1.91154
-0.57317 1.91044
-0.57543 1.90871
-0.57701 1.90542
-0.57947 1.90206
-0.58099 1.89861
-0.58624 1.89362
-0.59072 1.89148
-0.59464 1.89318
-0.59940 1.89285
-0.60230 1.89089
-0.60544 1.88745
-0.60847 1.88641
-0.61182 1.88366
-0.61461 1.88169
-0.61801 1.87887
-0.62040 1.87750
-0.62182 1.87347
-0.62344 1.86971
-0.62727 1.86641
-0.63087 1.86341
-0.63402 1.86087
-0.63709 1.86062
-0.63825 1.86047
-0.64031 1.85894
-0.64615 1.85711
-0.65042 1.85663
-0.65345 1.85458
-0.65527 1.85047
-0.65790 1.84445
-0.66112 1.84041
-0.66337 1.83718
-0.66939 1.83619
-0.67219 1.83648
-0.67434 1.83484
-0.67550 1.83074
-0.67710 1.82819
-0.68150 1.82588
-0.68456 1.82375
-0.68867 1.82330
-0.69157 1.82218
-0.69507 1.82134
-0.69824 1.81945
-0.70098 1.81626
-0.70419 1.81116
-0.70817 1.80657
-0.71057 1.80202
-0.71161 1.79859
-0.71261 1.79628
-0.71623 1.79518
-0.72107 1.79496
-0.72491 1.79310
-0.72904 1.78965
-0.73229 1.78627
-0.73667 1.78140
-0.73883 1.77752
-0.74103 1.77520
-0.74297 1.77347
-0.74691 1.77387
-0.75095 1.77239
-0.75244 1.77179
-0.75469 1.76855
-0.75528 1.76329
-0.75748 1.75973
-0.75943 1.75406
-0.76116 1.75111
-0.76501 1.75024
-0.76802 1.74882
-0.77066 1.74750
-0.77313 1.74379
-0.77749 1.74109
-0.78084 1.73931
-0.78350 1.73665
-0.78501 1.73459
-0.78853 1.73037
-0.79203 1.72463
-0.79520 1.72269
-0.79618 1.72063
-0.79827 1.71775
-0.80131 1.71693
-0.80455 1.71634
-0.80780 1.71261
-0.81144 1.71142
-0.81491 1.70723
-0.81817 1.70204
-0.81857 1.69847
-0.81996 1.69574
-0.82026 1.69111
-0.82263 1.68727
-0.82546 1.68260
-0.82943 1.68102
-0.83384 1.67679
-0.83717 1.67758
-0.83812 1.67498
-0.84108 1.67289
-0.84327 1.67304
-0.84479 1.66939
-0.84441 1.66615
-0.84834 1.66024
-0.85209 1.65239
-0.85776 1.64409
-0.86180 1.64073
-0.86432 1.64141
-0.86477 1.64327
-0.86675 1.64352
-0.86706 1.64090
-0.86896 1.63778
-0.87142 1.63114
-0.87682 1.62036
-0.87760 1.62005
-0.88020 1.61579
-0.88340 1.61563
-0.88486 1.61648
-0.88566 1.61555
-0.88691 1.61187
-0.88947 1.60865
-0.89266 1.60437
-0.89592 1.59960
-0.89946 1.59451
-0.90199 1.59144
-0.90484 1.58561
-0.90716 1.58241
-0.91026 1.57929
-0.91254 1.57567
-0.91277 1.56711
-0.91279 1.56667
-0.91518 1.56398
-0.91812 1.56202
-0.92051 1.55997
-0.92369 1.55895
-0.92672 1.55761
-0.92859 1.54968
-0.92864 1.54949
-0.93041 1.54608
-0.93242 1.53459
-0.93247 1.53432
-0.93353 1.52960
-0.93771 1.52632
-0.94405 1.51966
-0.94420 1.51950
-0.94476 1.51676
-0.94659 1.51579
-0.94620 1.51486
-0.94879 1.51330
-0.95035 1.50943
-0.95132 1.50336
-0.95207 1.49709
-0.96016 1.48489
-0.96317 1.48247
-0.96525 1.47978
-0.96507 1.47894
-0.96861 1.47493
-0.96849 1.46660
-0.96853 1.46642
-0.97221 1.46029
-0.97304 1.45924
-0.97626 1.45336
-0.97635 1.45321
-0.97693 1.45260
-0.97753 1.44761
-0.98087 1.43820
-0.98418 1.42582
-0.98418 1.42582
-0.98388 1.42555
-0.98588 1.42378
-0.98789 1.42633
-0.98884 1.42776
-0.99040 1.42450
-0.99423 1.41774
-0.99388 1.40817
-0.99460 1.40325
-0.99530 1.39750
-0.99580 1.39393
-0.99736 1.39179
-0.99920 1.38885
-1.00010 1.38634
-1.00160 1.38191
-1.00341 1.37893
-1.00457 1.37478
-1.00622 1.37137
-1.00752 1.36787
-1.00738 1.36406
-1.00647 1.35912
-1.00699 1.35397
-1.00780 1.34991
-1.01104 1.34646
-1.01483 1.34426
-1.01794 1.34231
-1.02097 1.33938
-1.02233 1.33740
-1.02266 1.33150
-1.02275 1.32649
-1.02250 1.32088
-1.02239 1.31660
-1.02488 1.31235
-1.02605 1.30909
-1.02682 1.30540
-1.02707 1.30255
-1.02788 1.30079
-1.02929 1.29706
-1.03159 1.29443
-1.03427 1.28996
-1.03569 1.28494
-1.03509 1.27902
-1.03537 1.27275
-1.03682 1.27158
-1.04017 1.26951
-1.04111 1.26858
-1.04016 1.26598
-1.03923 1.26241
-1.03893 1.25704
-1.03979 1.25177
-1.03996 1.24352
-1.04113 1.23739
-1.04285 1.23357
-1.04391 1.23142
-1.04374 1.22752
-1.04448 1.22571
-1.04829 1.22330
-1.04896 1.22070
-1.04999 1.21745
-1.05068 1.21386
-1.05058 1.20948
-1.05221 1.20295
-1.05260 1.19631
-1.05312 1.19382
-1.05447 1.19126
-1.05640 1.18898
-1.05611 1.18841
-1.05646 1.18687
-1.05654 1.18154
-1.05650 1.17618
-1.05646 1.17173
-1.05718 1.16490
-1.05665 1.16193
-1.05685 1.16070
-1.05811 1.15917
-1.05934 1.15770
-1.06032 1.15481
-1.06238 1.15204
-1.06312 1.14662
-1.06339 1.13993
-1.06267 1.13337
-1.06255 1.12750
-1.06279 1.12259
-1.06415 1.11954
-1.06584 1.11722
-1.06689 1.11533
-1.06771 1.11091
-1.06825 1.10537
-1.06675 1.10201
-1.06617 1.09978
-1.06650 1.09638
-1.06953 1.09064
-1.06977 1.08392
-1.06748 1.07902
-1.06717 1.07464
-1.06977 1.07324
-1.06952 1.06975
-1.06907 1.06739
-1.07048 1.06565
-1.07021 1.06348
-1.06965 1.05883
-1.06880 1.05406
-1.06867 1.04840
-1.06771 1.04275
-1.06681 1.03759
-1.06736 1.03114
-1.06696 1.02790
-1.06749 1.02356
-1.06761 1.02115
-1.06718 1.01899
-1.06740 1.01073
-1.06731 0.99455
-1.06762 0.99133
-1.06742 0.98595
-1.06653 0.98145
-1.06679 0.97787
-1.06626 0.97365
-1.06595 0.96984
-1.06184 0.95408
-1.06177 0.94777
-1.06240 0.94221
-1.06241 0.94208
-1.06314 0.94031
-1.06318 0.93885
-1.06344 0.93676
-1.06417 0.93506
-1.06094 0.92200
-1.05772 0.90612
-1.05729 0.90262
-1.05658 0.89716
-1.05711 0.89138
-1.05662 0.88618
-1.05493 0.88122
-1.05324 0.87917
-1.04962 0.87764
-1.04971 0.87486
-1.05205 0.87138
-1.05352 0.86729
-1.05480 0.86212
-1.05287 0.85322
-1.05033 0.84783
-1.04876 0.84251
-1.04777 0.83579
-1.04770 0.83526
-1.04736 0.83251
-1.04543 0.83076
-1.04468 0.82704
-1.04372 0.82323
-1.04328 0.81740
-1.04298 0.81379
-1.04303 0.81039
-1.04284 0.80725
-1.04161 0.80546
-1.04000 0.80357
-1.03933 0.80072
-1.03857 0.79681
-1.03739 0.79189
-1.03595 0.78617
-1.03448 0.78038
-1.03102 0.77542
-1.02908 0.77095
-1.03005 0.76724
-1.03071 0.76325
-1.03193 0.75964
-1.03185 0.75895
-1.03057 0.75741
-1.02852 0.75681
-1.02688 0.75467
-1.02503 0.74944
-1.02412 0.74282
-1.02242 0.73669
-1.02236 0.73088
-1.02290 0.72588
-1.02258 0.72165
-1.02095 0.72012
-1.01847 0.71825
-1.01704 0.71745
-1.01632 0.71286
-1.01379 0.70636
-1.01189 0.70031
-1.01023 0.69311
-1.00687 0.68920
-1.00736 0.68791
-1.00905 0.68795
-1.00732 0.68734
-1.00716 0.68581
-1.00629 0.68412
-1.00333 0.68039
-1.00059 0.67237
-0.99947 0.66560
-0.99542 0.65797
-0.99538 0.65190
-0.99420 0.64953
-0.99492 0.64571
-0.99364 0.64444
-0.99249 0.64304
-0.99080 0.64028
-0.99130 0.63972
-0.98917 0.63582
-0.98718 0.63133
-0.98561 0.62790
-0.98351 0.62010
-0.98162 0.61353
-0.98046 0.60777
-0.97867 0.60233
-0.97727 0.60211
-0.97553 0.60115
-0.97387 0.60006
-0.97186 0.59729
-0.96956 0.58963
-0.96627 0.58247
-0.96359 0.57390
-0.96246 0.56812
-0.96137 0.56088
-0.96090 0.56175
-0.95987 0.56603
-0.95926 0.57042
-0.95753 0.57299
-0.95586 0.56897
-0.95144 0.56213
-0.94861 0.54994
-0.94747 0.53946
-0.94594 0.53204
-0.94389 0.52701
-0.94400 0.52682
-0.94343 0.52961
-0.93897 0.53325
-0.93684 0.53353
-0.93556 0.52827
-0.93506 0.52260
-0.93473 0.51682
-0.93413 0.51146
-0.93063 0.50524
-0.92585 0.49903
-0.92252 0.49354
-0.91850 0.48988
-0.91603 0.48898
-0.91364 0.48759
-0.91226 0.48953
-0.90872 0.49179
-0.90473 0.48602
-0.90244 0.47983
-0.90302 0.47363
-0.90513 0.46915
-0.90599 0.46347
-0.90401 0.45868
-0.90160 0.45578
-0.89833 0.45578
-0.89308 0.45452
-0.88826 0.45459
-0.88524 0.45192
-0.88460 0.44638
-0.88426 0.44087
-0.88164 0.43639
-0.87978 0.43300
-0.87652 0.43186
-0.87415 0.42869
-0.87051 0.42363
-0.86619 0.41620
-0.86610 0.41604
-0.86514 0.41489
-0.86361 0.41198
-0.86118 0.41105
-0.85947 0.40907
-0.85756 0.40577
-0.85714 0.40178
-0.85653 0.39738
-0.85346 0.39461
-0.84946 0.39230
-0.84428 0.39005
-0.84235 0.38607
-0.83637 0.37029
-0.82913 0.36320
-0.81850 0.35579
-0.81713 0.35208
-0.81400 0.34539
-0.81393 0.34524
-0.81180 0.34315
-0.80836 0.34081
-0.80609 0.33976
-0.80269 0.33490
-0.80233 0.33436
-0.79710 0.33101
-0.79520 0.32756
-0.78982 0.31811
-0.78968 0.31789
-0.78767 0.31340
-0.78563 0.31063
-0.78343 0.30821
-0.78018 0.30969
-0.77793 0.31117
-0.77258 0.31021
-0.76854 0.30708
-0.76613 0.30278
-0.76573 0.29534
-0.76205 0.28666
-0.76196 0.28643
-0.75748 0.28583
-0.75449 0.28373
-0.75151 0.28272
-0.74965 0.27930
-0.74816 0.27669
-0.74395 0.27360
-0.73594 0.26846
-0.73594 0.26846
-0.73239 0.26724
-0.73055 0.26531
-0.72896 0.26013
-0.72925 0.25985
-0.72830 0.25739
-0.72043 0.25090
-0.71855 0.24980
-0.71474 0.24657
-0.70940 0.24370
-0.70574 0.24195
-0.70340 0.24032
-0.70176 0.23623
-0.70133 0.23277
-0.70094 0.23101
-0.69887 0.22796
-0.69480 0.22685
-0.68978 0.22566
-0.68461 0.22427
-0.68082 0.22252
-0.67948 0.22067
-0.67736 0.21849
-0.67531 0.21504
-0.67289 0.21229
-0.67072 0.20912
-0.66839 0.20659
-0.66512 0.20433
-0.66187 0.20226
-0.65729 0.19990
-0.65264 0.19766
-0.64950 0.19489
-0.64674 0.19217
-0.64396 0.18972
-0.64008 0.18800
-0.63533 0.18709
-0.63172 0.18598
-0.62993 0.18477
-0.62893 0.18398
-0.62639 0.18163
-0.62410 0.17809
-0.61963 0.17526
-0.61585 0.16893
-0.61174 0.16477
-0.60798 0.16298
-0.60396 0.16294
-0.59997 0.16211
-0.59621 0.16107
-0.59205 0.15927
-0.58784 0.15654
-0.58601 0.15264
-0.58416 0.15112
-0.57928 0.15057
-0.57595 0.14893
-0.57392 0.14714
-0.57142 0.14326
-0.56936 0.13906
-0.56646 0.13764
-0.56530 0.13820
-0.56057 0.13808
-0.55543 0.13949
-0.55082 0.13577
-0.54980 0.13130
-0.54593 0.12655
-0.54236 0.12289
-0.53959 0.12153
-0.53586 0.12369
-0.53261 0.12677
-0.53001 0.12698
-0.52803 0.12655
-0.52411 0.12309
-0.51979 0.11986
-0.51618 0.11727
-0.51249 0.11400
-0.50824 0.11152
-0.50674 0.10903
-0.50416 0.10783
-0.50076 0.10768
-0.49771 0.10523
-0.49608 0.10273
-0.49239 0.10191
-0.48519 0.09959
-0.48163 0.09807
-0.47868 0.09891
-0.47704 0.09574
-0.47574 0.09439
-0.47155 0.09221
-0.46704 0.09295
-0.46014 0.09122
-0.45485 0.08750
-0.44929 0.08520
-0.44437 0.08108
-0.44136 0.07614
-0.43470 0.07699
-0.42897 0.07996
-0.42765 0.08005
-0.42381 0.07957
-0.41954 0.07885
-0.41575 0.07740
-0.41141 0.07529
-0.40677 0.07153
-0.40356 0.06852
-0.40149 0.06410
-0.39872 0.06176
-0.39569 0.06039
-0.39020 0.06466
-0.39006 0.06476
-0.38725 0.06515
-0.37410 0.05921
-0.36970 0.05244
-0.36167 0.04779
-0.36123 0.04751
-0.35756 0.04726
-0.35355 0.04587
-0.35137 0.04886
-0.34906 0.05021
-0.33755 0.04312
-0.32694 0.03610
-0.32694 0.03610
-0.32293 0.03529
-0.32000 0.03758
-0.31917 0.03783
-0.31219 0.03605
-0.30806 0.03526
-0.30012 0.03561
-0.29255 0.03672
-0.28781 0.03042
-0.28765 0.03028
-0.28560 0.02622
-0.28437 0.02400
-0.27936 0.02227
-0.27924 0.02221
-0.27003 0.02363
-0.26983 0.02364
-0.26453 0.02170
-0.25818 0.02343
-0.25341 0.02325
-0.25109 0.02134
-0.24546 0.01607
-0.24043 0.01611
-0.23456 0.01431
-0.23048 0.01378
-0.22388 0.01373
-0.22388 0.01373
-0.21932 0.01464
-0.21480 0.01620
-0.21176 0.01509
-0.20816 0.01353
-0.20461 0.01213
-0.20050 0.01101
-0.19695 0.00966
-0.19133 0.00848
-0.18675 0.00720
-0.18239 0.00678
-0.17872 0.00628
-0.17792 0.00669
-0.17571 0.00722
-0.17166 0.00711
-0.16646 0.00681
-0.16240 0.00663
-0.15550 0.00424
-0.14923 0.00436
-0.14619 0.00463
-0.14371 0.00449
-0.14202 0.00399
-0.13883 0.00351
-0.13564 0.00316
-0.13145 0.00389
-0.12779 0.00230
-0.12215 0.00158
-0.11657 0.00184
-0.11071 0.00094
-0.10753 0.00002
-0.10645 -0.00228
-0.10289 -0.00283
-0.10007 -0.00238
-0.09701 -0.00192
-0.09248 -0.00056
-0.08625 0.00109
-0.08014 0.00172
-0.07407 0.00048
-0.07086 -0.00028
-0.07004 -0.00185
-0.06737 -0.00327
-0.06605 -0.00312
-0.06212 -0.00252
-0.05901 -0.00393
-0.05486 -0.00199
-0.05052 -0.00122
-0.04488 -0.00064
-0.04140 -0.00057
-0.03747 -0.00105
-0.03254 -0.00180
-0.02616 -0.00260
-0.02160 -0.00211
-0.01990 -0.00084
-0.01744 -0.00046
-0.01672 -0.00032
-0.01362 0.00065
-0.01004 0.00144
-0.00617 0.00369
-0.00521 0.00465
-0.00829 0.00395
-0.01198 0.00281
-0.01432 0.00079
-0.01696 -0.00018
-0.02054 -0.00190
-0.02180 -0.00368
-0.02016 -0.00237
-0.01868 0.00127
-0.01588 0.00349
-0.01621 0.00631
-0.01640 0.00600
-0.01563 0.00367
-0.01587 -0.00204
-0.01400 -0.00245
-0.01240 -0.00174
-0.01397 0.00036
-0.01804 0.00151
-0.01872 0.00355
-0.01808 0.00214
-0.01627 0.00118
-0.01464 0.00041
-0.01463 0.00186
-0.01473 0.00095
-0.01710 -0.00048
-0.01643 -0.00021
-0.01695 0.00068
-0.01715 -0.00034
-0.01669 0.00235
-0.01555 0.00210
-0.01435 0.00289
-0.01330 0.00335
-0.01430 0.00298
-0.01372 0.00194
-0.01382 0.00124
-0.01626 0.00060
-0.01481 -0.00029
-0.01531 0.00132
-0.01446 -0.00129
-0.01308 -0.00027
-0.01699 0.00328
-0.01756 0.00057
-0.01756 0.00050
