-0.00948 -0.00153
-0.00946 -0.00150
-0.00891 -0.00158
-0.00953 -0.00164
-0.00919 -0.00125
-0.01096 -0.00208
-0.01103 -0.00060
-0.01159 0.00069
-0.01038 0.00130
-0.01014 0.00041
-0.00983 -0.00050
-0.01019 -0.00187
-0.01253 -0.00128
-0.01146 -0.00119
-0.01114 0.00033
-0.00994 -0.00001
-0.00907 -0.00063
-0.01146 -0.00126
-0.01150 -0.00129
-0.01187 -0.00047
-0.01290 -0.00292
-0.01293 -0.00298
-0.01170 -0.00092
-0.01249 -0.00052
-0.01074 0.00038
-0.01047 0.00059
-0.00894 0.00080
-0.00800 0.00096
-0.00792 0.00052
-0.00960 0.00126
-0.01054 0.00178
-0.01061 -0.00059
-0.01290 0.00026
-0.01394 -0.00187
-0.01293 -0.00207
-0.01349 -0.00140
-0.01174 -0.00190
-0.01097 0.00063
-0.00984 0.00060
-0.01020 0.00056
-0.00949 -0.00125
-0.00985 -0.00147
-0.01051 -0.00091
-0.01069 -0.00083
-0.01076 -0.00052
-0.01346 -0.00053
-0.01434 -0.00023
-0.01294 -0.00001
-0.01199 -0.00068
-0.01134 -0.00052
-0.01082 -0.00130
-0.01032 -0.00101
-0.00979 -0.00196
-0.00959 -0.00169
-0.01068 -0.00091
-0.01148 -0.00056
-0.01162 -0.00003
-0.01240 -0.00133
-0.01367 -0.00226
-0.01348 -0.00075
-0.01135 -0.00106
-0.00744 -0.00115
-0.00192 0.00038
0.00360 0.00261
0.01005 0.00157
0.01701 0.00002
0.02384 -0.00016
0.03010 -0.00103
0.03501 -0.00076
0.03820 0.00059
0.04010 0.00081
0.04115 0.00001
0.04001 0.00033
0.04019 0.00011
0.04290 0.00133
0.04607 0.00268
0.05384 0.00390
0.06133 0.00559
0.06812 0.00752
0.07403 0.00776
0.07943 0.00746
0.08330 0.00719
0.08419 0.00633
0.08512 0.00688
0.08755 0.00795
0.09068 0.00976
0.09683 0.00869
0.10010 0.00960
0.10227 0.01045
0.10593 0.00954
0.10998 0.00875
0.11427 0.00872
0.11920 0.00929
0.12444 0.01082
0.12894 0.01314
0.13863 0.01600
0.13863 0.01600
0.14061 0.01548
0.14332 0.01639
0.14714 0.01634
0.15505 0.01652
0.15523 0.01651
0.15861 0.01757
0.16505 0.02085
0.16523 0.02093
0.16874 0.02036
0.17072 0.01866
0.17344 0.01905
0.17691 0.02081
0.18052 0.02360
0.18481 0.02495
0.18886 0.02543
0.19313 0.02532
0.19878 0.02551
0.20369 0.02619
0.20919 0.02562
0.21350 0.02634
0.21650 0.02548
0.22073 0.02454
0.22296 0.02698
0.22530 0.02863
0.22775 0.03134
0.23028 0.03321
0.23215 0.03612
0.23469 0.03805
0.23812 0.04008
0.24314 0.03840
0.24920 0.03707
0.26504 0.04268
0.27011 0.04396
0.27361 0.04632
0.27649 0.04604
0.27733 0.04751
0.28093 0.04961
0.28561 0.04967
0.28839 0.05032
0.29050 0.05312
0.29393 0.05407
0.29845 0.05510
0.30027 0.05723
0.30725 0.06100
0.30742 0.06110
0.31293 0.06313
0.31928 0.06539
0.32368 0.06346
0.32811 0.06217
0.33205 0.06171
0.33417 0.06519
0.34499 0.07517
0.34888 0.07701
0.35568 0.08079
0.35585 0.08087
0.35673 0.08013
0.35804 0.08002
0.36049 0.08064
0.37408 0.08735
0.37775 0.09127
0.38839 0.09522
0.39487 0.09359
0.40035 0.09466
0.40942 0.10115
0.40964 0.10127
0.41347 0.10338
0.41367 0.10514
0.41444 0.10465
0.41386 0.10452
0.41565 0.10479
0.41623 0.10743
0.41958 0.11136
0.42543 0.11422
0.43346 0.11670
0.43948 0.11793
0.44551 0.12042
0.44997 0.12395
0.45359 0.12751
0.45696 0.13138
0.45893 0.13058
0.46111 0.13155
0.46323 0.13049
0.46611 0.12920
0.46746 0.12916
0.46785 0.13099
0.47047 0.13236
0.47341 0.13317
0.47729 0.13556
0.48165 0.13979
0.48613 0.14354
0.48988 0.14864
0.49292 0.15310
0.49714 0.15517
0.50241 0.15680
0.50867 0.15817
0.51287 0.15949
0.51626 0.16080
0.51745 0.16258
0.51910 0.16383
0.52097 0.16575
0.52213 0.16876
0.52477 0.16953
0.52845 0.17072
0.53177 0.17014
0.53464 0.17311
0.53800 0.17638
0.54009 0.18009
0.54309 0.18225
0.54660 0.18686
0.55143 0.19141
0.55422 0.19489
0.55921 0.19791
0.56370 0.19906
0.56828 0.19956
0.57227 0.20076
0.57591 0.20255
0.57916 0.20611
0.58078 0.20797
0.58149 0.21052
0.58134 0.21270
0.58399 0.21495
0.58663 0.21567
0.59096 0.21601
0.59502 0.21786
0.59821 0.22081
0.60292 0.22397
0.60719 0.23099
0.61071 0.23744
0.61525 0.24101
0.61830 0.24285
0.62200 0.24257
0.62556 0.24358
0.62708 0.24325
0.62709 0.24528
0.63105 0.24875
0.62929 0.25123
0.63021 0.25275
0.63226 0.25409
0.63583 0.25712
0.64023 0.26212
0.64481 0.26737
0.64996 0.27054
0.65363 0.27398
0.65727 0.27603
0.66027 0.27655
0.66397 0.28010
0.66612 0.28341
0.66807 0.28663
0.66929 0.28870
0.66924 0.28937
0.67049 0.28992
0.67339 0.29073
0.67643 0.29236
0.67843 0.29356
0.68129 0.29765
0.68591 0.30363
0.69003 0.30825
0.69335 0.31156
0.69738 0.31657
0.70151 0.32124
0.70871 0.33138
0.71124 0.33261
0.71535 0.33388
0.71544 0.33394
0.71585 0.33422
0.71486 0.33502
0.72252 0.34512
0.72498 0.35110
0.73033 0.35479
0.73682 0.35813
0.74199 0.36201
0.74730 0.36626
0.74901 0.36982
0.75001 0.37387
0.75016 0.37782
0.74949 0.38059
0.75009 0.38223
0.75072 0.38287
0.75289 0.38345
0.75581 0.38398
0.75847 0.38613
0.76161 0.38854
0.76465 0.39219
0.76802 0.39833
0.77134 0.40392
0.77421 0.40985
0.77729 0.41642
0.78058 0.42101
0.78369 0.42621
0.78543 0.42712
0.78585 0.42706
0.78708 0.42760
0.78727 0.42946
0.78907 0.43117
0.79121 0.43517
0.79463 0.43570
0.79802 0.43769
0.79979 0.43894
0.80311 0.44328
0.80642 0.44986
0.81092 0.46231
0.81309 0.46319
0.81411 0.46419
0.81673 0.46687
0.81940 0.47139
0.82573 0.48100
0.82727 0.48665
0.83063 0.48905
0.83439 0.49454
0.83325 0.49376
0.83410 0.49567
0.83746 0.50054
0.83955 0.50379
0.84192 0.51089
0.84429 0.51624
0.85051 0.52652
0.85064 0.52678
0.85315 0.52954
0.85434 0.53250
0.85719 0.53902
0.85726 0.53919
0.85693 0.54255
0.85811 0.54412
0.85992 0.54489
0.86211 0.54503
0.86248 0.54624
0.86422 0.55042
0.86603 0.55646
0.86854 0.56210
0.87208 0.56878
0.87549 0.57560
0.87797 0.58018
0.87954 0.58385
0.88136 0.58751
0.88262 0.58978
0.88354 0.59274
0.88451 0.59424
0.88330 0.59644
0.88486 0.60041
0.88837 0.60337
0.89299 0.60697
0.89645 0.61054
0.89691 0.61460
0.89689 0.62012
0.89744 0.62562
0.89815 0.63167
0.89993 0.63621
0.90170 0.63905
0.90359 0.63895
0.90408 0.63955
0.90471 0.64073
0.90684 0.64213
0.90818 0.64740
0.90854 0.65291
0.90853 0.65653
0.91075 0.66023
0.91257 0.66406
0.91490 0.66668
0.91704 0.67192
0.91871 0.67579
0.91967 0.67694
0.92038 0.68196
0.92244 0.68881
0.92254 0.69207
0.92364 0.69540
0.92665 0.70025
0.92828 0.70424
0.92860 0.70782
0.92764 0.71095
0.92770 0.71450
0.92788 0.71838
0.92956 0.72302
0.93136 0.72732
0.93480 0.73121
0.93645 0.73444
0.93694 0.73894
0.93759 0.73997
0.93772 0.74144
0.93856 0.74435
0.93988 0.74809
0.94235 0.75147
0.94488 0.75559
0.94584 0.76003
0.94632 0.76381
0.94663 0.76840
0.94808 0.77244
0.94844 0.77553
0.94946 0.78002
0.94657 0.78377
0.94715 0.78828
0.94995 0.79197
0.95300 0.79618
0.95343 0.79886
0.95409 0.80370
0.95485 0.80740
0.95416 0.80813
0.95595 0.81305
0.95857 0.81684
0.96164 0.82208
0.96173 0.82646
0.96119 0.82871
0.96021 0.83444
0.95871 0.83603
0.96258 0.83877
0.96522 0.84227
0.96711 0.84671
0.96636 0.85150
0.96447 0.85598
0.96507 0.86192
0.96489 0.86699
0.96450 0.87084
0.96681 0.87356
0.97025 0.87512
0.97127 0.87506
0.96887 0.87508
0.96708 0.88016
0.96947 0.88728
0.97110 0.89267
0.97199 0.89762
0.97169 0.90264
0.97074 0.90749
0.97252 0.91259
0.97398 0.91687
0.97507 0.91965
0.97580 0.92208
0.97500 0.92449
0.97469 0.92780
0.97396 0.92982
0.97439 0.93112
0.97565 0.93533
0.97569 0.93941
0.97523 0.94412
0.97497 0.94803
0.97550 0.95247
0.97646 0.95858
0.97722 0.96444
0.97786 0.97065
0.97856 0.97679
0.98046 0.98108
0.97893 0.98154
0.97870 0.98353
0.97844 0.98647
0.97856 0.99026
0.97979 0.99477
0.98070 0.99939
0.97999 1.00454
0.97747 1.01355
0.97744 1.01378
0.97860 1.01689
0.97852 1.02055
0.97994 1.03035
0.98030 1.03992
0.98031 1.04015
0.97874 1.04504
0.97947 1.04651
0.97870 1.05116
0.97872 1.05502
0.97875 1.05722
0.97917 1.06184
0.98103 1.06707
0.98316 1.07146
0.98062 1.07283
0.97660 1.08604
0.97729 1.09063
0.97782 1.09719
0.97624 1.10003
0.97383 1.10302
0.97282 1.11735
0.97218 1.12064
0.97252 1.12435
0.97434 1.12877
0.97309 1.13526
0.97165 1.13978
0.97159 1.15411
0.97309 1.15742
0.97031 1.16196
0.96841 1.16413
0.96851 1.16723
0.96740 1.16869
0.96749 1.17031
0.96804 1.17306
0.96786 1.17814
0.96596 1.18282
0.96502 1.18715
0.96227 1.19137
0.96132 1.19340
0.96025 1.19649
0.96101 1.20149
0.96413 1.20917
0.96342 1.21471
0.96291 1.21724
0.96035 1.21945
0.95904 1.22727
0.95841 1.23113
0.95756 1.22873
0.95792 1.22477
0.95788 1.22411
0.95382 1.22767
0.95328 1.23566
0.95231 1.24410
0.95154 1.24886
0.95227 1.25392
0.95257 1.25938
0.95116 1.26609
0.94818 1.26814
0.94716 1.27235
0.94790 1.27575
0.94779 1.27932
0.94754 1.28062
0.94521 1.28325
0.94175 1.28337
0.93973 1.28541
0.93922 1.28725
0.93872 1.29217
0.93936 1.29801
0.93954 1.30545
0.93752 1.31340
0.93601 1.32094
0.93570 1.32475
0.93236 1.32656
0.93064 1.32877
0.92950 1.33150
0.92897 1.33532
0.92948 1.33873
0.92861 1.34222
0.92561 1.34690
0.92396 1.35171
0.92310 1.35639
0.92293 1.36073
0.92096 1.36425
0.91793 1.36821
0.91634 1.37039
0.91611 1.37308
0.91495 1.37582
0.91576 1.38039
0.91494 1.38227
0.91359 1.38551
0.91016 1.39027
0.90555 1.39730
0.90318 1.40263
0.90422 1.40931
0.90731 1.41192
0.90797 1.41401
0.90542 1.41629
0.90011 1.41935
0.89472 1.42294
0.89477 1.42546
0.89575 1.42979
0.89553 1.43233
0.89424 1.43690
0.89180 1.44040
0.88988 1.44544
0.88822 1.45103
0.88705 1.45617
0.88631 1.46035
0.88511 1.46197
0.88442 1.46273
0.88289 1.46712
0.88068 1.47107
0.87991 1.47425
0.87712 1.47844
0.87599 1.48271
0.87011 1.48490
0.86936 1.48699
0.86753 1.48849
0.86785 1.49463
0.86606 1.49942
0.86502 1.50550
0.86143 1.50731
0.85953 1.50865
0.85902 1.51232
0.85922 1.51710
0.85766 1.52155
0.85501 1.52588
0.85275 1.52841
0.84855 1.52962
0.84537 1.53210
0.84400 1.53437
0.84347 1.53775
0.84290 1.54073
0.84241 1.54530
0.83960 1.55278
0.83582 1.55806
0.83517 1.56291
0.83077 1.57372
0.83065 1.57399
0.82920 1.57427
0.82805 1.57216
0.82626 1.57089
0.82366 1.57040
0.82122 1.57384
0.81739 1.57810
0.81305 1.58319
0.81064 1.58799
0.80984 1.59201
0.80797 1.59635
0.80491 1.60127
0.80414 1.60410
0.80226 1.60722
0.79700 1.61852
0.79383 1.62013
0.79373 1.62020
0.79060 1.62125
0.78533 1.62409
0.78365 1.62925
0.78080 1.63234
0.77904 1.63688
0.77739 1.64103
0.77610 1.64449
0.77325 1.64621
0.76995 1.64865
0.76906 1.65004
0.76715 1.65216
0.76295 1.66270
0.76283 1.66294
0.76026 1.66653
0.75758 1.66691
0.75350 1.66928
0.75196 1.67163
0.75017 1.67297
0.74781 1.67764
0.74369 1.68084
0.74047 1.68285
0.73701 1.68941
0.73701 1.68941
0.73458 1.69450
0.73381 1.69816
0.73088 1.70353
0.72904 1.70721
0.72620 1.70873
0.72364 1.70936
0.72025 1.70982
0.71620 1.71189
0.71223 1.71463
0.70959 1.71722
0.70698 1.72129
0.70564 1.72513
0.70292 1.72846
0.70057 1.73153
0.69961 1.73416
0.69698 1.73720
0.69385 1.73913
0.69038 1.74101
0.68772 1.74371
0.68401 1.74549
0.68213 1.74770
0.67941 1.74931
0.67571 1.75327
0.67192 1.75487
0.66958 1.75655
0.66669 1.76077
0.66523 1.76455
0.66245 1.76696
0.65963 1.77127
0.65734 1.77521
0.65571 1.77866
0.65290 1.78239
0.64857 1.78547
0.64403 1.78639
0.63999 1.78632
0.63730 1.78649
0.63687 1.78724
0.63590 1.78863
0.63235 1.79432
0.63068 1.79836
0.62707 1.80350
0.62309 1.80532
0.61746 1.80864
0.61155 1.81170
0.61020 1.81365
0.60954 1.81661
0.61074 1.81685
0.60694 1.81891
0.60197 1.82081
0.59582 1.82464
0.58968 1.82862
0.58717 1.83247
0.58549 1.83532
0.58479 1.83826
0.58134 1.84008
0.58007 1.84150
0.57721 1.84385
0.57340 1.84308
0.57020 1.84305
0.56734 1.84337
0.56438 1.84468
0.56012 1.84641
0.55862 1.85015
0.55566 1.85284
0.55175 1.85595
0.54974 1.86130
0.54654 1.86607
0.54148 1.86982
0.53557 1.87184
0.53080 1.87261
0.52771 1.87303
0.52702 1.87625
0.52428 1.87764
0.52168 1.87936
0.51687 1.88093
0.51391 1.88237
0.51285 1.88641
0.50827 1.88996
0.50396 1.89228
0.49927 1.89472
0.49589 1.89603
0.49358 1.89698
0.49142 1.89912
0.48796 1.89971
0.48611 1.90270
0.48233 1.90748
0.47970 1.90998
0.47677 1.91066
0.47275 1.91125
0.46915 1.91180
0.46473 1.91454
0.46121 1.91646
0.45828 1.91840
0.45584 1.91896
0.45297 1.92131
0.44866 1.92503
0.44387 1.92638
0.44043 1.92883
0.43363 1.93446
0.43346 1.93461
0.43147 1.93586
0.42794 1.93643
0.42457 1.93673
0.42049 1.93657
0.41662 1.93855
0.41650 1.93861
0.41419 1.94022
0.41085 1.94317
0.40642 1.94516
0.40156 1.94711
0.39798 1.94914
0.39343 1.95088
0.38322 1.95922
0.37610 1.96181
0.37592 1.96190
0.37439 1.96255
0.37095 1.96761
0.36285 1.96785
0.36265 1.96789
0.35919 1.96703
0.34848 1.97092
0.34823 1.97098
0.34474 1.97281
0.34091 1.97554
0.33775 1.97896
0.33282 1.98130
0.33268 1.98138
0.32905 1.98224
0.32555 1.98177
0.32156 1.98382
0.31937 1.98723
0.31147 1.98762
0.31129 1.98764
0.30629 1.98754
0.30587 1.98819
0.30279 1.99127
0.29844 1.99412
0.28872 1.99335
0.28789 1.99290
0.28504 1.99364
0.28218 1.99406
0.27950 1.99692
0.27554 1.99922
0.27332 2.00184
0.26282 2.00463
0.26255 2.00469
0.25818 2.00520
0.25439 2.00608
0.25030 2.00867
0.24802 2.01030
0.24183 2.01189
0.24168 2.01192
0.23842 2.01218
0.23398 2.01302
0.22865 2.01223
0.22712 2.01332
0.22484 2.01354
0.22153 2.01481
0.21668 2.01576
0.21215 2.01738
0.20678 2.01925
0.20199 2.02089
0.19829 2.02095
0.19818 2.02097
0.19393 2.02291
0.18835 2.02625
0.18352 2.02966
0.17780 2.02996
0.17765 2.02999
0.17392 2.02864
0.17078 2.02786
0.16764 2.02643
0.16441 2.02900
0.15995 2.02974
0.15458 2.03028
0.14752 2.03150
0.14327 2.03203
0.13816 2.03504
0.13375 2.03842
0.13184 2.04000
0.13079 2.04007
0.12832 2.03757
0.12507 2.03674
0.12065 2.03617
0.11596 2.03387
0.11199 2.03492
0.10806 2.03631
0.10467 2.03679
0.10094 2.03950
0.09675 2.04133
0.09133 2.04313
0.08803 2.04534
0.08527 2.04665
0.08060 2.04644
0.07550 2.04571
0.07027 2.04430
0.06556 2.04438
0.06447 2.04477
0.05981 2.04642
0.05737 2.04900
0.05331 2.04957
0.05159 2.04930
0.04588 2.04608
0.04042 2.04809
0.03614 2.04962
0.03177 2.04916
0.02870 2.04948
0.02496 2.04904
0.01931 2.04938
0.01509 2.05028
0.01166 2.05206
0.00981 2.05231
0.00604 2.05067
0.00191 2.05048
-0.00115 2.04950
-0.00500 2.04756
-0.00982 2.04845
-0.01550 2.05120
-0.02008 2.05184
-0.02391 2.05353
-0.02694 2.05458
-0.03084 2.05327
-0.03395 2.05061
-0.03843 2.04990
-0.04380 2.04835
-0.04896 2.04924
-0.05161 2.04936
-0.05590 2.04964
-0.06011 2.05093
-0.06318 2.05287
-0.06571 2.05518
-0.07043 2.05536
-0.07609 2.05355
-0.08059 2.04955
-0.08389 2.04790
-0.08603 2.04874
-0.08909 2.05049
-0.09401 2.05320
-0.09666 2.05207
-0.09877 2.05083
-0.10270 2.04958
-0.10935 2.04906
-0.11857 2.04992
-0.12181 2.04970
-0.12248 2.04881
-0.12290 2.04743
-0.12693 2.04700
-0.13281 2.04533
-0.13870 2.04626
-0.14184 2.04752
-0.14983 2.04817
-0.15155 2.04546
-0.15354 2.04652
-0.15849 2.04530
-0.15894 2.04437
-0.16083 2.04742
-0.16635 2.04720
-0.17065 2.04716
-0.17563 2.04690
-0.18653 2.04047
-0.19099 2.04066
-0.20008 2.03877
-0.20029 2.03871
-0.20254 2.03767
-0.20472 2.03816
-0.20799 2.04023
-0.21261 2.03857
-0.21491 2.03758
-0.21980 2.03683
-0.22476 2.03445
-0.23056 2.03389
-0.24377 2.03044
-0.24933 2.03157
-0.24948 2.03157
-0.25129 2.03120
-0.25846 2.03084
-0.25864 2.03084
-0.26329 2.03063
-0.27094 2.02588
-0.27112 2.02579
-0.27327 2.02429
-0.28581 2.02249
-0.28860 2.02245
-0.28977 2.02513
-0.29788 2.02090
-0.29808 2.02082
-0.30105 2.01788
-0.30513 2.01451
-0.31106 2.01190
-0.31633 2.01207
-0.31837 2.01460
-0.32155 2.01549
-0.33339 2.01492
-0.33833 2.01283
-0.34478 2.00954
-0.34898 2.00813
-0.35136 2.00694
-0.35549 2.00672
-0.35549 2.00672
-0.35984 2.00736
-0.36961 1.99865
-0.37217 1.99775
-0.37628 1.99774
-0.38201 1.99701
-0.38642 1.99669
-0.39395 1.99338
-0.39414 1.99330
-0.39724 1.99170
-0.40072 1.99045
-0.40389 1.98767
-0.40778 1.98544
-0.41212 1.98368
-0.41684 1.98279
-0.42018 1.98262
-0.42172 1.98372
-0.42576 1.98216
-0.42953 1.98147
-0.43355 1.98054
-0.43625 1.97762
-0.44081 1.97497
-0.44670 1.97164
-0.45016 1.97061
-0.45318 1.96789
-0.45411 1.96383
-0.45537 1.96069
-0.45807 1.95989
-0.46020 1.96012
-0.46396 1.96089
-0.46708 1.96035
-0.47170 1.95702
-0.47919 1.95351
-0.48394 1.95022
-0.48923 1.94739
-0.49358 1.94681
-0.49572 1.94747
-0.49706 1.94808
-0.49926 1.94805
-0.50319 1.94605
-0.50660 1.94371
-0.51101 1.94122
-0.51465 1.93733
-0.51903 1.93436
-0.52175 1.93230
-0.52214 1.93249
-0.52357 1.93095
-0.52709 1.93144
-0.52942 1.92882
-0.53494 1.92630
-0.54031 1.92244
-0.54329 1.92043
-0.54847 1.91838
-0.55206 1.91904
-0.55672 1.92048
-0.55958 1.91899
-0.56278 1.91493
-0.56664 1.90954
-0.56979 1.90606
-0.57370 1.90339
-0.57721 1.90183
-0.58146 1.89920
-0.58524 1.89860
-0.58796 1.89737
-0.58985 1.89741
-0.59256 1.89558
-0.59533 1.89255
-0.59874 1.89072
-0.60278 1.88917
-0.60595 1.88702
-0.61028 1.88491
-0.61324 1.88198
-0.61638 1.87753
-0.62074 1.87584
-0.62309 1.87656
-0.62591 1.87401
-0.62856 1.87302
-0.63050 1.87177
-0.63294 1.86737
-0.63515 1.86464
-0.63954 1.86243
-0.64410 1.86045
-0.64856 1.85800
-0.65282 1.85685
-0.65456 1.85559
-0.65593 1.85223
-0.65701 1.84623
-0.66175 1.84207
-0.66629 1.84050
-0.66993 1.83898
-0.67519 1.83856
-0.67961 1.83719
-0.68419 1.83540
-0.68683 1.83272
-0.68854 1.83029
-0.69003 1.82753
-0.69263 1.82366
-0.69552 1.82067
-0.69852 1.81994
-0.70284 1.81744
-0.70492 1.81663
-0.70719 1.81629
-0.71034 1.81310
-0.71528 1.80764
-0.71923 1.80450
-0.72224 1.80166
-0.72324 1.79989
-0.72737 1.79840
-0.72647 1.79511
-0.72765 1.79117
-0.73156 1.78792
-0.73553 1.78577
-0.73879 1.78329
-0.74197 1.78087
-0.74608 1.77861
-0.75247 1.77288
-0.75262 1.77276
-0.75449 1.77111
-0.76213 1.76446
-0.76232 1.76430
-0.76478 1.76152
-0.76672 1.76097
-0.77196 1.75794
-0.77210 1.75787
-0.77388 1.75787
-0.77769 1.75367
-0.78516 1.73437
-0.79099 1.72981
-0.79128 1.72952
-0.79439 1.72992
-0.79750 1.72814
-0.79758 1.72809
-0.79986 1.72602
-0.80673 1.71982
-0.80688 1.71970
-0.81131 1.71690
-0.81387 1.71423
-0.81816 1.71203
-0.82020 1.71020
-0.82418 1.70405
-0.82429 1.70390
-0.82525 1.70061
-0.82591 1.69715
-0.83144 1.69085
-0.83156 1.69068
-0.83472 1.68828
-0.83898 1.68504
-0.84094 1.67907
-0.84101 1.67892
-0.84286 1.67550
-0.84699 1.67014
-0.84710 1.67001
-0.84922 1.66736
-0.85605 1.65753
-0.86073 1.64730
-0.86432 1.64389
-0.86908 1.63920
-0.87381 1.63497
-0.87607 1.63377
-0.87600 1.63141
-0.87755 1.62972
-0.87953 1.62762
-0.88220 1.62611
-0.88631 1.62609
-0.89093 1.62543
-0.89330 1.62229
-0.89523 1.61856
-0.89740 1.61272
-0.90065 1.60757
-0.90148 1.60190
-0.90135 1.59765
-0.89990 1.59520
-0.89988 1.59492
-0.90183 1.59255
-0.90393 1.58904
-0.90350 1.58442
-0.90570 1.57839
-0.91067 1.57223
-0.91561 1.56675
-0.91855 1.56329
-0.92212 1.56090
-0.92646 1.55983
-0.92796 1.56028
-0.93067 1.56003
-0.93164 1.55707
-0.93261 1.55260
-0.93639 1.54765
-0.93874 1.54276
-0.93931 1.53881
-0.94043 1.53699
-0.93896 1.53492
-0.94030 1.52783
-0.94148 1.52298
-0.94303 1.51886
-0.94348 1.51374
-0.94648 1.51132
-0.94991 1.51011
-0.95291 1.51014
-0.95670 1.50857
-0.95736 1.50464
-0.95892 1.49916
-0.95924 1.49401
-0.96075 1.49079
-0.96325 1.48698
-0.96828 1.48441
-0.97068 1.48204
-0.97032 1.48125
-0.97004 1.47883
-0.96963 1.47551
-0.97034 1.46934
-0.97304 1.46312
-0.97635 1.45706
-0.97965 1.45001
-0.98260 1.44575
-0.98357 1.44295
-0.98324 1.44176
-0.98333 1.44114
-0.98507 1.44130
-0.98596 1.43743
-0.98903 1.43182
-0.98998 1.42585
-0.99219 1.41928
-0.99174 1.41424
-0.99324 1.41040
-0.99543 1.40651
-0.99793 1.40190
-1.00026 1.39936
-1.00338 1.39788
-1.00432 1.39698
-1.00432 1.39400
-1.00545 1.39092
-1.00606 1.38693
-1.00927 1.38170
-1.01288 1.37756
-1.01565 1.37278
-1.01828 1.36888
-1.01743 1.36579
-1.01701 1.36411
-1.01689 1.36079
-1.01811 1.35621
-1.01724 1.34989
-1.01820 1.34773
-1.01939 1.34508
-1.02146 1.34255
-1.02320 1.33806
-1.02637 1.33245
-1.02694 1.32783
-1.02802 1.32322
-1.02964 1.32054
-1.03046 1.31888
-1.02842 1.31509
-1.03284 1.31230
-1.03465 1.30837
-1.03792 1.30231
-1.03965 1.29649
-1.03941 1.29299
-1.03764 1.28764
-1.03776 1.28468
-1.04023 1.28353
-1.04251 1.28048
-1.04564 1.27868
-1.04732 1.27418
-1.04715 1.27048
-1.04733 1.26846
-1.04650 1.26445
-1.04795 1.25984
-1.04865 1.25523
-1.05005 1.25160
-1.05109 1.24827
-1.05122 1.24241
-1.05120 1.24225
-1.05115 1.24023
-1.05118 1.23610
-1.05180 1.23020
-1.05471 1.22371
-1.05589 1.21851
-1.05585 1.21424
-1.05657 1.20992
-1.05800 1.20413
-1.05802 1.20399
-1.05708 1.20124
-1.06091 1.19343
-1.06222 1.19061
-1.06241 1.18736
-1.06327 1.18063
-1.06728 1.16390
-1.06517 1.16218
-1.06514 1.16067
-1.06546 1.16030
-1.06579 1.15900
-1.06854 1.15462
-1.07136 1.15000
-1.06994 1.14407
-1.06964 1.13652
-1.06812 1.13291
-1.06637 1.12855
-1.06738 1.12803
-1.06861 1.12536
-1.06895 1.12058
-1.06820 1.10367
-1.07021 1.09886
-1.07066 1.09642
-1.07374 1.09321
-1.07221 1.08826
-1.07333 1.08728
-1.07420 1.08437
-1.07230 1.06967
-1.07225 1.06473
-1.07222 1.06269
-1.07147 1.05919
-1.07079 1.05419
-1.07165 1.04971
-1.07264 1.04689
-1.07277 1.04445
-1.07159 1.04281
-1.07078 1.03956
-1.07187 1.03515
-1.07390 1.03035
-1.07480 1.02651
-1.07484 1.02288
-1.07375 1.02056
-1.07169 1.01803
-1.06931 1.01547
-1.06830 1.01174
-1.06913 1.00540
-1.06846 0.99958
-1.06951 0.99455
-1.07130 0.98831
-1.07172 0.98451
-1.07283 0.97979
-1.07355 0.97632
-1.07177 0.97119
-1.07119 0.96671
-1.07078 0.96450
-1.06976 0.96154
-1.06926 0.96086
-1.06649 0.95879
-1.06548 0.95507
-1.06644 0.95123
-1.07072 0.94717
-1.06882 0.94183
-1.06749 0.93506
-1.06415 0.92975
-1.06486 0.92387
-1.06544 0.91849
-1.06647 0.91684
-1.06670 0.91414
-1.06715 0.91144
-1.06690 0.90920
-1.06640 0.90564
-1.06373 0.90258
-1.06250 0.89853
-1.06072 0.89687
-1.06117 0.89128
-1.06301 0.88641
-1.06363 0.88366
-1.06424 0.88075
-1.06269 0.87725
-1.06102 0.87248
-1.05825 0.86712
-1.05554 0.86118
-1.05454 0.85661
-1.05526 0.85199
-1.05847 0.84936
-1.05971 0.84765
-1.05868 0.84557
-1.05579 0.84243
-1.05338 0.83880
-1.05312 0.83528
-1.05315 0.82904
-1.05383 0.82330
-1.05394 0.81786
-1.05279 0.81494
-1.05144 0.81241
-1.04990 0.80920
-1.04861 0.80701
-1.04721 0.80457
-1.04488 0.80094
-1.04472 0.79699
-1.04454 0.79085
-1.04272 0.78698
-1.04261 0.78465
-1.04086 0.78201
-1.03923 0.77795
-1.03808 0.77402
-1.03898 0.77032
-1.04043 0.76443
-1.04180 0.75925
-1.04158 0.75429
-1.03933 0.75062
-1.03638 0.74786
-1.03372 0.74555
-1.02965 0.74406
-1.02671 0.74018
-1.02749 0.73424
-1.02904 0.72960
-1.02897 0.72465
-1.02949 0.72183
-1.02615 0.71715
-1.02301 0.71315
-1.01772 0.71052
-1.01586 0.70821
-1.01524 0.70475
-1.01502 0.70036
-1.01871 0.69638
-1.01076 0.68463
-1.00924 0.68002
-1.01006 0.67031
-1.01007 0.67006
-1.00871 0.66741
-1.00690 0.66255
-1.00319 0.65845
-0.99754 0.64998
-0.99795 0.64580
-0.99795 0.64569
-0.99741 0.64042
-0.99473 0.63586
-0.98664 0.62424
-0.98534 0.62239
-0.98399 0.61938
-0.98381 0.61435
-0.98518 0.60870
-0.98325 0.60326
-0.98066 0.59839
-0.97092 0.59172
-0.97100 0.58862
-0.97180 0.58615
-0.97092 0.58352
-0.96746 0.57847
-0.96446 0.57260
-0.96274 0.55754
-0.96154 0.55426
-0.95868 0.55298
-0.95473 0.55050
-0.94992 0.54652
-0.94781 0.54165
-0.94705 0.53588
-0.94716 0.53255
-0.94660 0.52879
-0.94454 0.52536
-0.94055 0.52383
-0.93720 0.52258
-0.93587 0.52027
-0.93414 0.51666
-0.93197 0.51238
-0.93050 0.50784
-0.92821 0.50240
-0.92490 0.49744
-0.92408 0.49474
-0.92113 0.49227
-0.91948 0.49086
-0.91511 0.48793
-0.91436 0.48098
-0.91516 0.47523
-0.91512 0.47153
-0.91329 0.46804
-0.90815 0.46566
-0.90285 0.46179
-0.89984 0.45987
-0.89791 0.45831
-0.89846 0.45573
-0.89564 0.45281
-0.89498 0.44826
-0.89257 0.44235
-0.89074 0.43969
-0.88894 0.43678
-0.88499 0.43520
-0.88176 0.42805
-0.87836 0.42667
-0.88014 0.42395
-0.87827 0.42266
-0.87583 0.42055
-0.87119 0.41595
-0.86810 0.41070
-0.86468 0.40559
-0.86236 0.40117
-0.86112 0.39841
-0.85974 0.39674
-0.85895 0.39435
-0.85764 0.39332
-0.85534 0.39126
-0.85206 0.38811
-0.84856 0.38431
-0.84625 0.38092
-0.84402 0.37835
-0.84058 0.37043
-0.83858 0.36344
-0.83625 0.35703
-0.83247 0.35351
-0.82946 0.35380
-0.82641 0.35536
-0.82400 0.36095
-0.82305 0.36451
-0.82040 0.36422
-0.81667 0.36173
-0.81311 0.35366
-0.81088 0.34504
-0.80995 0.33671
-0.80759 0.33062
-0.80665 0.32730
-0.80373 0.32821
-0.79877 0.32908
-0.79510 0.32974
-0.79308 0.32784
-0.79240 0.32319
-0.79018 0.31760
-0.78701 0.31404
-0.78308 0.31052
-0.77905 0.31017
-0.77667 0.30914
-0.77551 0.30578
-0.77304 0.30315
-0.77018 0.29860
-0.76633 0.29476
-0.76190 0.29256
-0.75969 0.28968
-0.75652 0.28710
-0.75657 0.28591
-0.75578 0.28455
-0.75439 0.28377
-0.74962 0.27831
-0.74367 0.26671
-0.74120 0.26301
-0.73980 0.26120
-0.73684 0.26034
-0.73401 0.26040
-0.73026 0.25815
-0.72706 0.25761
-0.72373 0.25958
-0.71916 0.26018
-0.71757 0.25915
-0.71619 0.25697
-0.71306 0.25237
-0.71008 0.24682
-0.70826 0.24182
-0.70527 0.23761
-0.70239 0.23394
-0.69790 0.23058
-0.69343 0.22866
-0.69159 0.22666
-0.68798 0.22346
-0.68685 0.22067
-0.68361 0.21863
-0.68121 0.21589
-0.67635 0.21216
-0.66833 0.20595
-0.66814 0.20580
-0.66527 0.20282
-0.65982 0.20235
-0.65697 0.19995
-0.64429 0.19157
-0.64400 0.19138
-0.63952 0.18754
-0.63716 0.18395
-0.63697 0.18370
-0.63690 0.18104
-0.62597 0.17700
-0.62114 0.17632
-0.61610 0.17404
-0.61339 0.17016
-0.61096 0.16720
-0.60856 0.16647
-0.60815 0.16036
-0.60705 0.15996
-0.60376 0.15569
-0.59548 0.15107
-0.59525 0.15097
-0.59102 0.15060
-0.58208 0.14515
-0.57195 0.13589
-0.56767 0.13496
-0.56328 0.13328
-0.55978 0.13318
-0.55657 0.13218
-0.55409 0.13131
-0.55168 0.12890
-0.54597 0.12162
-0.54584 0.12145
-0.54471 0.11844
-0.53869 0.11633
-0.53491 0.11641
-0.52698 0.11639
-0.52677 0.11637
-0.52129 0.11390
-0.52071 0.11189
-0.51762 0.10920
-0.51452 0.10539
-0.51147 0.10489
-0.50892 0.10375
-0.50479 0.10434
-0.50228 0.10563
-0.49896 0.10285
-0.49643 0.10185
-0.49377 0.09672
-0.48919 0.09532
-0.48621 0.09346
-0.48184 0.09108
-0.47748 0.09079
-0.47590 0.08936
-0.47317 0.08902
-0.46987 0.08858
-0.46189 0.08629
-0.46175 0.08622
-0.45769 0.08872
-0.45250 0.08847
-0.44791 0.08555
-0.44367 0.08376
-0.43993 0.07911
-0.43619 0.07642
-0.43406 0.07395
-0.43259 0.07268
-0.43065 0.07136
-0.42603 0.06949
-0.42061 0.06981
-0.41621 0.06943
-0.41140 0.06791
-0.40743 0.06662
-0.40745 0.06601
-0.40481 0.06528
-0.40015 0.06347
-0.39455 0.06077
-0.39033 0.05982
-0.38531 0.05746
-0.38020 0.05670
-0.37655 0.05570
-0.37549 0.05394
-0.37329 0.05345
-0.36918 0.05539
-0.36584 0.05430
-0.36205 0.05264
-0.35783 0.04971
-0.35516 0.04809
-0.35089 0.04816
-0.34722 0.05146
-0.34363 0.05272
-0.34144 0.05206
-0.33602 0.04958
-0.33348 0.04811
-0.32943 0.04412
-0.32496 0.04136
-0.32191 0.04037
-0.31836 0.03658
-0.31317 0.03435
-0.30924 0.03264
-0.30674 0.03246
-0.30318 0.03311
-0.29918 0.03096
-0.29484 0.02991
-0.29127 0.02641
-0.28866 0.02577
-0.28722 0.02839
-0.28285 0.02939
-0.27966 0.02929
-0.27538 0.02787
-0.27200 0.02697
-0.26672 0.02278
-0.26260 0.02176
-0.25803 0.02115
-0.25457 0.02131
-0.25154 0.02169
-0.24710 0.02230
-0.24367 0.01940
-0.24049 0.01801
-0.23743 0.01740
-0.23466 0.01824
-0.23116 0.01682
-0.22719 0.01530
-0.22262 0.01515
-0.21693 0.01458
-0.21362 0.01440
-0.21047 0.01362
-0.20848 0.01329
-0.20520 0.01032
-0.20074 0.00854
-0.19549 0.00734
-0.19107 0.00808
-0.18237 0.00750
-0.18215 0.00751
-0.17889 0.00905
-0.17561 0.00831
-0.17164 0.00896
-0.16744 0.00792
-0.16413 0.00473
-0.15582 0.00190
-0.15562 0.00183
-0.15248 0.00117
-0.14790 0.00056
-0.14302 0.00066
-0.14102 0.00293
-0.13701 0.00382
-0.13448 0.00233
-0.13048 0.00023
-0.12559 -0.00179
-0.12186 -0.00377
-0.11793 -0.00399
-0.11267 -0.00161
-0.09995 0.00103
-0.09995 0.00103
-0.09549 0.00226
-0.09513 0.00178
-0.09374 0.00077
-0.09062 -0.00225
-0.08722 -0.00216
-0.08137 -0.00096
-0.07826 -0.00092
-0.07426 -0.00252
-0.07117 -0.00444
-0.06858 -0.00641
-0.06564 -0.00705
-0.06074 -0.00650
-0.05528 -0.00632
-0.05043 -0.00522
-0.04585 -0.00398
-0.04157 -0.00191
-0.03819 -0.00124
-0.03580 -0.00015
-0.03271 -0.00069
-0.02838 -0.00148
-0.02684 -0.00200
-0.03309 -0.00210
-0.03863 -0.00303
-0.03800 -0.00277
-0.03147 -0.00185
-0.03224 -0.00200
-0.03547 -0.00391
-0.04325 -0.00526
-0.04342 -0.00528
-0.04107 -0.00408
-0.03631 -0.00201
-0.03205 0.00075
-0.02881 0.00147
-0.03198 0.00063
-0.03425 -0.00108
-0.03576 -0.00296
-0.03686 -0.00517
-0.03752 -0.00538
-0.03607 -0.00424
-0.03495 -0.00321
-0.03435 -0.00232
-0.03488 -0.00127
-0.03341 -0.00159
