-0.01061 -0.00273
-0.01062 -0.00266
-0.00937 -0.00190
-0.00854 -0.00333
-0.00677 -0.00545
-0.00754 -0.00817
-0.00923 -0.00811
-0.00994 -0.00719
-0.01095 -0.00577
-0.01159 -0.00373
-0.01123 -0.00226
-0.00982 -0.00153
-0.00852 -0.00588
-0.00686 -0.00657
-0.00707 -0.00563
-0.00721 -0.00500
-0.00728 -0.00309
-0.00807 -0.00192
-0.01026 -0.00245
-0.01001 -0.00491
-0.00748 -0.00548
-0.00706 -0.00583
-0.00654 -0.00527
-0.00701 -0.00563
-0.00834 -0.00571
-0.00872 -0.00507
-0.00933 -0.00521
-0.00986 -0.00624
-0.01069 -0.00603
-0.01114 -0.00534
-0.01079 -0.00312
-0.00860 -0.00368
-0.00874 -0.00436
-0.00811 -0.00506
-0.00796 -0.00474
-0.00861 -0.00484
-0.01024 -0.00352
-0.01127 -0.00313
-0.00938 -0.00376
-0.00955 -0.00369
-0.00894 -0.00482
-0.00883 -0.00565
-0.00792 -0.00493
-0.00892 -0.00440
-0.00956 -0.00304
-0.00845 -0.00337
-0.00895 -0.00366
-0.00923 -0.00305
-0.00958 -0.00423
-0.00980 -0.00320
-0.00850 -0.00314
-0.00737 -0.00294
-0.00853 -0.00306
-0.00902 -0.00491
-0.00948 -0.00629
-0.00725 -0.00662
-0.00642 -0.00565
-0.00772 -0.00447
-0.00957 -0.00492
-0.01061 -0.00436
-0.00903 -0.00173
-0.00250 -0.00370
0.00799 -0.00496
0.01711 -0.00619
0.02404 -0.00430
0.02730 -0.00316
0.02684 -0.00151
0.02634 0.00083
0.02908 -0.00158
0.03212 -0.00192
0.03614 -0.00115
0.04012 0.00041
0.04316 -0.00026
0.04898 -0.00019
0.05366 -0.00012
0.05581 -0.00089
0.05972 -0.00060
0.06366 -0.00154
0.06706 -0.00225
0.07095 -0.00102
0.07594 0.00050
0.07993 0.00335
0.08367 0.00518
0.08784 0.00602
0.09282 0.00546
0.09697 0.00461
0.10198 0.00266
0.10547 0.00284
0.10940 0.00593
0.11243 0.00764
0.11524 0.00975
0.11674 0.01067
0.12002 0.01082
0.12391 0.01194
0.12701 0.01259
0.13059 0.01194
0.13357 0.01278
0.14298 0.01288
0.14321 0.01288
0.15005 0.01273
0.16109 0.01316
0.16136 0.01316
0.16402 0.01487
0.16456 0.01564
0.17198 0.02147
0.17537 0.02282
0.19215 0.02767
0.19730 0.02802
0.20584 0.02784
0.20849 0.02771
0.21160 0.02704
0.21539 0.02670
0.21978 0.02734
0.22529 0.02852
0.22943 0.03024
0.23383 0.03243
0.23974 0.03482
0.23990 0.03487
0.24232 0.03682
0.25006 0.03620
0.25025 0.03620
0.25292 0.03680
0.25518 0.03710
0.25814 0.03961
0.26160 0.04240
0.27358 0.04475
0.27388 0.04480
0.27997 0.04438
0.28381 0.04547
0.28740 0.04675
0.29232 0.04896
0.29245 0.04902
0.29386 0.05007
0.29480 0.05083
0.29817 0.05307
0.30217 0.05520
0.31811 0.06489
0.32457 0.06589
0.32856 0.06613
0.33166 0.06534
0.33476 0.06621
0.33822 0.06992
0.33833 0.06999
0.34122 0.07308
0.34550 0.07350
0.34926 0.07346
0.35147 0.07478
0.35281 0.07677
0.35628 0.07811
0.36144 0.08173
0.36702 0.08284
0.37243 0.08580
0.37524 0.08832
0.37890 0.08943
0.38187 0.08965
0.38359 0.09067
0.38517 0.09142
0.38913 0.09276
0.39340 0.09478
0.39707 0.09651
0.40141 0.09910
0.40623 0.09991
0.41191 0.10168
0.41548 0.10197
0.41804 0.10265
0.41900 0.10364
0.42226 0.10785
0.42523 0.11192
0.42850 0.11667
0.43279 0.11779
0.43597 0.11761
0.44026 0.11900
0.44433 0.11929
0.44774 0.12006
0.45107 0.12140
0.45300 0.12437
0.45568 0.12828
0.45922 0.13132
0.46265 0.13267
0.46581 0.13355
0.46932 0.13561
0.47346 0.13650
0.47699 0.13872
0.48038 0.13968
0.48480 0.14226
0.48832 0.14600
0.48963 0.14768
0.49142 0.15058
0.49248 0.15228
0.49281 0.15216
0.49871 0.15492
0.50456 0.15696
0.51046 0.15947
0.51206 0.16232
0.51534 0.16454
0.51787 0.16405
0.52190 0.16461
0.52525 0.16481
0.52825 0.16996
0.53259 0.17175
0.53477 0.17575
0.53517 0.18149
0.53865 0.18396
0.54448 0.18529
0.54737 0.18649
0.55081 0.18765
0.55468 0.18932
0.55767 0.19124
0.55938 0.19287
0.56144 0.19457
0.56493 0.19471
0.56724 0.19615
0.57024 0.19510
0.57297 0.19747
0.57547 0.20142
0.57761 0.20701
0.58148 0.21606
0.58622 0.22245
0.59140 0.22538
0.59739 0.22726
0.60299 0.22774
0.60533 0.22793
0.60715 0.23049
0.60828 0.23283
0.60891 0.23542
0.60990 0.23848
0.61258 0.23884
0.61456 0.24047
0.61750 0.24003
0.62511 0.24096
0.62531 0.24103
0.62951 0.24506
0.63270 0.25240
0.63513 0.25635
0.63792 0.25876
0.64762 0.26253
0.64806 0.26276
0.65030 0.26482
0.65307 0.26598
0.65363 0.27090
0.65517 0.27379
0.65663 0.27518
0.65894 0.27940
0.66056 0.28022
0.66343 0.28112
0.66707 0.28317
0.67233 0.28773
0.67529 0.29462
0.67884 0.29935
0.68247 0.30477
0.69322 0.31064
0.69721 0.31562
0.69733 0.31575
0.69917 0.31781
0.69889 0.31764
0.70262 0.32105
0.70272 0.32113
0.70675 0.32400
0.71103 0.32875
0.71632 0.33214
0.71893 0.33446
0.72217 0.34038
0.72415 0.34776
0.72420 0.34792
0.72776 0.35123
0.73093 0.35234
0.73947 0.35993
0.74106 0.36427
0.74400 0.36698
0.74395 0.36874
0.74403 0.37230
0.74660 0.37574
0.74967 0.37798
0.75215 0.37934
0.75510 0.38187
0.75645 0.38556
0.76902 0.39789
0.77264 0.40188
0.77407 0.40897
0.77310 0.41353
0.77363 0.41167
0.77446 0.41243
0.77718 0.41352
0.78522 0.42469
0.78987 0.42973
0.79272 0.43572
0.79577 0.43795
0.79801 0.44011
0.80102 0.44047
0.80212 0.44149
0.80271 0.44462
0.80453 0.45026
0.80864 0.45285
0.81017 0.45836
0.81113 0.46149
0.81516 0.46456
0.81605 0.46762
0.81476 0.47024
0.81679 0.47255
0.82045 0.47294
0.82444 0.47641
0.82673 0.48038
0.82792 0.48534
0.82804 0.49027
0.83020 0.49603
0.83277 0.50179
0.83684 0.50406
0.83980 0.50571
0.84170 0.50661
0.84194 0.50983
0.84435 0.51331
0.84544 0.51864
0.84650 0.52175
0.84846 0.52494
0.85075 0.52734
0.85001 0.53004
0.85074 0.53470
0.85376 0.53761
0.85666 0.54220
0.86132 0.54493
0.86507 0.54695
0.86537 0.55110
0.86303 0.55609
0.86466 0.55886
0.86657 0.56383
0.87011 0.56977
0.87207 0.57404
0.87472 0.57622
0.87502 0.57800
0.87566 0.57846
0.87626 0.58159
0.87767 0.58557
0.87966 0.58996
0.88278 0.59462
0.88557 0.60025
0.88751 0.60403
0.88702 0.60856
0.88717 0.61380
0.88849 0.61711
0.89093 0.62049
0.89352 0.62305
0.89417 0.62655
0.89661 0.62837
0.89814 0.63088
0.89929 0.63409
0.90055 0.63865
0.90260 0.64261
0.90388 0.64792
0.90531 0.65045
0.90660 0.65324
0.90799 0.65565
0.90885 0.65930
0.91132 0.66641
0.91287 0.66967
0.91368 0.67354
0.91359 0.67607
0.91548 0.67804
0.91688 0.68151
0.91932 0.68702
0.92167 0.69233
0.92313 0.69549
0.92341 0.69816
0.92399 0.70015
0.92506 0.70406
0.92560 0.70823
0.92552 0.71161
0.92821 0.71353
0.92879 0.71928
0.93167 0.72469
0.93327 0.72922
0.93513 0.73385
0.93380 0.73855
0.93540 0.74225
0.93654 0.74491
0.93864 0.74869
0.93949 0.75005
0.94019 0.75404
0.94142 0.75436
0.94156 0.75660
0.94183 0.76191
0.94024 0.76775
0.94126 0.77278
0.94165 0.77640
0.94529 0.77990
0.94905 0.78053
0.95125 0.78266
0.94971 0.78979
0.94925 0.79677
0.95014 0.80260
0.95078 0.80643
0.95290 0.80996
0.95357 0.81237
0.95492 0.81540
0.95704 0.81975
0.95736 0.82401
0.95784 0.82663
0.95777 0.82834
0.95746 0.83202
0.95734 0.83539
0.95818 0.83910
0.95940 0.84376
0.96028 0.84826
0.96097 0.85205
0.96174 0.85694
0.96205 0.86169
0.96174 0.86336
0.96266 0.86649
0.96329 0.87084
0.96555 0.87604
0.96627 0.88251
0.96630 0.88269
0.96666 0.88749
0.96609 0.89177
0.96703 0.90041
0.96705 0.90064
0.96790 0.90438
0.96914 0.90862
0.96951 0.90998
0.96940 0.91360
0.97058 0.91795
0.97237 0.92711
0.97240 0.92734
0.97124 0.93156
0.97051 0.93383
0.97057 0.93635
0.97117 0.95048
0.97299 0.95457
0.97425 0.95656
0.97292 0.95995
0.97260 0.96346
0.97314 0.96959
0.97405 0.97459
0.97548 0.97920
0.97311 0.98355
0.97463 0.98737
0.97494 0.99130
0.97703 0.99566
0.97826 0.99919
0.97687 1.00168
0.97708 1.00481
0.97697 1.00917
0.97679 1.01430
0.97673 1.01817
0.97615 1.02140
0.97565 1.02273
0.97360 1.02557
0.97254 1.02902
0.97225 1.03382
0.97292 1.03779
0.97336 1.04154
0.97350 1.04787
0.97461 1.05292
0.97475 1.05981
0.97520 1.06341
0.97481 1.06552
0.97568 1.06821
0.97603 1.07184
0.97479 1.07484
0.97355 1.07890
0.97211 1.08144
0.97227 1.08441
0.97290 1.08838
0.97494 1.09226
0.97638 1.09590
0.97668 1.10145
0.97492 1.10539
0.97275 1.10908
0.97116 1.11296
0.97210 1.11529
0.97224 1.12108
0.97118 1.12611
0.97175 1.13072
0.97172 1.13546
0.97172 1.14044
0.96949 1.14491
0.96952 1.14691
0.96804 1.14745
0.96774 1.15048
0.96854 1.15333
0.97053 1.15579
0.97050 1.15994
0.96891 1.16374
0.96831 1.16761
0.96668 1.17275
0.96579 1.17881
0.96407 1.18556
0.96389 1.18950
0.96423 1.19385
0.96247 1.19777
0.96306 1.20043
0.96100 1.20299
0.96080 1.20734
0.96025 1.21165
0.95924 1.21443
0.95992 1.21727
0.95891 1.21844
0.96016 1.21723
0.96075 1.21738
0.95730 1.21852
0.95378 1.22059
0.94844 1.22241
0.94610 1.22916
0.94804 1.23647
0.94962 1.24454
0.95039 1.24954
0.95174 1.25560
0.95289 1.26086
0.95071 1.26553
0.94731 1.26776
0.94563 1.26875
0.94457 1.26632
0.94516 1.26710
0.94317 1.27033
0.94081 1.27653
0.93755 1.28228
0.93561 1.28612
0.93555 1.29024
0.93612 1.29324
0.93463 1.29833
0.93513 1.30454
0.93628 1.31215
0.93675 1.32128
0.93587 1.32588
0.93390 1.33023
0.93052 1.33250
0.92825 1.33151
0.92612 1.33140
0.92570 1.33256
0.92291 1.33409
0.92212 1.33756
0.92078 1.34518
0.92171 1.35117
0.91534 1.36321
0.91522 1.36352
0.91496 1.36948
0.91385 1.37554
0.91401 1.38261
0.91398 1.38301
0.91156 1.38455
0.90755 1.38566
0.90746 1.38572
0.90356 1.38835
0.90523 1.39369
0.90235 1.40127
0.90267 1.41253
0.90267 1.41281
0.90211 1.41708
0.89919 1.41815
0.89435 1.41932
0.89098 1.42159
0.89199 1.42235
0.89021 1.42822
0.88911 1.43706
0.89094 1.44284
0.89015 1.44286
0.88950 1.44494
0.88578 1.44502
0.88205 1.44971
0.87955 1.45256
0.88156 1.46016
0.88093 1.46445
0.87513 1.47310
0.87500 1.47331
0.87442 1.47492
0.87216 1.47751
0.87106 1.48031
0.86960 1.48454
0.86782 1.48869
0.86723 1.49354
0.86557 1.49904
0.86270 1.50359
0.86076 1.50741
0.85881 1.50857
0.85480 1.51096
0.85197 1.51253
0.85114 1.51462
0.85003 1.51532
0.85045 1.51955
0.84781 1.52376
0.84629 1.53095
0.84308 1.54668
0.84303 1.54704
0.83935 1.55014
0.83772 1.55382
0.83688 1.55624
0.83488 1.55793
0.83337 1.55923
0.83118 1.55751
0.82808 1.55654
0.82735 1.55686
0.82340 1.56055
0.82208 1.56532
0.81867 1.57249
0.81873 1.57787
0.81643 1.58438
0.81513 1.59045
0.81484 1.59377
0.81142 1.59380
0.80917 1.59392
0.80242 1.59566
0.79922 1.59718
0.80105 1.60136
0.79865 1.60468
0.79790 1.60724
0.79626 1.60924
0.79307 1.61043
0.79028 1.61333
0.78596 1.62009
0.78358 1.62582
0.78105 1.63146
0.78098 1.63531
0.77773 1.64063
0.77310 1.64564
0.77193 1.64785
0.77257 1.64642
0.76968 1.64348
0.76684 1.64311
0.76548 1.64501
0.76413 1.64635
0.76018 1.65279
0.75669 1.65750
0.75348 1.66465
0.75123 1.67089
0.74923 1.67645
0.74774 1.67940
0.74446 1.68176
0.74058 1.68421
0.73757 1.68419
0.73711 1.68400
0.73470 1.68576
0.73168 1.68841
0.72844 1.69250
0.72660 1.69695
0.72333 1.70249
0.72032 1.70729
0.71700 1.70909
0.71412 1.71221
0.71146 1.71414
0.70983 1.71729
0.70840 1.72015
0.70448 1.72315
0.70073 1.72573
0.69851 1.72745
0.69619 1.72968
0.69422 1.73222
0.69141 1.73414
0.68904 1.73591
0.68493 1.73772
0.68245 1.74190
0.68117 1.74420
0.67670 1.74781
0.67219 1.75186
0.66945 1.75546
0.66760 1.75798
0.66728 1.75877
0.66651 1.76007
0.66302 1.76268
0.66028 1.76470
0.65574 1.76834
0.65140 1.77230
0.64876 1.77502
0.64789 1.77906
0.64454 1.78067
0.64155 1.78455
0.63776 1.78582
0.63671 1.78960
0.63505 1.79303
0.63031 1.79402
0.62516 1.79589
0.62136 1.79838
0.61668 1.80264
0.61459 1.80598
0.61681 1.80838
0.61639 1.81163
0.61521 1.81079
0.61078 1.81147
0.60521 1.81396
0.60086 1.81602
0.59669 1.81764
0.59266 1.82062
0.59029 1.82523
0.58737 1.82893
0.58443 1.83172
0.58197 1.83531
0.57917 1.83608
0.56944 1.84300
0.56273 1.84717
0.56259 1.84726
0.56007 1.85014
0.55550 1.85413
0.54744 1.85573
0.54349 1.85596
0.53894 1.86181
0.53880 1.86194
0.53402 1.86651
0.53074 1.87068
0.52835 1.87470
0.52316 1.87766
0.51958 1.87852
0.51291 1.88498
0.51155 1.88662
0.50648 1.88715
0.50080 1.88859
0.49656 1.88784
0.49241 1.89032
0.49229 1.89037
0.49170 1.89549
0.48735 1.89947
0.48044 1.90481
0.47727 1.90919
0.47617 1.90787
0.46812 1.91011
0.46345 1.91240
0.45911 1.91655
0.45551 1.91961
0.45179 1.92105
0.44824 1.92320
0.44381 1.92437
0.44369 1.92440
0.44088 1.92405
0.43095 1.92926
0.41982 1.93530
0.41392 1.93529
0.41075 1.94090
0.40611 1.94527
0.40447 1.94928
0.39900 1.95075
0.38421 1.94840
0.38343 1.95236
0.38335 1.95243
0.38308 1.95625
0.37920 1.95730
0.37434 1.95774
0.36154 1.96354
0.35667 1.96504
0.35000 1.96690
0.34767 1.96989
0.34441 1.97162
0.33922 1.97129
0.33554 1.97299
0.33487 1.97420
0.33305 1.97444
0.33039 1.97403
0.32662 1.97475
0.32271 1.97732
0.31866 1.98102
0.31453 1.98258
0.31117 1.98365
0.30772 1.98511
0.30374 1.98539
0.30014 1.98607
0.29603 1.98864
0.29178 1.99189
0.28823 1.99423
0.28541 1.99597
0.28252 1.99572
0.27850 1.99550
0.27505 1.99600
0.27275 1.99827
0.26993 1.99867
0.26630 1.99967
0.26103 2.00026
0.25662 2.00135
0.25342 2.00333
0.24946 2.00538
0.24637 2.00719
0.24245 2.00729
0.24065 2.00752
0.23833 2.00845
0.23518 2.01019
0.23019 2.01126
0.22298 2.01176
0.21767 2.01242
0.21409 2.01468
0.21285 2.01580
0.20824 2.01701
0.20461 2.01635
0.20086 2.01629
0.19644 2.01776
0.19350 2.01764
0.18983 2.01996
0.18672 2.02141
0.18161 2.02217
0.17628 2.02523
0.17262 2.02632
0.16909 2.02887
0.16489 2.02935
0.16205 2.02596
0.15847 2.02453
0.15438 2.02521
0.15001 2.02690
0.14556 2.02801
0.14250 2.02707
0.14064 2.02986
0.13809 2.03099
0.13266 2.03452
0.12661 2.03505
0.12056 2.03443
0.11435 2.03555
0.11129 2.03737
0.10931 2.03814
0.10811 2.03820
0.10516 2.03829
0.10103 2.03728
0.09769 2.03670
0.09294 2.03714
0.08980 2.03939
0.08651 2.04134
0.08179 2.04116
0.07783 2.03986
0.07400 2.03960
0.06713 2.04020
0.06695 2.04022
0.06382 2.04128
0.06028 2.04129
0.04698 2.04235
0.04297 2.04235
0.03931 2.04355
0.03500 2.04595
0.03103 2.04632
0.02319 2.04792
0.02300 2.04796
0.01746 2.04559
0.01154 2.04395
0.00942 2.04648
0.00737 2.04950
0.00466 2.05229
0.00181 2.05285
-0.00365 2.05036
-0.01265 2.04875
-0.01289 2.04873
-0.01717 2.04959
-0.01972 2.04969
-0.02768 2.04612
-0.03343 2.04564
-0.03595 2.04666
-0.03921 2.04996
-0.04207 2.05434
-0.04533 2.05597
-0.05182 2.05209
-0.05874 2.05001
-0.06482 2.05034
-0.07331 2.05265
-0.07266 2.05209
-0.07525 2.05239
-0.07735 2.05147
-0.08107 2.05209
-0.08830 2.05085
-0.08845 2.05082
-0.09183 2.04644
-0.09645 2.04357
-0.10024 2.04248
-0.10413 2.04448
-0.10820 2.04601
-0.11517 2.04593
-0.11537 2.04594
-0.12001 2.04556
-0.12483 2.04535
-0.13086 2.04454
-0.13626 2.04419
-0.14044 2.04518
-0.14440 2.04711
-0.14668 2.04840
-0.15031 2.04619
-0.15232 2.04262
-0.15450 2.03977
-0.15778 2.03892
-0.16184 2.03865
-0.16575 2.03990
-0.16916 2.04187
-0.17415 2.04337
-0.17985 2.04021
-0.18572 2.03830
-0.19189 2.03703
-0.19807 2.03676
-0.20072 2.03637
-0.20110 2.03808
-0.20149 2.03875
-0.20251 2.03585
-0.20500 2.03435
-0.21163 2.02987
-0.21983 2.02653
-0.22676 2.02667
-0.22928 2.02809
-0.23129 2.03018
-0.23556 2.03150
-0.24007 2.03197
-0.24407 2.03226
-0.24889 2.02953
-0.25161 2.02822
-0.25457 2.02716
-0.25752 2.02579
-0.25977 2.02413
-0.26368 2.02334
-0.26980 2.02026
-0.27459 2.01862
-0.28002 2.01777
-0.28545 2.01810
-0.28946 2.01592
-0.29057 2.01591
-0.29211 2.01687
-0.29512 2.01741
-0.30106 2.01579
-0.30488 2.01354
-0.30789 2.01100
-0.31115 2.00948
-0.31524 2.00970
-0.31969 2.01002
-0.32278 2.01023
-0.32502 2.01004
-0.32961 2.00882
-0.33334 2.00861
-0.33833 2.00874
-0.34264 2.00812
-0.34663 2.00717
-0.35000 2.00415
-0.35191 2.00037
-0.35229 1.99835
-0.35402 1.99869
-0.35952 1.99756
-0.36521 1.99596
-0.37133 1.99276
-0.37579 1.99242
-0.37928 1.99332
-0.38222 1.99394
-0.38560 1.99167
-0.38917 1.99063
-0.39219 1.98889
-0.39449 1.98657
-0.39730 1.98459
-0.39990 1.98303
-0.40338 1.98060
-0.40621 1.98008
-0.40969 1.97878
-0.41370 1.97869
-0.41887 1.97756
-0.42483 1.97514
-0.43147 1.97503
-0.43534 1.97503
-0.43755 1.97712
-0.43985 1.97466
-0.44241 1.97237
-0.44442 1.96802
-0.44771 1.96453
-0.44956 1.96113
-0.45223 1.95871
-0.45635 1.95866
-0.46103 1.95828
-0.46567 1.95548
-0.47083 1.95609
-0.47374 1.95423
-0.47654 1.95430
-0.48127 1.95567
-0.48532 1.95136
-0.48796 1.94916
-0.48967 1.94700
-0.49272 1.94500
-0.49560 1.94287
-0.49939 1.94014
-0.50095 1.94005
-0.50527 1.93808
-0.51067 1.93633
-0.51539 1.93823
-0.51875 1.93342
-0.52177 1.93138
-0.52444 1.93048
-0.52671 1.92857
-0.52854 1.92594
-0.53158 1.92356
-0.53578 1.92153
-0.54051 1.91906
-0.54612 1.91866
-0.55329 1.91610
-0.55348 1.91603
-0.55579 1.91408
-0.55876 1.91055
-0.56213 1.90728
-0.56580 1.90572
-0.56823 1.90321
-0.56969 1.90218
-0.57228 1.90210
-0.57420 1.90094
-0.58745 1.88904
-0.59218 1.88752
-0.60213 1.88632
-0.60238 1.88627
-0.60464 1.88562
-0.61259 1.87907
-0.61613 1.87622
-0.61697 1.87230
-0.61901 1.86872
-0.62355 1.86383
-0.62859 1.86152
-0.64428 1.85756
-0.64604 1.85854
-0.65179 1.85409
-0.65272 1.85329
-0.65587 1.85134
-0.65928 1.84947
-0.66025 1.84696
-0.66360 1.84130
-0.66487 1.83750
-0.66686 1.83471
-0.66840 1.83353
-0.67008 1.83360
-0.68444 1.82846
-0.69455 1.82350
-0.69477 1.82338
-0.69542 1.81835
-0.69783 1.81535
-0.70065 1.81472
-0.70806 1.81320
-0.70825 1.81317
-0.71169 1.81036
-0.71460 1.80591
-0.71819 1.79973
-0.71828 1.79958
-0.71932 1.79692
-0.72099 1.79403
-0.72466 1.79094
-0.72844 1.78665
-0.73286 1.78307
-0.73796 1.78153
-0.74129 1.77891
-0.74288 1.77730
-0.74669 1.77723
-0.75233 1.77925
-0.75476 1.77663
-0.75737 1.77062
-0.75773 1.76526
-0.75885 1.75813
-0.76348 1.75577
-0.76570 1.75510
-0.76512 1.75571
-0.76478 1.75186
-0.76759 1.74921
-0.77061 1.74560
-0.77097 1.73928
-0.77577 1.73472
-0.78129 1.73017
-0.78586 1.72704
-0.79193 1.72467
-0.79556 1.72726
-0.79700 1.72880
-0.79787 1.72932
-0.79915 1.72694
-0.80008 1.72041
-0.80249 1.71414
-0.80665 1.70846
-0.81032 1.70537
-0.81160 1.70142
-0.81191 1.69881
-0.81569 1.69761
-0.81985 1.69514
-0.82361 1.69263
-0.82784 1.69020
-0.83028 1.68938
-0.83263 1.68772
-0.83467 1.68515
-0.83686 1.68204
-0.83748 1.67626
-0.83867 1.67063
-0.84051 1.66581
-0.84322 1.66278
-0.84490 1.66092
-0.84693 1.65999
-0.84870 1.65806
-0.84922 1.65335
-0.85133 1.64893
-0.85427 1.64457
-0.85820 1.63796
-0.86322 1.63351
-0.86680 1.63293
-0.86969 1.63161
-0.86983 1.63141
-0.87198 1.62835
-0.87460 1.62482
-0.87700 1.62274
-0.87794 1.62110
-0.87751 1.61741
-0.88048 1.61468
-0.88342 1.61020
-0.88504 1.60626
-0.88424 1.60247
-0.88485 1.59853
-0.88809 1.59498
-0.89380 1.59185
-0.89773 1.58885
-0.90158 1.58597
-0.90540 1.58341
-0.90738 1.58215
-0.90947 1.58048
-0.91261 1.57897
-0.91346 1.57623
-0.91293 1.57419
-0.91478 1.57040
-0.91680 1.56399
-0.91926 1.55802
-0.91842 1.55182
-0.91899 1.54779
-0.92122 1.54485
-0.92324 1.54462
-0.92585 1.54343
-0.92765 1.54134
-0.92988 1.53807
-0.93200 1.53262
-0.93500 1.52688
-0.93852 1.52385
-0.94235 1.51999
-0.94766 1.51603
-0.94685 1.51416
-0.94613 1.51181
-0.94871 1.50924
-0.95067 1.50559
-0.95218 1.50021
-0.95708 1.49193
-0.95854 1.48831
-0.95990 1.48429
-0.96063 1.48011
-0.96344 1.47508
-0.96353 1.47494
-0.96549 1.47213
-0.96768 1.46759
-0.97151 1.46233
-0.97493 1.45909
-0.97553 1.45551
-0.97668 1.44776
-0.97669 1.44754
-0.97667 1.44417
-0.97887 1.44150
-0.98037 1.43960
-0.98242 1.43809
-0.98286 1.43594
-0.98316 1.43387
-0.98492 1.42836
-0.99173 1.40742
-0.99352 1.40361
-0.99644 1.40178
-0.99921 1.40252
-1.00083 1.40216
-1.00257 1.40039
-1.00169 1.39602
-1.00273 1.38960
-1.00405 1.38440
-1.00558 1.37830
-1.00587 1.37232
-1.00532 1.36756
-1.00834 1.36486
-1.00907 1.36258
-1.01082 1.35857
-1.01135 1.35338
-1.01295 1.35201
-1.01530 1.35002
-1.01681 1.34868
-1.01905 1.34640
-1.01879 1.34313
-1.01721 1.33112
-1.01874 1.33119
-1.02007 1.32646
-1.02265 1.32229
-1.02469 1.31843
-1.02528 1.31366
-1.02362 1.31090
-1.02315 1.30794
-1.02418 1.30457
-1.02474 1.30061
-1.02752 1.29500
-1.03055 1.29052
-1.03128 1.28675
-1.03324 1.28393
-1.03471 1.28194
-1.03565 1.27903
-1.03709 1.27448
-1.03755 1.26953
-1.03727 1.26533
-1.03694 1.26127
-1.03808 1.25855
-1.03950 1.25575
-1.04252 1.25195
-1.04431 1.24983
-1.04627 1.24681
-1.04829 1.24364
-1.04913 1.23992
-1.04944 1.23521
-1.04922 1.23144
-1.05025 1.22761
-1.04997 1.22307
-1.05139 1.21999
-1.05394 1.21562
-1.05704 1.21084
-1.05689 1.20582
-1.05669 1.20439
-1.05448 1.20134
-1.05667 1.19813
-1.05984 1.19238
-1.06071 1.18505
-1.06068 1.17945
-1.05911 1.17709
-1.05833 1.17372
-1.05871 1.17193
-1.06202 1.17042
-1.06546 1.16670
-1.06615 1.16519
-1.06652 1.16117
-1.06460 1.15614
-1.06313 1.15045
-1.06340 1.14410
-1.06556 1.13875
-1.06668 1.13396
-1.06825 1.13073
-1.06932 1.12979
-1.06737 1.12770
-1.06730 1.12340
-1.06714 1.12102
-1.06727 1.11583
-1.06644 1.11220
-1.06723 1.10640
-1.06651 1.10176
-1.06687 1.09749
-1.07022 1.09413
-1.07176 1.09115
-1.07170 1.08816
-1.07131 1.08611
-1.07104 1.08258
-1.07020 1.07803
-1.07000 1.07288
-1.06938 1.06840
-1.06993 1.06395
-1.07064 1.06015
-1.07221 1.05761
-1.07414 1.05397
-1.07365 1.05158
-1.07464 1.04938
-1.07599 1.04548
-1.07700 1.04110
-1.07724 1.03510
-1.07540 1.02950
-1.07438 1.02433
-1.07361 1.01816
-1.07336 1.01512
-1.07339 1.01242
-1.07429 1.01144
-1.07499 1.01048
-1.07650 1.00872
-1.07472 1.00007
-1.07468 0.99987
-1.07256 0.99384
-1.07332 0.98126
-1.07331 0.98095
-1.07498 0.97548
-1.07620 0.97152
-1.07489 0.96876
-1.07449 0.96814
-1.07421 0.96818
-1.07567 0.96558
-1.07402 0.95269
-1.06988 0.93927
-1.07210 0.93668
-1.07147 0.92499
-1.07143 0.92444
-1.06978 0.92050
-1.06757 0.91580
-1.06729 0.90967
-1.06729 0.90951
-1.06716 0.90682
-1.06684 0.90013
-1.06685 0.89995
-1.06683 0.89664
-1.06762 0.89227
-1.06659 0.88633
-1.06621 0.88067
-1.06566 0.87488
-1.06432 0.87094
-1.06312 0.86825
-1.06154 0.86305
-1.06151 0.86291
-1.06103 0.86004
-1.05926 0.85684
-1.05605 0.84385
-1.05938 0.83791
-1.06109 0.82999
-1.06114 0.82980
-1.05983 0.82740
-1.05776 0.82526
-1.05535 0.82058
-1.05310 0.81617
-1.05231 0.81260
-1.05170 0.80378
-1.05021 0.79948
-1.04831 0.79675
-1.04849 0.79190
-1.04952 0.78643
-1.04778 0.78157
-1.04380 0.76964
-1.04371 0.76936
-1.04318 0.76541
-1.04316 0.75905
-1.04282 0.75660
-1.03692 0.74849
-1.03741 0.74968
-1.03681 0.74751
-1.03536 0.74353
-1.03287 0.73307
-1.03282 0.73281
-1.03041 0.72936
-1.02999 0.72054
-1.03001 0.72034
-1.03093 0.71833
-1.03173 0.71492
-1.02961 0.71381
-1.02664 0.70973
-1.02207 0.70444
-1.01987 0.69756
-1.01888 0.69096
-1.01829 0.68425
-1.01817 0.68233
-1.01765 0.68032
-1.01571 0.68000
-1.01412 0.67903
-1.01250 0.67885
-1.01306 0.67675
-1.01182 0.67244
-1.01035 0.66790
-1.00819 0.66098
-1.00604 0.65487
-1.00317 0.64770
-1.00147 0.64241
-1.00073 0.63746
-1.00174 0.63535
-1.00000 0.63291
-0.99796 0.63435
-0.99457 0.63203
-0.99169 0.62914
-0.98962 0.62376
-0.98926 0.61811
-0.98788 0.61227
-0.98648 0.60796
-0.98504 0.60573
-0.98337 0.60324
-0.98445 0.60074
-0.98345 0.59850
-0.98067 0.59676
-0.97718 0.59393
-0.97475 0.59100
-0.97355 0.58602
-0.97133 0.58061
-0.96828 0.57389
-0.96357 0.56959
-0.96235 0.56572
-0.96416 0.56356
-0.96430 0.55866
-0.96233 0.55437
-0.96102 0.55311
-0.96045 0.55303
-0.95765 0.55039
-0.94863 0.54680
-0.94352 0.54462
-0.94246 0.54045
-0.94416 0.53246
-0.94362 0.52758
-0.94471 0.52065
-0.94391 0.51726
-0.94089 0.51421
-0.93747 0.51303
-0.93344 0.51117
-0.93072 0.50812
-0.92857 0.50536
-0.92614 0.50276
-0.92431 0.50021
-0.92219 0.49907
-0.92042 0.49405
-0.91946 0.49062
-0.91852 0.48438
-0.91928 0.47705
-0.91727 0.47270
-0.91427 0.46996
-0.91075 0.46762
-0.90684 0.46505
-0.90408 0.46187
-0.90120 0.45823
-0.89885 0.45532
-0.89686 0.45220
-0.89470 0.44861
-0.89410 0.44345
-0.89273 0.43955
-0.89121 0.43676
-0.88806 0.43494
-0.88252 0.43331
-0.87893 0.42927
-0.87984 0.42262
-0.87973 0.41891
-0.87862 0.41392
-0.87613 0.41070
-0.87151 0.40506
-0.86540 0.40311
-0.85964 0.39852
-0.85674 0.38912
-0.85664 0.38889
-0.85794 0.38800
-0.85896 0.38949
-0.85461 0.39166
-0.85441 0.39173
-0.85151 0.39133
-0.84989 0.38782
-0.84667 0.38344
-0.84355 0.37486
-0.83622 0.35823
-0.83606 0.35787
-0.83528 0.35337
-0.83555 0.35219
-0.83403 0.35242
-0.83390 0.35540
-0.82997 0.35591
-0.82465 0.35453
-0.82051 0.35140
-0.81763 0.34406
-0.81322 0.33235
-0.81512 0.33364
-0.81274 0.33187
-0.80278 0.32745
-0.80011 0.32501
-0.79717 0.32209
-0.79510 0.31915
-0.79198 0.31592
-0.78904 0.31230
-0.78639 0.30570
-0.78505 0.30113
-0.77797 0.29726
-0.77431 0.29892
-0.76433 0.29425
-0.75973 0.28931
-0.75732 0.28447
-0.75556 0.28027
-0.75517 0.27701
-0.75310 0.27392
-0.74857 0.27155
-0.74419 0.26776
-0.74020 0.26618
-0.73571 0.26176
-0.73560 0.26166
-0.73371 0.25697
-0.73281 0.25373
-0.72939 0.25252
-0.72645 0.25053
-0.72636 0.25048
-0.72246 0.24934
-0.71683 0.24837
-0.71271 0.24400
-0.70526 0.23100
-0.70508 0.23072
-0.70036 0.22402
-0.69727 0.21956
-0.69531 0.21886
-0.69480 0.21975
-0.69254 0.22043
-0.69023 0.22181
-0.68891 0.22148
-0.68512 0.21638
-0.68230 0.21231
-0.67959 0.20950
-0.67545 0.20800
-0.67357 0.20513
-0.66834 0.20202
-0.66405 0.19932
-0.66195 0.19729
-0.65977 0.19614
-0.65771 0.19408
-0.65359 0.19221
-0.64948 0.19078
-0.64459 0.18724
-0.64040 0.18308
-0.63691 0.18018
-0.63536 0.17730
-0.63431 0.17746
-0.63158 0.17761
-0.62640 0.17702
-0.62050 0.17508
-0.61497 0.17228
-0.61199 0.16912
-0.60910 0.16546
-0.60825 0.16151
-0.60717 0.15783
-0.60478 0.15491
-0.60109 0.15374
-0.59791 0.15404
-0.59602 0.15216
-0.59374 0.15228
-0.58993 0.15253
-0.58465 0.14985
-0.58047 0.14866
-0.57592 0.14479
-0.57197 0.14020
-0.57091 0.13782
-0.57105 0.13846
-0.57054 0.13639
-0.56733 0.13520
-0.56294 0.13310
-0.55722 0.13061
-0.54880 0.12818
-0.54431 0.12566
-0.54197 0.12171
-0.53835 0.11807
-0.53598 0.11767
-0.53434 0.11757
-0.53266 0.11661
-0.52901 0.11422
-0.52533 0.11349
-0.52124 0.11294
-0.51707 0.11385
-0.51356 0.11176
-0.51042 0.10701
-0.50756 0.10148
-0.50646 0.09996
-0.50447 0.09754
-0.49938 0.09822
-0.49338 0.09915
-0.48869 0.10086
-0.48427 0.10001
-0.48186 0.09688
-0.48074 0.09252
-0.47868 0.08991
-0.47588 0.08741
-0.47330 0.08483
-0.47008 0.08503
-0.46599 0.08548
-0.46086 0.08634
-0.45627 0.08642
-0.45193 0.08567
-0.45008 0.08458
-0.44845 0.08257
-0.44523 0.08040
-0.44191 0.07757
-0.43883 0.07500
-0.43524 0.07444
-0.43065 0.07417
-0.42434 0.07168
-0.41929 0.07160
-0.41581 0.06895
-0.41283 0.06579
-0.40956 0.06401
-0.40592 0.06388
-0.40295 0.06305
-0.39817 0.05978
-0.39572 0.05793
-0.39433 0.05599
-0.38575 0.05288
-0.38554 0.05280
-0.38082 0.04992
-0.37216 0.04866
-0.37196 0.04862
-0.36726 0.04883
-0.36083 0.04601
-0.36065 0.04596
-0.35850 0.04250
-0.35483 0.04282
-0.35142 0.04134
-0.34867 0.04221
-0.34588 0.04365
-0.34167 0.04415
-0.33918 0.04179
-0.32573 0.03768
-0.32227 0.03592
-0.31938 0.03461
-0.30770 0.03479
-0.30292 0.03329
-0.29877 0.03204
-0.29187 0.02852
-0.29169 0.02842
-0.28720 0.02649
-0.28335 0.02241
-0.28069 0.02126
-0.27722 0.02188
-0.26554 0.01925
-0.26012 0.01886
-0.25025 0.01705
-0.24829 0.01741
-0.24503 0.01498
-0.24120 0.01607
-0.23860 0.01448
-0.23416 0.01506
-0.22910 0.01441
-0.22187 0.01494
-0.21682 0.01202
-0.21370 0.01227
-0.21265 0.00746
-0.20488 0.00970
-0.19942 0.00972
-0.19473 0.00973
-0.18687 0.00797
-0.18039 0.00369
-0.18024 0.00359
-0.17778 0.00309
-0.17509 0.00455
-0.17062 0.00481
-0.16624 0.00500
-0.16180 0.00449
-0.15790 0.00331
-0.15362 0.00246
-0.14907 -0.00024
-0.14419 -0.00101
-0.13958 0.00075
-0.13554 0.00057
-0.13303 0.00193
-0.12984 0.00335
-0.12718 0.00231
-0.12242 0.00167
-0.11807 0.00041
-0.11416 -0.00002
-0.11068 0.00017
-0.10803 -0.00077
-0.10283 -0.00071
-0.09943 -0.00074
-0.09646 -0.00140
-0.09274 -0.00250
-0.08825 -0.00188
-0.08577 -0.00004
-0.08429 0.00039
-0.08029 0.00182
-0.07601 0.00072
-0.07111 -0.00163
-0.06476 -0.00325
-0.05923 -0.00412
-0.05651 -0.00420
-0.05476 -0.00293
-0.05177 -0.00373
-0.04883 -0.00158
-0.04568 -0.00117
-0.04024 0.00008
-0.03620 -0.00047
-0.02997 -0.00285
-0.02347 -0.00258
-0.01832 -0.00231
-0.01593 -0.00082
-0.01663 0.00066
-0.02551 0.00256
-0.03857 0.00443
-0.03769 0.00054
-0.03876 -0.00084
-0.02819 0.00081
-0.02392 0.00092
-0.02160 0.00292
-0.02415 0.00354
-0.02696 0.00275
-0.03052 0.00118
-0.03438 0.00071
-0.03555 0.00035
-0.03396 -0.00026
-0.03055 -0.00066
-0.02662 -0.00113
-0.02498 -0.00144
-0.02478 -0.00082
-0.02714 -0.00085
-0.02896 -0.00215
-0.03127 -0.00173
-0.03200 0.00104
-0.03195 0.00268
-0.03109 0.00367
-0.02977 0.00284
-0.02834 0.00101
-0.02707 -0.00085
-0.02641 0.00009
-0.02725 0.00126
-0.02816 -0.00020
-0.02887 -0.00280
-0.02833 -0.00338
-0.02873 -0.00313
-0.02818 -0.00177
-0.02950 -0.00115
-0.02898 0.00139
-0.03090 0.00142
-0.03184 0.00227
-0.03153 0.00136
-0.02951 0.00151
-0.02868 0.00005
-0.02688 -0.00196
-0.02635 -0.00142
-0.02656 -0.00017
-0.02919 0.00253
-0.02982 0.00115
-0.03077 0.00074
-0.03109 -0.00084
-0.02978 -0.00292
-0.03003 -0.00167
-0.02851 -0.00159
-0.02715 -0.00181
-0.02498 0.00158
-0.02537 0.00292
-0.02703 -0.00026
