-0.00913 -0.00286
-0.01090 -0.00163
-0.01097 -0.00262
-0.01128 -0.00395
-0.01054 -0.00321
-0.01149 -0.00415
-0.01016 -0.00305
-0.00857 -0.00226
-0.00903 -0.00437
-0.00987 -0.00392
-0.00933 -0.00368
-0.00982 -0.00298
-0.00784 -0.00121
-0.00784 -0.00121
-0.00757 -0.00277
-0.00796 -0.00417
-0.00821 -0.00332
-0.00978 -0.00305
-0.00956 -0.00155
-0.00860 -0.00155
-0.00824 -0.00222
-0.00807 -0.00310
-0.00836 -0.00491
-0.00782 -0.00577
-0.00753 -0.00560
-0.00882 -0.00390
-0.00887 -0.00386
-0.01088 -0.00325
-0.01192 -0.00281
-0.01107 -0.00461
-0.00367 -0.00521
-0.00350 -0.00522
0.00091 -0.00359
0.00704 -0.00208
0.01181 -0.00025
0.02059 -0.00096
0.02084 -0.00097
0.02519 -0.00134
0.02876 -0.00028
0.02887 -0.00030
0.03281 -0.00115
0.03699 -0.00296
0.04548 -0.00248
0.04569 -0.00246
0.05022 -0.00121
0.05801 0.00339
0.05819 0.00347
0.06007 0.00184
0.06634 0.00082
0.07171 0.00231
0.07648 0.00218
0.07962 0.00292
0.08214 0.00376
0.08531 0.00351
0.08763 0.00555
0.08920 0.00518
0.09179 0.00601
0.09648 0.00511
0.10092 0.00623
0.10584 0.00606
0.10997 0.00430
0.11327 0.00551
0.11811 0.00681
0.12252 0.00848
0.12678 0.00999
0.13117 0.01150
0.13361 0.01171
0.13685 0.01112
0.14044 0.01017
0.14443 0.01008
0.14829 0.01119
0.15157 0.01314
0.15587 0.01623
0.16111 0.01708
0.16563 0.01709
0.16830 0.01564
0.17175 0.01506
0.17474 0.01414
0.17843 0.01696
0.18342 0.02214
0.18696 0.02534
0.19102 0.02642
0.19673 0.02773
0.20040 0.02803
0.20242 0.02821
0.20456 0.02713
0.20686 0.02629
0.21196 0.02618
0.21629 0.02779
0.21938 0.02971
0.22325 0.03175
0.22783 0.03405
0.23374 0.03628
0.24052 0.03770
0.24499 0.03645
0.24696 0.03671
0.24708 0.03861
0.24877 0.04032
0.25123 0.04340
0.25491 0.04521
0.26043 0.04531
0.26794 0.04502
0.27249 0.04620
0.27891 0.04697
0.28312 0.04755
0.28429 0.05005
0.28645 0.05002
0.28747 0.05171
0.28818 0.05048
0.29010 0.05117
0.29588 0.05278
0.30104 0.05543
0.30673 0.05937
0.31011 0.06168
0.31398 0.06178
0.32004 0.06299
0.32141 0.06579
0.32557 0.06752
0.32906 0.06856
0.33244 0.06791
0.33517 0.06705
0.33712 0.06879
0.34060 0.07096
0.34447 0.07282
0.34918 0.07621
0.35284 0.07860
0.35731 0.07959
0.36045 0.07940
0.36415 0.08010
0.36749 0.08225
0.37074 0.08319
0.37585 0.08464
0.37977 0.08626
0.38346 0.08840
0.38947 0.09290
0.38962 0.09300
0.39319 0.09416
0.40298 0.09928
0.40687 0.10073
0.41147 0.10281
0.41338 0.10400
0.41600 0.10702
0.42007 0.10831
0.42452 0.10927
0.43249 0.11222
0.43270 0.11229
0.43425 0.11310
0.43837 0.11853
0.43849 0.11865
0.45457 0.12436
0.45743 0.12735
0.46085 0.12983
0.46939 0.13302
0.48144 0.13887
0.48738 0.14417
0.48756 0.14428
0.49095 0.14567
0.49860 0.15022
0.49880 0.15032
0.50301 0.15090
0.50597 0.15169
0.50774 0.15226
0.51007 0.15485
0.51313 0.15846
0.51880 0.16162
0.52232 0.16553
0.52566 0.16825
0.52728 0.17137
0.53449 0.17450
0.53467 0.17459
0.53749 0.17622
0.54291 0.17838
0.54307 0.17844
0.54740 0.18112
0.55069 0.18278
0.55467 0.18366
0.55884 0.18429
0.55868 0.18751
0.55934 0.19142
0.56097 0.19566
0.56412 0.19775
0.56881 0.20186
0.57355 0.20535
0.57917 0.20746
0.58323 0.20931
0.59121 0.21286
0.59459 0.21535
0.59797 0.21603
0.59948 0.21718
0.60495 0.22101
0.60495 0.22101
0.60697 0.22340
0.60871 0.22662
0.61304 0.22893
0.61693 0.23248
0.62249 0.24129
0.62212 0.24152
0.62493 0.24497
0.62770 0.24791
0.63376 0.24938
0.63392 0.24942
0.63863 0.25111
0.64034 0.25481
0.64261 0.25762
0.64557 0.26194
0.64854 0.26607
0.65060 0.26811
0.65300 0.26972
0.65674 0.27155
0.66018 0.27377
0.66249 0.27686
0.66659 0.27977
0.66951 0.28388
0.67401 0.28877
0.67720 0.29230
0.68036 0.29470
0.68226 0.29623
0.68517 0.29764
0.68809 0.29624
0.69033 0.29876
0.69108 0.29953
0.69326 0.30019
0.69403 0.30125
0.69757 0.30417
0.70114 0.30664
0.70448 0.31089
0.70720 0.31617
0.71037 0.32159
0.71260 0.32367
0.71503 0.32565
0.71623 0.32932
0.72066 0.33339
0.72547 0.33732
0.72811 0.33995
0.73161 0.34411
0.73263 0.34353
0.73616 0.34339
0.73778 0.34665
0.73871 0.34757
0.74013 0.35130
0.74142 0.35649
0.74293 0.36250
0.74607 0.36703
0.74911 0.36861
0.75253 0.37051
0.75768 0.37192
0.76100 0.37575
0.76466 0.38082
0.76614 0.38589
0.76986 0.38891
0.77078 0.39302
0.77315 0.39399
0.77451 0.39614
0.77709 0.39385
0.77760 0.39672
0.77695 0.39919
0.78070 0.40507
0.78505 0.40925
0.78900 0.41243
0.79234 0.41816
0.79446 0.42200
0.79556 0.42523
0.79714 0.42658
0.79905 0.42853
0.80135 0.43026
0.80593 0.43228
0.80841 0.43543
0.81060 0.43773
0.81087 0.44345
0.81115 0.44820
0.81323 0.45285
0.81746 0.45783
0.82206 0.46066
0.82560 0.46305
0.82675 0.46579
0.82747 0.46661
0.82764 0.46861
0.82900 0.47069
0.82974 0.47546
0.83154 0.48099
0.83363 0.48550
0.83752 0.48904
0.83988 0.49083
0.84174 0.49692
0.84427 0.50145
0.84587 0.50643
0.84796 0.50827
0.84919 0.50978
0.85201 0.51220
0.85464 0.51365
0.85720 0.51644
0.85855 0.51999
0.86014 0.52715
0.86173 0.53215
0.86387 0.53678
0.86810 0.53821
0.87059 0.54064
0.86985 0.54098
0.87002 0.54259
0.87190 0.54534
0.87354 0.55092
0.87517 0.55448
0.87782 0.56013
0.87768 0.56367
0.87816 0.56747
0.87986 0.57274
0.88171 0.57528
0.88667 0.57906
0.88935 0.58252
0.88993 0.58512
0.89279 0.59488
0.89288 0.59511
0.89567 0.59882
0.89779 0.60277
0.89879 0.60620
0.89979 0.60821
0.90019 0.61316
0.90168 0.61805
0.90231 0.62153
0.90490 0.62532
0.90808 0.63009
0.91068 0.63507
0.91230 0.63851
0.91308 0.64144
0.91115 0.64258
0.91200 0.64469
0.91180 0.64530
0.91456 0.64886
0.92372 0.66545
0.92354 0.67088
0.92287 0.67599
0.92308 0.68008
0.92535 0.68480
0.92975 0.69049
0.92987 0.69064
0.93012 0.69305
0.93067 0.69545
0.93140 0.69795
0.93225 0.70651
0.93228 0.70673
0.93639 0.71164
0.93913 0.71432
0.94079 0.72482
0.94066 0.72780
0.94217 0.73053
0.94251 0.73339
0.94427 0.73775
0.94493 0.74171
0.94626 0.74648
0.94650 0.75114
0.94727 0.75706
0.95068 0.77050
0.95358 0.77347
0.95479 0.77541
0.95321 0.77818
0.95322 0.78127
0.95525 0.78859
0.95530 0.78878
0.95789 0.79249
0.95901 0.79669
0.96011 0.80384
0.96016 0.80401
0.96192 0.80634
0.96240 0.81056
0.96214 0.81462
0.96401 0.82476
0.96534 0.82780
0.96636 0.83127
0.96706 0.83369
0.96737 0.83775
0.96806 0.84107
0.96960 0.84529
0.97066 0.84939
0.97285 0.85303
0.97385 0.85772
0.97343 0.86435
0.97321 0.87080
0.97150 0.87506
0.97093 0.87839
0.97287 0.88069
0.97514 0.88373
0.97629 0.88473
0.97604 0.88673
0.97671 0.89013
0.97447 0.89472
0.97417 0.89713
0.97457 0.90097
0.97697 0.90609
0.97927 0.91109
0.97878 0.91706
0.97818 0.92331
0.97743 0.92820
0.97719 0.93245
0.97880 0.93589
0.97976 0.93886
0.98071 0.94179
0.97972 0.94577
0.98030 0.94745
0.97981 0.94850
0.97935 0.95128
0.97936 0.95540
0.97952 0.95991
0.98024 0.96353
0.98180 0.96677
0.98282 0.97262
0.98237 0.97891
0.98281 0.98458
0.98352 0.98958
0.98349 0.99309
0.98159 0.99690
0.98119 0.99790
0.98166 0.99979
0.98137 1.00313
0.98375 1.00610
0.98451 1.01087
0.98313 1.01608
0.98251 1.02097
0.98249 1.02590
0.98607 1.03124
0.98699 1.03415
0.98260 1.03859
0.98280 1.04180
0.98040 1.04610
0.97895 1.05081
0.97935 1.05648
0.98177 1.06023
0.98295 1.06417
0.98243 1.06646
0.98095 1.07004
0.98006 1.07062
0.98123 1.07259
0.97976 1.07706
0.98219 1.08124
0.97987 1.08694
0.97970 1.09064
0.97936 1.09429
0.97912 1.09960
0.97944 1.10639
0.97869 1.11094
0.97873 1.11614
0.97814 1.12050
0.97948 1.12442
0.97836 1.12837
0.97664 1.13172
0.97620 1.13417
0.97678 1.13634
0.97667 1.13847
0.97439 1.14137
0.97258 1.14462
0.97201 1.14779
0.97256 1.15224
0.97449 1.15692
0.97481 1.16124
0.97437 1.16564
0.97330 1.17039
0.97251 1.17501
0.97118 1.17855
0.97121 1.18311
0.97069 1.18705
0.97064 1.19039
0.96985 1.19416
0.96828 1.19663
0.96800 1.19840
0.96691 1.20234
0.96593 1.20526
0.96551 1.20851
0.96203 1.22131
0.96260 1.22660
0.96368 1.23135
0.96370 1.23159
0.96195 1.23469
0.95904 1.24321
0.95846 1.24568
0.95842 1.24585
0.95707 1.24846
0.95566 1.25421
0.95562 1.25436
0.94970 1.26256
0.95203 1.26772
0.95203 1.26795
0.95164 1.28046
0.95043 1.28516
0.94826 1.28863
0.94606 1.28886
0.94597 1.28898
0.94697 1.29180
0.94467 1.29765
0.94397 1.30177
0.94415 1.30366
0.94412 1.30381
0.94161 1.30581
0.93938 1.30957
0.93795 1.32247
0.93809 1.32276
0.93745 1.32735
0.93660 1.32932
0.93399 1.33048
0.93065 1.33519
0.92758 1.33908
0.92400 1.35938
0.92241 1.36814
0.92183 1.36933
0.92294 1.36898
0.92013 1.36745
0.92006 1.36744
0.91354 1.37125
0.91127 1.37695
0.91016 1.39194
0.91013 1.39225
0.90941 1.40029
0.90840 1.40465
0.90753 1.40702
0.90653 1.41394
0.90337 1.41897
0.90060 1.42388
0.89859 1.43168
0.89850 1.43189
0.89707 1.43483
0.89485 1.43312
0.89504 1.43187
0.89423 1.43411
0.89205 1.43514
0.89218 1.43890
0.89203 1.44524
0.89313 1.44824
0.88847 1.45068
0.88592 1.45647
0.88004 1.46364
0.87862 1.47363
0.87634 1.48031
0.87671 1.48223
0.87807 1.48489
0.87820 1.48623
0.87487 1.48740
0.87004 1.49078
0.86459 1.49412
0.86396 1.49938
0.86293 1.50294
0.86124 1.50567
0.85868 1.50801
0.85683 1.50920
0.85452 1.51312
0.85333 1.51739
0.85222 1.52183
0.84904 1.52814
0.84683 1.53404
0.84623 1.53785
0.84550 1.54077
0.84387 1.54361
0.84242 1.54704
0.84005 1.54888
0.83607 1.55189
0.83401 1.55410
0.83322 1.55685
0.83475 1.55980
0.83385 1.56340
0.82973 1.56702
0.82570 1.57069
0.82217 1.57489
0.81913 1.57911
0.81605 1.58142
0.81527 1.58476
0.81402 1.58887
0.81148 1.59236
0.80859 1.59566
0.80690 1.59833
0.80577 1.60016
0.80470 1.60350
0.80360 1.60678
0.79966 1.60975
0.79541 1.61297
0.79326 1.61636
0.79041 1.61809
0.78860 1.62083
0.78935 1.62364
0.78727 1.62644
0.78226 1.63045
0.78022 1.63519
0.77697 1.64054
0.77346 1.64436
0.76968 1.64723
0.76985 1.64881
0.77082 1.64964
0.77081 1.65071
0.76868 1.65341
0.76416 1.65872
0.75950 1.66215
0.75331 1.66664
0.74996 1.67072
0.74924 1.67432
0.74786 1.67840
0.74648 1.68290
0.74461 1.68966
0.74376 1.69332
0.74019 1.69417
0.73705 1.69433
0.73555 1.69554
0.73467 1.69805
0.73058 1.70177
0.72693 1.70456
0.72569 1.70674
0.72333 1.71001
0.72093 1.71245
0.71874 1.71330
0.71499 1.71696
0.71071 1.72109
0.70816 1.72534
0.70674 1.72907
0.70483 1.73139
0.70220 1.73464
0.69823 1.73659
0.69406 1.73943
0.68808 1.74600
0.68793 1.74613
0.68436 1.74873
0.68085 1.75059
0.67741 1.75324
0.67631 1.75559
0.67416 1.75962
0.67157 1.76365
0.66756 1.76568
0.66468 1.76702
0.66100 1.76891
0.65933 1.77073
0.65644 1.77286
0.65414 1.77673
0.65167 1.78010
0.64953 1.78278
0.64707 1.78527
0.64344 1.78875
0.63980 1.78855
0.63895 1.78956
0.63542 1.79297
0.63237 1.79658
0.62827 1.79855
0.62327 1.80215
0.62065 1.80445
0.61805 1.80781
0.61709 1.81139
0.61386 1.81574
0.61142 1.81665
0.61062 1.81775
0.60407 1.82176
0.59357 1.82806
0.59334 1.82821
0.58468 1.83193
0.58370 1.83649
0.57963 1.84388
0.57394 1.84254
0.57394 1.84254
0.56745 1.84400
0.56024 1.85037
0.56010 1.85051
0.55772 1.85292
0.55601 1.85580
0.54754 1.85934
0.54735 1.85943
0.54552 1.86191
0.54408 1.86627
0.54176 1.86751
0.53595 1.86987
0.53582 1.86996
0.53439 1.87136
0.53174 1.87508
0.52743 1.87726
0.52248 1.87954
0.51740 1.88104
0.50871 1.88594
0.50849 1.88605
0.50442 1.88676
0.49998 1.89307
0.49984 1.89323
0.49684 1.89567
0.49408 1.89851
0.49073 1.90222
0.48747 1.90379
0.48138 1.90396
0.48122 1.90397
0.47873 1.90591
0.47248 1.90688
0.46802 1.90881
0.46610 1.90942
0.46396 1.91149
0.46306 1.91511
0.45953 1.91912
0.45448 1.92187
0.45040 1.92246
0.44623 1.92530
0.43668 1.92613
0.43644 1.92616
0.43395 1.92934
0.43276 1.93025
0.43041 1.93078
0.42715 1.93153
0.42414 1.93208
0.42039 1.93448
0.41649 1.93907
0.41467 1.94289
0.41179 1.94497
0.40733 1.94787
0.40167 1.95116
0.39541 1.95380
0.39224 1.95635
0.38714 1.95846
0.38500 1.95929
0.38288 1.95829
0.38054 1.95831
0.37813 1.96009
0.37365 1.96156
0.37173 1.96363
0.36540 1.96566
0.35902 1.96732
0.35622 1.96999
0.35501 1.96889
0.35440 1.97098
0.34992 1.97147
0.34716 1.97312
0.34298 1.97674
0.33959 1.97652
0.33527 1.97508
0.32937 1.98036
0.32498 1.98303
0.31994 1.98875
0.31693 1.99045
0.31385 1.99004
0.31207 1.99003
0.31083 1.99002
0.30780 1.98962
0.30621 1.98985
0.29997 1.99133
0.29436 1.99404
0.28822 1.99674
0.28217 1.99827
0.27852 1.99918
0.27659 2.00068
0.27498 2.00412
0.27212 2.00642
0.27051 2.00722
0.26763 2.00559
0.26297 2.00458
0.25816 2.00418
0.25434 2.00718
0.25040 2.01101
0.24567 2.01310
0.24053 2.01404
0.23693 2.01404
0.23270 2.01405
0.23045 2.01572
0.22774 2.01801
0.22471 2.02004
0.22227 2.02089
0.21876 2.02037
0.21401 2.01990
0.20927 2.01990
0.20580 2.02119
0.19977 2.02103
0.19627 2.02312
0.19347 2.02650
0.18956 2.02819
0.18615 2.02678
0.18181 2.02619
0.17642 2.02772
0.17299 2.02962
0.16926 2.03205
0.16662 2.03254
0.16376 2.03290
0.16028 2.03221
0.15819 2.03229
0.15555 2.03195
0.15102 2.03176
0.14543 2.03077
0.13919 2.03109
0.13519 2.03550
0.12977 2.03835
0.12638 2.04003
0.12426 2.04022
0.12215 2.03917
0.11952 2.03929
0.11564 2.03709
0.11258 2.03336
0.10784 2.03567
0.10375 2.03726
0.09968 2.04058
0.09593 2.04333
0.09325 2.04506
0.09128 2.04312
0.08813 2.04381
0.08135 2.04182
0.07584 2.04101
0.06510 2.04267
0.06484 2.04270
0.06144 2.04485
0.05877 2.04536
0.05771 2.04645
0.05644 2.04657
0.05511 2.04569
0.05110 2.04496
0.04706 2.04504
0.04181 2.04598
0.03661 2.04696
0.03021 2.04927
0.02381 2.04934
0.01689 2.04865
0.01286 2.04828
0.01067 2.05017
0.00796 2.05071
0.00402 2.04942
0.00180 2.04969
-0.00069 2.04910
-0.00476 2.04901
-0.00910 2.05164
-0.01424 2.05172
-0.01680 2.05267
-0.01914 2.05109
-0.02215 2.04919
-0.02834 2.04965
-0.03165 2.05181
-0.03481 2.05301
-0.03842 2.05445
-0.04309 2.05325
-0.05959 2.05400
-0.06158 2.05202
-0.06325 2.05206
-0.06655 2.05020
-0.07226 2.04760
-0.07239 2.04754
-0.07521 2.04709
-0.09301 2.04998
-0.09853 2.05206
-0.10342 2.04913
-0.10468 2.04619
-0.10719 2.05081
-0.10719 2.05081
-0.10994 2.05239
-0.11226 2.05114
-0.13369 2.04480
-0.14258 2.04405
-0.14348 2.04504
-0.14619 2.04578
-0.15218 2.04396
-0.15788 2.04127
-0.16259 2.03955
-0.16832 2.04087
-0.17185 2.03878
-0.17205 2.03868
-0.17604 2.03969
-0.17757 2.03959
-0.18169 2.03925
-0.18624 2.03935
-0.19585 2.03791
-0.19608 2.03785
-0.20187 2.03621
-0.20727 2.03570
-0.21159 2.03568
-0.21284 2.03750
-0.21547 2.03689
-0.21731 2.03322
-0.22087 2.03280
-0.22524 2.03222
-0.23085 2.03193
-0.23822 2.02876
-0.24222 2.02850
-0.24499 2.02761
-0.24821 2.02600
-0.25151 2.02733
-0.25571 2.02752
-0.26180 2.02696
-0.26757 2.02621
-0.27051 2.02561
-0.27428 2.02390
-0.27486 2.01978
-0.27592 2.01834
-0.28136 2.01809
-0.28654 2.02005
-0.29369 2.02136
-0.29887 2.01951
-0.30212 2.01939
-0.30735 2.01712
-0.31019 2.01656
-0.31335 2.01704
-0.31718 2.01384
-0.32087 2.01284
-0.32231 2.01184
-0.32459 2.00885
-0.32630 2.00663
-0.32843 2.00527
-0.33136 2.00428
-0.33543 2.00555
-0.33914 2.00586
-0.34335 2.00299
-0.34879 1.99991
-0.35439 1.99771
-0.36001 1.99532
-0.36322 1.99464
-0.36443 1.99486
-0.36585 1.99457
-0.36716 1.99444
-0.37102 1.99300
-0.37542 1.99096
-0.38086 1.98782
-0.38481 1.98564
-0.39124 1.98472
-0.39701 1.98450
-0.40271 1.98674
-0.40655 1.98637
-0.40804 1.98386
-0.40929 1.98043
-0.41196 1.97923
-0.41344 1.97942
-0.41561 1.97691
-0.41901 1.97491
-0.42368 1.97224
-0.43147 1.97167
-0.43755 1.97046
-0.44283 1.97080
-0.44738 1.97034
-0.44838 1.96854
-0.45095 1.96702
-0.45153 1.96392
-0.45380 1.96078
-0.45620 1.95916
-0.46102 1.95521
-0.46644 1.95391
-0.47149 1.95284
-0.47554 1.95158
-0.47877 1.95071
-0.48149 1.94930
-0.48570 1.94774
-0.49196 1.94734
-0.49822 1.94432
-0.50023 1.94199
-0.50207 1.93976
-0.50167 1.93916
-0.50378 1.93834
-0.50899 1.93802
-0.51333 1.93463
-0.51840 1.93327
-0.51985 1.93062
-0.52071 1.92923
-0.52257 1.92886
-0.52609 1.92548
-0.52914 1.92044
-0.53400 1.91684
-0.53884 1.91716
-0.54172 1.91939
-0.54515 1.91756
-0.54965 1.91552
-0.55306 1.91413
-0.55589 1.91114
-0.55902 1.90914
-0.56157 1.90668
-0.56564 1.90320
-0.57034 1.90051
-0.57453 1.90032
-0.57798 1.89962
-0.57807 1.89959
-0.57957 1.89633
-0.58239 1.89264
-0.58594 1.88866
-0.59986 1.88369
-0.61006 1.87925
-0.61508 1.87726
-0.61906 1.87493
-0.62196 1.87268
-0.62337 1.87054
-0.62445 1.86863
-0.62519 1.86509
-0.62762 1.86215
-0.63147 1.86084
-0.63537 1.85784
-0.64399 1.85334
-0.64420 1.85322
-0.64686 1.85067
-0.65319 1.84598
-0.65788 1.84346
-0.66129 1.83954
-0.66292 1.83508
-0.66544 1.82863
-0.67632 1.82570
-0.67940 1.82668
-0.68334 1.82130
-0.68538 1.82136
-0.68856 1.81976
-0.69418 1.81648
-0.69628 1.81354
-0.70025 1.80891
-0.70391 1.79888
-0.70531 1.79690
-0.70887 1.79530
-0.71359 1.78908
-0.71372 1.78892
-0.71785 1.78637
-0.72272 1.78501
-0.72849 1.78373
-0.73244 1.78171
-0.73519 1.77836
-0.73838 1.77476
-0.74045 1.77045
-0.74226 1.76860
-0.74421 1.76598
-0.75504 1.75876
-0.75968 1.75660
-0.76023 1.75443
-0.75998 1.75178
-0.76540 1.74131
-0.76567 1.74083
-0.76857 1.73958
-0.77095 1.73723
-0.77540 1.73431
-0.78123 1.73262
-0.78454 1.73070
-0.78579 1.73010
-0.78900 1.72682
-0.79295 1.72278
-0.79548 1.71890
-0.79676 1.71649
-0.79793 1.71548
-0.79722 1.71473
-0.80158 1.71103
-0.80632 1.70676
-0.80974 1.70476
-0.81337 1.69987
-0.81572 1.69581
-0.81858 1.69253
-0.81918 1.68866
-0.81964 1.68594
-0.82162 1.68487
-0.82440 1.68205
-0.82741 1.67925
-0.83018 1.67634
-0.83360 1.67317
-0.83633 1.67098
-0.83768 1.66541
-0.83873 1.65952
-0.84089 1.65758
-0.84399 1.65690
-0.84702 1.65515
-0.84960 1.65467
-0.85271 1.65248
-0.85506 1.64940
-0.85759 1.64574
-0.86104 1.64146
-0.86366 1.63702
-0.86595 1.63193
-0.86770 1.62943
-0.86778 1.62699
-0.86859 1.62264
-0.87165 1.61891
-0.87409 1.61660
-0.87777 1.61416
-0.88109 1.60943
-0.88447 1.60516
-0.88802 1.60207
-0.89018 1.60035
-0.89302 1.60192
-0.89322 1.60076
-0.89410 1.59746
-0.89477 1.59328
-0.89569 1.58677
-0.89743 1.58173
-0.90154 1.57612
-0.90524 1.57262
-0.90819 1.57028
-0.90987 1.57004
-0.91254 1.56907
-0.91585 1.56717
-0.91708 1.56322
-0.91773 1.55768
-0.91845 1.55388
-0.92112 1.55147
-0.92303 1.54954
-0.92407 1.54864
-0.92701 1.54467
-0.93025 1.54064
-0.93196 1.53609
-0.93342 1.53251
-0.93485 1.53055
-0.93692 1.52654
-0.93888 1.52453
-0.93952 1.51983
-0.94225 1.51635
-0.94500 1.51392
-0.94493 1.51239
-0.94492 1.51080
-0.94920 1.50533
-0.95106 1.50106
-0.95360 1.49324
-0.95178 1.48870
-0.95199 1.48439
-0.95475 1.48077
-0.95771 1.47810
-0.95970 1.47558
-0.95944 1.47382
-0.96241 1.47330
-0.96604 1.47118
-0.97075 1.46598
-0.97011 1.46019
-0.97110 1.45652
-0.97203 1.45206
-0.97459 1.44840
-0.97660 1.44414
-0.97850 1.44080
-0.97964 1.43775
-0.98103 1.43495
-0.98094 1.43070
-0.98030 1.42623
-0.98177 1.42072
-0.98374 1.41644
-0.98534 1.41334
-0.98792 1.41040
-0.98820 1.40887
-0.98949 1.40793
-0.98988 1.40506
-0.99220 1.40176
-0.99509 1.39656
-0.99665 1.39146
-0.99830 1.38641
-0.99897 1.38139
-0.99942 1.37653
-1.00096 1.37122
-1.00278 1.36829
-1.00417 1.36546
-1.00420 1.36537
-1.00417 1.36447
-1.00560 1.36117
-1.00661 1.35647
-1.00726 1.35118
-1.00904 1.34563
-1.01170 1.34133
-1.01386 1.33817
-1.01482 1.33559
-1.01623 1.33335
-1.01636 1.33085
-1.01687 1.32722
-1.01879 1.32082
-1.02118 1.31508
-1.02224 1.31021
-1.02108 1.30676
-1.02257 1.30460
-1.02491 1.30145
-1.02868 1.29953
-1.03053 1.29748
-1.03235 1.29416
-1.03127 1.29124
-1.03127 1.27183
-1.03108 1.26568
-1.03237 1.25726
-1.03237 1.25726
-1.03692 1.25454
-1.03759 1.25277
-1.04162 1.25070
-1.04250 1.25106
-1.04001 1.25001
-1.03875 1.24685
-1.03870 1.23521
-1.03868 1.23489
-1.03830 1.22981
-1.04042 1.22205
-1.04251 1.21816
-1.04401 1.21630
-1.04710 1.21299
-1.04836 1.21076
-1.04931 1.20838
-1.04954 1.20643
-1.04673 1.20346
-1.04667 1.19717
-1.04676 1.18651
-1.04675 1.18624
-1.04779 1.18332
-1.05329 1.17247
-1.05576 1.16898
-1.05570 1.15581
-1.05372 1.14976
-1.05390 1.14507
-1.05412 1.14030
-1.05623 1.13670
-1.05711 1.13531
-1.05718 1.13437
-1.05756 1.13156
-1.05414 1.12564
-1.05326 1.12153
-1.05774 1.11721
-1.05931 1.11329
-1.06043 1.10718
-1.06206 1.10194
-1.06064 1.09810
-1.06008 1.09412
-1.05903 1.09302
-1.05846 1.08901
-1.05867 1.08462
-1.05854 1.08053
-1.06073 1.07627
-1.06366 1.07228
-1.06317 1.06769
-1.06110 1.06372
-1.05935 1.06049
-1.05808 1.05834
-1.05897 1.05523
-1.06157 1.04998
-1.06142 1.04443
-1.05943 1.03783
-1.05953 1.03246
-1.05912 1.02735
-1.06353 1.02611
-1.06465 1.02349
-1.06534 1.02143
-1.06458 1.02035
-1.06283 1.01760
-1.06220 1.01382
-1.06182 1.00901
-1.06081 1.00435
-1.06126 1.00014
-1.06217 0.99452
-1.06409 0.98909
-1.06436 0.98493
-1.06451 0.98065
-1.06453 0.97735
-1.06327 0.97276
-1.06197 0.96889
-1.06088 0.96444
-1.06007 0.96048
-1.05982 0.95885
-1.05883 0.95497
-1.05968 0.95159
-1.06096 0.94664
-1.06253 0.94194
-1.06266 0.93738
-1.06046 0.93337
-1.06091 0.93058
-1.06129 0.92888
-1.06075 0.92418
-1.05917 0.91952
-1.05830 0.91470
-1.05853 0.91176
-1.05861 0.90675
-1.05898 0.90219
-1.05774 0.89980
-1.05521 0.89762
-1.05290 0.89467
-1.05234 0.89062
-1.05184 0.88592
-1.05289 0.88069
-1.05289 0.87507
-1.05331 0.86831
-1.05540 0.86575
-1.05475 0.86427
-1.05481 0.86376
-1.05473 0.86354
-1.05348 0.85653
-1.04965 0.85090
-1.04482 0.84291
-1.04229 0.83553
-1.04244 0.83053
-1.04301 0.82849
-1.04652 0.82387
-1.04463 0.82016
-1.04091 0.81800
-1.03886 0.81307
-1.04052 0.80605
-1.04051 0.80187
-1.04042 0.79893
-1.03988 0.79579
-1.03824 0.79259
-1.03185 0.77534
-1.03168 0.77004
-1.03175 0.76791
-1.02809 0.75786
-1.02840 0.75617
-1.02817 0.75465
-1.02629 0.75071
-1.02292 0.74562
-1.02166 0.74126
-1.02285 0.73520
-1.02248 0.73183
-1.02209 0.72732
-1.02163 0.72230
-1.01803 0.71806
-1.01646 0.71567
-1.01455 0.71386
-1.01368 0.71016
-1.01349 0.70645
-1.00920 0.69173
-1.00630 0.68812
-1.00624 0.68054
-1.00621 0.68035
-1.00437 0.67059
-1.00117 0.66580
-0.99803 0.66333
-0.99334 0.66021
-0.99323 0.66013
-0.99017 0.65481
-0.99007 0.64778
-0.98967 0.63171
-0.98790 0.62957
-0.98589 0.62799
-0.98464 0.62631
-0.98050 0.61577
-0.98043 0.61262
-0.97673 0.60888
-0.97162 0.60127
-0.97149 0.60108
-0.97139 0.59439
-0.97109 0.58996
-0.97092 0.58735
-0.96965 0.58364
-0.96582 0.58012
-0.96367 0.57825
-0.96136 0.57700
-0.95955 0.57799
-0.95924 0.57555
-0.95660 0.57068
-0.95351 0.56638
-0.95253 0.56020
-0.95165 0.55394
-0.94825 0.55100
-0.94610 0.54905
-0.94363 0.54382
-0.94309 0.53872
-0.94244 0.53368
-0.94179 0.52924
-0.94178 0.52857
-0.94035 0.52826
-0.93922 0.52739
-0.93362 0.52466
-0.92760 0.51988
-0.92599 0.51480
-0.92333 0.50963
-0.92324 0.50296
-0.92368 0.49981
-0.92505 0.49996
-0.92353 0.49738
-0.92190 0.49361
-0.91679 0.48880
-0.91087 0.48664
-0.90707 0.48401
-0.90606 0.48145
-0.90402 0.47910
-0.90253 0.47421
-0.90135 0.46815
-0.90113 0.46330
-0.90054 0.45983
-0.89944 0.45629
-0.89764 0.45449
-0.89466 0.45249
-0.89082 0.44998
-0.88520 0.44788
-0.88042 0.44795
-0.88004 0.44553
-0.87994 0.44151
-0.87887 0.43575
-0.87886 0.43187
-0.87596 0.42723
-0.87109 0.42405
-0.86711 0.42035
-0.86461 0.41731
-0.86319 0.41466
-0.86226 0.41256
-0.86033 0.40848
-0.85899 0.40565
-0.85679 0.40176
-0.85490 0.39854
-0.85248 0.39665
-0.84835 0.39301
-0.84331 0.38917
-0.84161 0.38583
-0.84117 0.38220
-0.84203 0.37745
-0.84092 0.37357
-0.83496 0.36992
-0.82864 0.36544
-0.82391 0.36310
-0.82056 0.35984
-0.81900 0.35757
-0.81953 0.35417
-0.81896 0.35074
-0.81901 0.34945
-0.81536 0.34941
-0.81139 0.34736
-0.80747 0.34491
-0.80391 0.34328
-0.80112 0.33911
-0.79818 0.33493
-0.79429 0.32879
-0.79246 0.32454
-0.79288 0.32053
-0.79215 0.31975
-0.78883 0.32037
-0.78506 0.31554
-0.77981 0.31210
-0.77684 0.30932
-0.77530 0.30723
-0.77552 0.30231
-0.77449 0.29978
-0.77160 0.29824
-0.76657 0.29306
-0.76133 0.29162
-0.75767 0.29089
-0.75436 0.28947
-0.75033 0.29023
-0.74938 0.28794
-0.74796 0.28220
-0.74639 0.27928
-0.74453 0.27432
-0.74069 0.27152
-0.73616 0.26929
-0.73369 0.26814
-0.73205 0.26684
-0.73105 0.26329
-0.72925 0.25959
-0.72671 0.25571
-0.72387 0.25348
-0.71869 0.25078
-0.71483 0.24809
-0.71154 0.24668
-0.71044 0.24604
-0.70779 0.24497
-0.70530 0.24358
-0.70288 0.24104
-0.70025 0.23776
-0.69749 0.23491
-0.69504 0.23027
-0.69152 0.22806
-0.68767 0.22692
-0.68603 0.22589
-0.68207 0.22324
-0.67828 0.21931
-0.67539 0.21499
-0.67482 0.21352
-0.67347 0.21354
-0.66991 0.21280
-0.66235 0.20718
-0.66217 0.20706
-0.65970 0.20330
-0.65640 0.20115
-0.65317 0.19857
-0.64515 0.19669
-0.64496 0.19663
-0.64143 0.19422
-0.63862 0.18886
-0.63675 0.18770
-0.63573 0.18553
-0.63216 0.18479
-0.62047 0.17338
-0.61632 0.17150
-0.61400 0.16891
-0.61166 0.16908
-0.60606 0.16659
-0.60591 0.16652
-0.60122 0.16550
-0.59271 0.15860
-0.59264 0.15855
-0.58965 0.15555
-0.58800 0.15220
-0.58476 0.14738
-0.58087 0.14493
-0.57759 0.14280
-0.57278 0.14268
-0.56932 0.14256
-0.56633 0.14146
-0.56466 0.14173
-0.56187 0.13842
-0.55322 0.13242
-0.55302 0.13229
-0.55071 0.12994
-0.54755 0.12837
-0.53906 0.12831
-0.53651 0.12782
-0.53408 0.12589
-0.52780 0.11984
-0.52749 0.11957
-0.52308 0.11675
-0.51752 0.11464
-0.51417 0.11333
-0.50482 0.10727
-0.50250 0.10597
-0.49720 0.10492
-0.49273 0.10436
-0.48828 0.10379
-0.48729 0.10343
-0.48611 0.10393
-0.48230 0.10246
-0.47968 0.09931
-0.47517 0.09584
-0.47057 0.09144
-0.46488 0.09171
-0.46200 0.09088
-0.45799 0.08883
-0.45522 0.08691
-0.45194 0.08281
-0.45046 0.08014
-0.44673 0.07770
-0.44181 0.07530
-0.43608 0.07366
-0.43278 0.07433
-0.43016 0.07547
-0.42634 0.07565
-0.42397 0.07523
-0.42068 0.07436
-0.41651 0.07333
-0.41233 0.06877
-0.40923 0.06491
-0.40474 0.06149
-0.40058 0.05985
-0.39681 0.05809
-0.39280 0.06137
-0.39048 0.06316
-0.38893 0.06270
-0.38658 0.06115
-0.38437 0.05983
-0.37934 0.05593
-0.37318 0.05150
-0.36707 0.04904
-0.36323 0.04749
-0.36069 0.04898
-0.35941 0.05047
-0.35787 0.05043
-0.35530 0.04997
-0.34970 0.04786
-0.34482 0.04628
-0.33848 0.04411
-0.33358 0.04177
-0.33110 0.03941
-0.32850 0.03573
-0.32603 0.03509
-0.32401 0.03608
-0.32119 0.03663
-0.31685 0.03884
-0.31266 0.03935
-0.30940 0.03819
-0.30482 0.03546
-0.30148 0.03105
-0.29653 0.02776
-0.29371 0.02610
-0.28916 0.02610
-0.28544 0.02487
-0.28227 0.02705
-0.27857 0.02674
-0.27625 0.02543
-0.27212 0.02350
-0.27074 0.02011
-0.26772 0.01876
-0.26499 0.01609
-0.26075 0.01627
-0.25660 0.01830
-0.25285 0.01932
-0.24695 0.01885
-0.24073 0.01857
-0.23424 0.01737
-0.22970 0.01627
-0.22740 0.01439
-0.22597 0.01367
-0.22322 0.01249
-0.21879 0.01211
-0.21462 0.01065
-0.20944 0.01176
-0.20585 0.01236
-0.20153 0.01252
-0.19793 0.01150
-0.19469 0.00986
-0.19081 0.01038
-0.18790 0.00953
-0.18251 0.01137
-0.17890 0.00945
-0.17701 0.00772
-0.17304 0.00395
-0.16853 0.00516
-0.16277 0.00484
-0.15859 0.00494
-0.15537 0.00493
-0.15173 0.00307
-0.14510 0.00068
-0.14137 0.00178
-0.13718 0.00175
-0.13342 0.00168
-0.13128 0.00166
-0.12921 0.00259
-0.12765 0.00379
-0.12457 0.00341
-0.11960 0.00206
-0.11356 0.00086
-0.10793 0.00021
-0.10237 -0.00112
-0.09812 -0.00125
-0.09516 -0.00063
-0.09138 -0.00068
-0.08813 0.00004
-0.08550 -0.00167
-0.08253 -0.00297
-0.07914 -0.00399
-0.07494 -0.00531
-0.07122 -0.00431
-0.06693 -0.00278
-0.06249 -0.00190
-0.05902 -0.00185
-0.05452 -0.00075
-0.05042 -0.00046
-0.03559 -0.00081
-0.03249 -0.00160
-0.01896 -0.00183
-0.01539 -0.00003
-0.01172 -0.00049
-0.01151 -0.00204
-0.00920 -0.00291
-0.00655 -0.00196
-0.00168 -0.00087
0.00197 0.00155
0.00229 0.00400
-0.00097 0.00395
-0.00836 -0.00315
-0.00978 -0.00282
-0.01101 -0.00251
-0.01085 0.00105
-0.00820 0.00178
-0.00275 0.00050
-0.00271 0.00048
-0.00133 -0.00004
-0.00387 -0.00065
-0.00460 -0.00236
-0.00617 -0.00232
-0.00803 -0.00042
-0.00950 0.00177
-0.00640 0.00150
-0.00409 -0.00023
-0.00477 -0.00309
-0.00477 -0.00317
-0.00543 -0.00231
-0.00542 0.00116
-0.00608 0.00187
-0.00609 0.00189
-0.00608 -0.00043
-0.00458 -0.00234
-0.00498 -0.00211
-0.00572 -0.00265
-0.00607 -0.00189
-0.00619 -0.00119
-0.00627 0.00130
