-0.00803 -0.00568
-0.00722 -0.00566
-0.00978 -0.00438
-0.01034 -0.00444
-0.00926 -0.00412
-0.00780 -0.00346
-0.00737 -0.00423
-0.00840 -0.00414
-0.00977 -0.00158
-0.00982 -0.00151
-0.01097 -0.00066
-0.01118 -0.00266
-0.01079 -0.00627
-0.00766 -0.00678
-0.00823 -0.00510
-0.00842 -0.00366
-0.00931 -0.00245
-0.00807 -0.00465
-0.00743 -0.00580
-0.00809 -0.00574
-0.01032 -0.00690
-0.00923 -0.00039
-0.00922 -0.00033
-0.00876 0.00014
-0.00890 -0.00143
-0.00973 -0.00450
-0.00976 -0.00459
-0.00911 -0.00668
-0.01186 -0.00627
-0.01193 -0.00625
-0.01158 -0.00418
-0.01203 -0.00237
-0.01054 -0.00130
-0.00917 -0.00363
-0.00911 -0.00369
-0.00897 -0.00652
-0.01023 -0.00640
-0.01026 -0.00640
-0.00950 -0.00287
-0.01130 -0.00022
-0.01076 -0.00005
-0.00965 -0.00071
-0.00771 -0.00370
-0.00734 -0.00660
-0.00693 -0.00620
-0.00878 -0.00450
-0.01093 -0.00299
-0.00845 -0.00265
-0.00838 -0.00265
-0.00391 -0.00417
0.00095 -0.00402
0.00995 -0.00509
0.01853 -0.00492
0.01932 -0.00290
0.02042 -0.00142
0.02252 -0.00142
0.02368 0.00016
0.02765 -0.00075
0.03135 -0.00134
0.03670 -0.00383
0.04036 -0.00395
0.04506 -0.00264
0.05083 -0.00141
0.05546 -0.00050
0.05957 0.00125
0.06284 0.00251
0.06491 0.00013
0.07022 0.00207
0.07037 0.00209
0.07430 0.00367
0.08728 0.00493
0.10349 0.00353
0.11217 0.00730
0.11414 0.00839
0.11686 0.00935
0.11696 0.00939
0.12152 0.00949
0.14053 0.01511
0.14796 0.01533
0.14818 0.01535
0.15119 0.01318
0.15451 0.01240
0.15881 0.01563
0.16274 0.01796
0.16621 0.01935
0.16983 0.02036
0.17316 0.01915
0.17552 0.01937
0.17852 0.01916
0.18002 0.01851
0.18439 0.02064
0.18983 0.02098
0.19412 0.02288
0.20013 0.02302
0.20505 0.02515
0.20858 0.02527
0.21250 0.02539
0.21686 0.02757
0.21883 0.02735
0.22100 0.03074
0.22505 0.03290
0.22935 0.03524
0.23237 0.03581
0.23559 0.03537
0.23938 0.03510
0.24350 0.03612
0.24654 0.03685
0.25147 0.03931
0.25585 0.04085
0.26027 0.04273
0.26490 0.04325
0.26968 0.04401
0.27378 0.04462
0.27758 0.04450
0.27930 0.04426
0.28152 0.04535
0.28491 0.04746
0.28796 0.05095
0.29098 0.05450
0.29503 0.05694
0.29895 0.05758
0.30233 0.05870
0.30638 0.05812
0.31060 0.06062
0.31399 0.06074
0.31822 0.06304
0.32293 0.06349
0.32732 0.06406
0.33207 0.06598
0.33565 0.06763
0.33856 0.06885
0.34131 0.07008
0.34335 0.07124
0.34596 0.07194
0.34820 0.07289
0.35220 0.07471
0.35594 0.07948
0.36025 0.08148
0.36526 0.08327
0.36898 0.08493
0.37317 0.08650
0.37721 0.08655
0.37956 0.08739
0.38443 0.08760
0.38720 0.08818
0.38864 0.09018
0.39236 0.09263
0.39591 0.09490
0.39986 0.09851
0.40462 0.10129
0.40851 0.10400
0.41178 0.10675
0.41603 0.10836
0.41845 0.10804
0.41944 0.10598
0.42202 0.10637
0.42746 0.10861
0.43206 0.10853
0.43683 0.11113
0.43888 0.11841
0.44149 0.12095
0.44335 0.12339
0.44711 0.12561
0.45061 0.12648
0.45460 0.12647
0.46004 0.12811
0.46525 0.13249
0.46837 0.13606
0.47156 0.13828
0.47507 0.13921
0.47850 0.14082
0.48118 0.14244
0.48381 0.14157
0.48572 0.14110
0.48615 0.14175
0.48900 0.14428
0.49321 0.14866
0.49800 0.15306
0.50126 0.15510
0.50442 0.15860
0.50857 0.16092
0.51245 0.16382
0.51626 0.16652
0.52140 0.16646
0.52518 0.16835
0.52999 0.16936
0.53389 0.17318
0.53487 0.17552
0.53644 0.17771
0.53853 0.18074
0.53964 0.18420
0.54217 0.18618
0.54348 0.18734
0.54814 0.18794
0.55277 0.18742
0.55497 0.18969
0.55806 0.19368
0.56351 0.19775
0.56820 0.20236
0.57129 0.20539
0.57331 0.21045
0.57629 0.21163
0.57839 0.21158
0.57846 0.20993
0.57898 0.21064
0.58168 0.21078
0.58624 0.21188
0.60277 0.22470
0.61256 0.23688
0.61408 0.23864
0.61463 0.23893
0.61576 0.23852
0.61916 0.23889
0.63036 0.25078
0.63358 0.25230
0.63560 0.25256
0.63592 0.25405
0.63936 0.25869
0.64418 0.26257
0.64934 0.26535
0.65179 0.26851
0.65536 0.27037
0.66278 0.27942
0.66487 0.28232
0.66597 0.28181
0.67087 0.28543
0.67459 0.28757
0.68137 0.29771
0.68154 0.29794
0.68531 0.30210
0.68687 0.30524
0.69423 0.30622
0.69694 0.31046
0.70383 0.32370
0.70799 0.32698
0.71271 0.32868
0.71547 0.33202
0.71689 0.33268
0.71811 0.33302
0.72037 0.33276
0.72175 0.33299
0.72375 0.33537
0.72914 0.34437
0.72928 0.34460
0.73237 0.35133
0.74074 0.36302
0.74089 0.36322
0.74271 0.36563
0.74477 0.36907
0.74749 0.37161
0.75029 0.37398
0.75192 0.37423
0.75401 0.37686
0.75404 0.37989
0.75603 0.38282
0.75949 0.38420
0.76218 0.38427
0.76476 0.38875
0.76637 0.39438
0.76906 0.40048
0.77214 0.40620
0.77480 0.41098
0.77792 0.41231
0.78031 0.41497
0.78375 0.41619
0.78839 0.41932
0.78842 0.42191
0.79073 0.42305
0.79136 0.42411
0.79034 0.42594
0.79257 0.42836
0.79412 0.43205
0.79705 0.43368
0.80038 0.44092
0.80579 0.44597
0.80926 0.45053
0.81209 0.45366
0.81472 0.45891
0.81471 0.46006
0.81142 0.46219
0.81242 0.46571
0.81595 0.46461
0.82142 0.46610
0.82591 0.47190
0.82885 0.47606
0.82755 0.47811
0.82609 0.48153
0.82604 0.48578
0.82940 0.48990
0.83327 0.49260
0.83775 0.49711
0.84130 0.50274
0.84408 0.50721
0.84680 0.50956
0.84902 0.51144
0.84947 0.51487
0.85056 0.51871
0.85244 0.52334
0.85387 0.52635
0.85547 0.52963
0.85731 0.53045
0.85788 0.53256
0.85842 0.53470
0.86182 0.53912
0.86465 0.54127
0.86846 0.54664
0.87058 0.55286
0.87175 0.55679
0.87298 0.56232
0.87385 0.56349
0.87492 0.56500
0.87654 0.56837
0.87763 0.57233
0.88029 0.57602
0.88162 0.57984
0.88382 0.58681
0.88496 0.59192
0.88624 0.59535
0.88912 0.59575
0.89099 0.59606
0.89346 0.60034
0.89379 0.60456
0.89279 0.61115
0.89306 0.61650
0.89471 0.62231
0.90016 0.62693
0.90360 0.62816
0.90529 0.63124
0.90383 0.63484
0.90434 0.63770
0.90321 0.64051
0.90536 0.64478
0.91040 0.64643
0.91197 0.64723
0.91579 0.65216
0.91388 0.65886
0.91256 0.66192
0.91307 0.66556
0.91611 0.67331
0.91906 0.67656
0.92248 0.67908
0.92440 0.68123
0.92482 0.68569
0.92356 0.69089
0.92452 0.69583
0.92425 0.69923
0.92656 0.70098
0.92984 0.70389
0.93184 0.70661
0.93246 0.71153
0.93133 0.71571
0.93177 0.71938
0.93392 0.72372
0.93699 0.72760
0.93860 0.73244
0.93796 0.73576
0.93816 0.73883
0.93761 0.74115
0.93883 0.74455
0.94147 0.74745
0.94382 0.75173
0.94371 0.75517
0.94479 0.75772
0.94568 0.76186
0.94763 0.76885
0.94868 0.77467
0.95002 0.78002
0.94973 0.78302
0.94893 0.78579
0.95010 0.78757
0.95223 0.79017
0.95397 0.79294
0.95473 0.79520
0.95539 0.80056
0.95750 0.80511
0.95600 0.80851
0.95653 0.81136
0.95739 0.81438
0.95864 0.81854
0.96364 0.82665
0.96387 0.82707
0.96658 0.83236
0.96624 0.83711
0.96376 0.84374
0.96364 0.84759
0.96333 0.85295
0.96479 0.85629
0.96776 0.85903
0.97012 0.86227
0.96905 0.86482
0.96678 0.86643
0.96776 0.86847
0.96828 0.87115
0.96891 0.87529
0.97141 0.88082
0.97211 0.88674
0.97218 0.89872
0.97218 0.89902
0.97315 0.90240
0.97361 0.90568
0.97289 0.90996
0.97443 0.91447
0.97487 0.92048
0.97696 0.92473
0.97443 0.93714
0.97484 0.93962
0.97773 0.94667
0.97777 0.94686
0.97823 0.95063
0.97600 0.95733
0.98108 0.97285
0.98085 0.97520
0.98106 0.97724
0.97861 0.98085
0.97806 0.98343
0.97822 0.98580
0.98320 0.99526
0.98329 0.99547
0.98270 1.00007
0.98229 1.00498
0.98144 1.01174
0.98096 1.01870
0.98054 1.02388
0.98101 1.02346
0.98114 1.02592
0.98001 1.02679
0.98001 1.02679
0.97955 1.03480
0.98026 1.03917
0.97950 1.04232
0.97966 1.04616
0.98158 1.05548
0.98162 1.05572
0.98284 1.06012
0.98176 1.06499
0.97907 1.06993
0.97746 1.07434
0.97790 1.08631
0.97827 1.08961
0.97803 1.09258
0.97838 1.09399
0.97858 1.09717
0.97913 1.10049
0.97574 1.10472
0.97416 1.10948
0.97225 1.11952
0.97220 1.11976
0.97590 1.12442
0.97679 1.13186
0.97680 1.13205
0.97453 1.13394
0.97552 1.13698
0.97319 1.13849
0.97008 1.14228
0.97022 1.14510
0.97192 1.14988
0.97068 1.15651
0.97061 1.15962
0.97152 1.16300
0.96997 1.16712
0.96892 1.17038
0.96752 1.17614
0.96762 1.17940
0.96767 1.18390
0.96571 1.18728
0.96405 1.19134
0.96126 1.19701
0.96280 1.19982
0.96529 1.20192
0.96592 1.20657
0.96438 1.20992
0.96063 1.21094
0.95755 1.21583
0.95544 1.21905
0.95836 1.22273
0.95909 1.22672
0.95975 1.23261
0.95917 1.23638
0.95658 1.24062
0.95482 1.24382
0.95317 1.24713
0.95241 1.24867
0.95122 1.25118
0.95013 1.25484
0.95078 1.25976
0.95165 1.26310
0.94984 1.26766
0.94743 1.27191
0.94449 1.27645
0.94442 1.28064
0.94390 1.28577
0.94215 1.29182
0.94273 1.29487
0.94159 1.29704
0.94129 1.29800
0.94062 1.30178
0.93871 1.30484
0.93533 1.30851
0.93492 1.31123
0.93295 1.31701
0.93382 1.32106
0.93503 1.32356
0.93381 1.32533
0.93138 1.32917
0.92653 1.33371
0.92417 1.33969
0.92442 1.34745
0.92594 1.35279
0.92490 1.35976
0.92279 1.35953
0.92118 1.35970
0.92037 1.35924
0.91751 1.36050
0.91679 1.36318
0.91905 1.36980
0.91972 1.36940
0.91765 1.36991
0.91505 1.37305
0.91263 1.37727
0.91161 1.38148
0.91062 1.38627
0.90585 1.39395
0.90395 1.39796
0.90455 1.40618
0.90342 1.40922
0.90361 1.41182
0.90260 1.41541
0.90194 1.41838
0.89706 1.42080
0.89518 1.42207
0.89273 1.42234
0.89083 1.42313
0.89081 1.42447
0.88865 1.42939
0.88674 1.43536
0.88625 1.44119
0.88533 1.44548
0.88435 1.44991
0.88322 1.45587
0.88048 1.46095
0.87979 1.46681
0.87777 1.47222
0.87616 1.47446
0.87467 1.47786
0.87159 1.48114
0.86820 1.48321
0.86779 1.48515
0.86725 1.48725
0.86724 1.48870
0.86544 1.49051
0.86254 1.49249
0.85982 1.49669
0.85796 1.50284
0.85704 1.50933
0.85467 1.51551
0.85202 1.52219
0.84984 1.52809
0.84749 1.53285
0.84565 1.53718
0.84432 1.53756
0.84300 1.53645
0.84003 1.53794
0.83454 1.54655
0.83350 1.55061
0.82985 1.55910
0.82985 1.55910
0.82237 1.57358
0.81856 1.57749
0.81226 1.58877
0.81046 1.59182
0.80701 1.59430
0.80469 1.59979
0.80464 1.59993
0.80415 1.60231
0.80013 1.60781
0.80004 1.60794
0.79652 1.61121
0.79383 1.61248
0.79250 1.61597
0.79073 1.62084
0.78365 1.63143
0.78350 1.63167
0.78013 1.63560
0.77753 1.64052
0.77747 1.64066
0.77722 1.64093
0.77503 1.64256
0.77229 1.64571
0.76741 1.65314
0.76729 1.65330
0.76398 1.65867
0.76080 1.66311
0.75657 1.66507
0.75566 1.66770
0.75408 1.67128
0.75415 1.67660
0.75327 1.67662
0.74352 1.68639
0.73681 1.69122
0.73618 1.69448
0.73596 1.69657
0.73540 1.70070
0.72710 1.70712
0.72233 1.70978
0.71743 1.71308
0.71435 1.71447
0.71204 1.71718
0.71180 1.72030
0.70597 1.72403
0.70428 1.72641
0.69996 1.72948
0.69551 1.73345
0.69169 1.73841
0.68807 1.74569
0.68383 1.75213
0.68190 1.75777
0.68027 1.76087
0.67794 1.76351
0.67416 1.76448
0.67009 1.76481
0.66732 1.76239
0.66553 1.76155
0.66463 1.76103
0.66349 1.76070
0.66062 1.76398
0.65591 1.76973
0.65452 1.77642
0.65087 1.78086
0.64852 1.78324
0.64531 1.78575
0.63981 1.79138
0.63802 1.79367
0.63603 1.79651
0.63341 1.79878
0.63128 1.79926
0.62868 1.79848
0.62623 1.79790
0.62397 1.79726
0.62121 1.79945
0.61700 1.80198
0.61358 1.80609
0.61004 1.81120
0.60769 1.81699
0.60492 1.82202
0.60195 1.82630
0.59666 1.82781
0.59315 1.82979
0.58967 1.83181
0.58748 1.83341
0.58577 1.83435
0.58324 1.83513
0.58186 1.83600
0.57944 1.83870
0.57603 1.84239
0.57260 1.84505
0.56813 1.84920
0.56322 1.85313
0.55852 1.85684
0.55652 1.86147
0.55469 1.86539
0.55250 1.86853
0.54880 1.86808
0.54459 1.86767
0.54191 1.86849
0.54048 1.87005
0.53900 1.87058
0.53602 1.87086
0.53256 1.87155
0.52940 1.87261
0.52605 1.87405
0.52064 1.87941
0.51591 1.88228
0.51076 1.88780
0.50769 1.89351
0.50542 1.89817
0.50203 1.89977
0.50160 1.90066
0.49870 1.89992
0.49578 1.89900
0.49386 1.90169
0.48960 1.90400
0.48218 1.90647
0.47681 1.90795
0.47398 1.91072
0.47222 1.91354
0.47122 1.91716
0.46825 1.92103
0.46597 1.92261
0.46085 1.92303
0.45617 1.92603
0.45056 1.93042
0.44709 1.93108
0.44724 1.93087
0.44336 1.92725
0.43989 1.92972
0.43516 1.93105
0.43310 1.93410
0.43099 1.93750
0.42747 1.93779
0.42610 1.93909
0.42087 1.93994
0.41723 1.94126
0.41065 1.94366
0.40555 1.94757
0.40161 1.95006
0.40069 1.95206
0.39771 1.95392
0.39406 1.95483
0.38986 1.95640
0.38534 1.95809
0.38017 1.95904
0.37677 1.96003
0.37522 1.96146
0.37315 1.96375
0.36979 1.96695
0.36533 1.96921
0.36098 1.97118
0.35672 1.97266
0.35230 1.97252
0.34865 1.97405
0.34520 1.97671
0.34223 1.97810
0.33966 1.97860
0.33714 1.97959
0.32851 1.98300
0.32828 1.98307
0.32491 1.98481
0.32109 1.98601
0.31675 1.98862
0.30461 1.98868
0.30181 1.98929
0.29864 1.99156
0.29581 1.99549
0.29332 1.99833
0.28922 1.99976
0.28404 2.00154
0.26978 2.00231
0.25910 2.01067
0.24823 2.01501
0.24238 2.01563
0.23790 2.01571
0.23660 2.01456
0.23426 2.01497
0.22660 2.01700
0.22642 2.01705
0.22101 2.02142
0.22085 2.02152
0.21838 2.02125
0.21543 2.02118
0.21327 2.02307
0.20829 2.02320
0.20236 2.02658
0.18676 2.02895
0.18642 2.02636
0.18239 2.02755
0.18108 2.02857
0.17724 2.02907
0.17286 2.03260
0.17062 2.03370
0.16635 2.03126
0.15106 2.03440
0.15039 2.03615
0.14660 2.03800
0.14345 2.03866
0.14163 2.03981
0.14027 2.03929
0.13468 2.03641
0.13454 2.03633
0.12732 2.03446
0.12715 2.03442
0.12379 2.03583
0.11945 2.03820
0.11447 2.03988
0.09901 2.04565
0.09749 2.04669
0.09346 2.04653
0.08835 2.04460
0.08186 2.04367
0.08169 2.04364
0.07864 2.04411
0.07564 2.04379
0.06019 2.04743
0.05234 2.05148
0.05213 2.05158
0.04936 2.05241
0.04591 2.05370
0.04275 2.05218
0.03975 2.05198
0.03436 2.05039
0.02876 2.05056
0.02484 2.05080
0.02010 2.05174
0.01773 2.05691
0.01468 2.05443
0.00986 2.05340
0.00746 2.05080
0.00370 2.05273
0.00084 2.05374
-0.00565 2.05314
-0.01067 2.05276
-0.01437 2.05465
-0.01690 2.05643
-0.02074 2.05759
-0.02393 2.05872
-0.02818 2.05646
-0.03371 2.05502
-0.03854 2.05432
-0.04362 2.05489
-0.04865 2.05539
-0.05246 2.05700
-0.05571 2.05778
-0.05963 2.05862
-0.06642 2.05424
-0.06657 2.05415
-0.07002 2.05337
-0.07192 2.05214
-0.07436 2.05219
-0.07881 2.05404
-0.08351 2.05368
-0.08916 2.05216
-0.09415 2.05158
-0.09924 2.05276
-0.10324 2.05529
-0.10716 2.05724
-0.10872 2.05658
-0.10902 2.05486
-0.11209 2.05191
-0.11593 2.04988
-0.12029 2.04899
-0.12472 2.04889
-0.12886 2.04901
-0.13468 2.05138
-0.13981 2.05261
-0.14419 2.05130
-0.14826 2.04999
-0.15088 2.04926
-0.15311 2.04714
-0.15835 2.04641
-0.16351 2.04780
-0.16647 2.04789
-0.16989 2.04762
-0.17461 2.04791
-0.17619 2.04443
-0.17905 2.04241
-0.18320 2.04117
-0.18793 2.04121
-0.19100 2.04324
-0.19450 2.04495
-0.20118 2.04374
-0.20578 2.04433
-0.21010 2.04397
-0.21229 2.04222
-0.21539 2.03780
-0.22078 2.03593
-0.22725 2.03451
-0.22759 2.03119
-0.22916 2.03184
-0.23265 2.03540
-0.23813 2.03806
-0.24165 2.04242
-0.25013 2.03850
-0.25604 2.03437
-0.25925 2.02964
-0.26074 2.02961
-0.26254 2.02906
-0.26590 2.03161
-0.27121 2.02986
-0.27531 2.02777
-0.27991 2.02660
-0.28316 2.02613
-0.28676 2.02479
-0.28961 2.02449
-0.29304 2.02255
-0.29641 2.02272
-0.30062 2.02251
-0.30423 2.02027
-0.30962 2.01824
-0.31407 2.01611
-0.31791 2.01502
-0.32247 2.01326
-0.32647 2.01395
-0.32899 2.01455
-0.33278 2.01337
-0.33671 2.01389
-0.34226 2.01158
-0.34715 2.01051
-0.35115 2.01063
-0.35594 2.00998
-0.35924 2.01148
-0.35997 2.00980
-0.35947 2.00562
-0.36050 2.00253
-0.36275 1.99861
-0.36536 1.99586
-0.37161 1.99490
-0.37770 1.99421
-0.38225 1.99602
-0.38685 1.99645
-0.39388 1.99778
-0.39973 1.99777
-0.40474 1.99526
-0.40937 1.99536
-0.40951 1.99535
-0.41107 1.99198
-0.41275 1.98736
-0.41479 1.98342
-0.41742 1.98132
-0.42224 1.97851
-0.42826 1.97538
-0.43179 1.97617
-0.43619 1.97481
-0.43749 1.97608
-0.44447 1.97569
-0.44447 1.97569
-0.44978 1.97418
-0.46446 1.96770
-0.46698 1.96653
-0.46985 1.96456
-0.47203 1.96171
-0.47331 1.95876
-0.47555 1.95672
-0.48630 1.95151
-0.48916 1.94992
-0.49391 1.94856
-0.50107 1.94694
-0.50810 1.94745
-0.51625 1.94865
-0.51900 1.95045
-0.52169 1.94838
-0.52052 1.94289
-0.52052 1.94274
-0.52208 1.93858
-0.52402 1.93448
-0.53744 1.92901
-0.53965 1.92871
-0.55041 1.92342
-0.55370 1.92137
-0.55840 1.91828
-0.56704 1.91016
-0.56727 1.90998
-0.57104 1.90954
-0.57435 1.91115
-0.57920 1.91096
-0.58310 1.90509
-0.58319 1.90497
-0.58506 1.90248
-0.58693 1.89823
-0.58894 1.89531
-0.59527 1.89392
-0.60031 1.89327
-0.60323 1.89325
-0.60700 1.89012
-0.60712 1.89004
-0.60957 1.88751
-0.61129 1.88421
-0.61548 1.88218
-0.61936 1.88133
-0.62329 1.87804
-0.62953 1.87204
-0.62970 1.87189
-0.63469 1.86848
-0.63799 1.86840
-0.64085 1.86754
-0.64496 1.85782
-0.64819 1.85176
-0.65286 1.84881
-0.65512 1.84626
-0.65890 1.84367
-0.66335 1.84455
-0.66866 1.84340
-0.67242 1.84214
-0.67434 1.84187
-0.67980 1.83949
-0.68163 1.83684
-0.68384 1.83470
-0.68754 1.82933
-0.69099 1.82289
-0.69250 1.81879
-0.69374 1.81668
-0.69847 1.81749
-0.70083 1.81896
-0.70059 1.81844
-0.70395 1.81388
-0.70861 1.80900
-0.71198 1.80478
-0.71384 1.79940
-0.71921 1.79979
-0.72130 1.80017
-0.72529 1.79914
-0.72769 1.79693
-0.73068 1.79356
-0.73239 1.79025
-0.73534 1.78725
-0.73796 1.78125
-0.74218 1.77548
-0.74210 1.77055
-0.74574 1.77074
-0.75137 1.77057
-0.75594 1.76750
-0.75872 1.76583
-0.76178 1.76391
-0.76595 1.76241
-0.76828 1.76079
-0.77111 1.75802
-0.77399 1.75323
-0.77499 1.74811
-0.77742 1.74538
-0.77951 1.74316
-0.78187 1.74197
-0.78329 1.74004
-0.78669 1.73693
-0.78793 1.73386
-0.79052 1.72970
-0.79546 1.72608
-0.80062 1.72361
-0.80461 1.72102
-0.80720 1.71965
-0.81062 1.71980
-0.81232 1.71799
-0.81362 1.71584
-0.81588 1.71057
-0.81869 1.70628
-0.82079 1.70313
-0.82196 1.69923
-0.82282 1.69573
-0.82542 1.69236
-0.82588 1.69024
-0.82850 1.68853
-0.83363 1.68872
-0.83764 1.68641
-0.84047 1.68249
-0.84265 1.67929
-0.84456 1.67394
-0.84700 1.67030
-0.84898 1.66747
-0.85189 1.66444
-0.85440 1.66110
-0.85564 1.65814
-0.85785 1.65461
-0.86126 1.65357
-0.86484 1.65108
-0.86663 1.64843
-0.86884 1.64302
-0.87019 1.64029
-0.87172 1.63653
-0.87479 1.63466
-0.87801 1.63145
-0.88328 1.62876
-0.88699 1.62160
-0.88813 1.61955
-0.88852 1.61716
-0.89126 1.61316
-0.89330 1.61113
-0.89670 1.61008
-0.89883 1.60830
-0.89849 1.60301
-0.89997 1.59870
-0.90189 1.59466
-0.90531 1.59321
-0.90887 1.59054
-0.91115 1.58820
-0.91340 1.58442
-0.91512 1.57928
-0.91554 1.57445
-0.91644 1.57096
-0.91929 1.56769
-0.92174 1.56553
-0.92409 1.56375
-0.92797 1.56149
-0.92871 1.55985
-0.92843 1.55731
-0.92821 1.55307
-0.93411 1.54344
-0.93423 1.54324
-0.93606 1.53894
-0.93758 1.53653
-0.94118 1.53513
-0.94388 1.53252
-0.94675 1.52977
-0.95165 1.52619
-0.95397 1.52268
-0.95312 1.52087
-0.95164 1.51853
-0.95126 1.51554
-0.95289 1.51131
-0.95729 1.50678
-0.96113 1.50136
-0.96292 1.49759
-0.96596 1.49353
-0.96635 1.48973
-0.96710 1.48628
-0.96740 1.48123
-0.96732 1.47780
-0.97014 1.47583
-0.97773 1.46240
-0.98089 1.46064
-0.98568 1.45408
-0.98808 1.44594
-0.98815 1.44575
-0.98841 1.44118
-0.98797 1.43789
-0.98895 1.43344
-0.99489 1.42375
-0.99502 1.42354
-0.99701 1.42200
-1.00068 1.41627
-1.00290 1.41248
-1.00339 1.40814
-1.00367 1.40322
-1.00452 1.39682
-1.00586 1.39210
-1.00847 1.38678
-1.01178 1.38024
-1.01188 1.38004
-1.01471 1.37584
-1.01718 1.37039
-1.01724 1.37024
-1.01644 1.36863
-1.01784 1.36469
-1.02111 1.35717
-1.02118 1.35698
-1.02226 1.35324
-1.02366 1.34745
-1.02314 1.34389
-1.02630 1.33902
-1.02637 1.33888
-1.02783 1.33510
-1.03004 1.32957
-1.03009 1.32943
-1.03048 1.32827
-1.03570 1.31597
-1.03897 1.30841
-1.03920 1.29589
-1.04073 1.28909
-1.04079 1.28891
-1.04264 1.28580
-1.04751 1.28025
-1.04761 1.28010
-1.04758 1.27694
-1.04576 1.26836
-1.04575 1.26815
-1.04734 1.26428
-1.04777 1.25839
-1.04911 1.25502
-1.05060 1.25063
-1.05189 1.24564
-1.05270 1.24277
-1.05364 1.23923
-1.05402 1.23616
-1.05514 1.23562
-1.05518 1.23297
-1.05530 1.23012
-1.05557 1.22431
-1.05524 1.21532
-1.05622 1.20798
-1.05577 1.20139
-1.05715 1.19699
-1.05796 1.19504
-1.06028 1.19617
-1.06125 1.19666
-1.06158 1.19262
-1.06183 1.18701
-1.06245 1.18087
-1.06408 1.17623
-1.06526 1.17126
-1.06680 1.16727
-1.06819 1.16220
-1.06706 1.16308
-1.06583 1.16025
-1.06561 1.15575
-1.06642 1.15225
-1.06885 1.14714
-1.06764 1.14236
-1.06701 1.13738
-1.06758 1.13752
-1.06677 1.13372
-1.06968 1.13050
-1.07003 1.12914
-1.07216 1.12329
-1.07059 1.11405
-1.07099 1.10913
-1.07057 1.10644
-1.07046 1.10298
-1.07570 1.10038
-1.07619 1.09778
-1.07567 1.09415
-1.07464 1.08940
-1.07404 1.08402
-1.07486 1.07825
-1.07523 1.07281
-1.07545 1.06900
-1.07486 1.06665
-1.07381 1.06492
-1.07534 1.06264
-1.07709 1.05910
-1.07799 1.05644
-1.07850 1.05243
-1.07631 1.04815
-1.07499 1.04186
-1.07385 1.03731
-1.07358 1.03224
-1.07582 1.02807
-1.07688 1.02427
-1.07751 1.01956
-1.07892 1.01640
-1.07739 1.01142
-1.07819 1.00995
-1.07807 1.00683
-1.07760 1.00428
-1.07740 1.00122
-1.07625 0.99623
-1.07632 0.99191
-1.07659 0.98648
-1.07756 0.98321
-1.07701 0.97889
-1.07677 0.97454
-1.07703 0.97069
-1.07703 0.96595
-1.07651 0.95975
-1.07599 0.95482
-1.07223 0.95156
-1.06907 0.94826
-1.06966 0.94440
-1.07161 0.94209
-1.07339 0.94112
-1.07601 0.93820
-1.07584 0.93507
-1.07597 0.93225
-1.07542 0.92726
-1.07305 0.92296
-1.07303 0.91664
-1.07261 0.90954
-1.07083 0.90589
-1.06806 0.90142
-1.06602 0.89798
-1.06524 0.89424
-1.06648 0.88816
-1.06649 0.88799
-1.06654 0.88558
-1.06674 0.88141
-1.06687 0.87835
-1.06488 0.87107
-1.06483 0.87087
-1.06305 0.86476
-1.06170 0.85779
-1.06143 0.85282
-1.06150 0.84941
-1.06280 0.84619
-1.06233 0.84356
-1.05994 0.84175
-1.05939 0.83872
-1.05933 0.83597
-1.05726 0.83151
-1.05603 0.82811
-1.05259 0.81907
-1.05251 0.81886
-1.05454 0.81520
-1.05483 0.81226
-1.05547 0.80983
-1.05447 0.80400
-1.05443 0.80385
-1.05017 0.79987
-1.04595 0.79542
-1.04316 0.78670
-1.04221 0.77949
-1.04417 0.77365
-1.04549 0.76738
-1.04230 0.76382
-1.03943 0.76105
-1.03774 0.75270
-1.03356 0.74784
-1.03356 0.73141
-1.03089 0.71824
-1.02832 0.71417
-1.02651 0.71077
-1.02555 0.70720
-1.02453 0.70412
-1.02449 0.70403
-1.02315 0.70143
-1.02035 0.69482
-1.02029 0.69465
-1.01834 0.68956
-1.01861 0.68356
-1.01906 0.67857
-1.01924 0.67689
-1.01861 0.67118
-1.01508 0.66806
-1.01095 0.66378
-1.00718 0.66074
-1.00614 0.65762
-1.00814 0.65469
-1.00730 0.64817
-1.00391 0.64372
-0.99588 0.63076
-0.99588 0.63076
-0.99336 0.62587
-0.99635 0.62073
-0.99635 0.62073
-0.99716 0.61932
-0.99452 0.61593
-0.99107 0.61502
-0.98688 0.60158
-0.98675 0.60129
-0.98371 0.59652
-0.97696 0.58551
-0.97710 0.58406
-0.97551 0.58203
-0.97430 0.57990
-0.97301 0.57415
-0.96784 0.56591
-0.96770 0.56568
-0.96546 0.56066
-0.96333 0.55514
-0.95984 0.54972
-0.96169 0.54651
-0.96217 0.54494
-0.96026 0.54325
-0.95706 0.54225
-0.95368 0.54069
-0.95150 0.53514
-0.95009 0.53041
-0.94867 0.52598
-0.94867 0.52324
-0.94795 0.52084
-0.94618 0.51759
-0.94163 0.51312
-0.93619 0.50929
-0.93346 0.50352
-0.93239 0.49845
-0.92967 0.49247
-0.92881 0.49036
-0.92619 0.48628
-0.92657 0.48469
-0.92699 0.48457
-0.92698 0.48341
-0.92672 0.47830
-0.92157 0.47390
-0.91807 0.47106
-0.91321 0.46654
-0.91056 0.46506
-0.90789 0.46132
-0.90488 0.45780
-0.90232 0.45433
-0.89937 0.44863
-0.89516 0.44489
-0.89232 0.44293
-0.89180 0.43896
-0.89163 0.43587
-0.89032 0.43216
-0.88870 0.42760
-0.88720 0.42485
-0.88535 0.42217
-0.88175 0.41908
-0.87746 0.41689
-0.87377 0.41596
-0.87210 0.41304
-0.86969 0.40628
-0.86899 0.40297
-0.86621 0.39840
-0.86343 0.39714
-0.86153 0.39609
-0.86051 0.39726
-0.85777 0.39764
-0.85448 0.39260
-0.85286 0.38817
-0.85073 0.38385
-0.84835 0.37981
-0.84763 0.37425
-0.84536 0.37069
-0.84323 0.36674
-0.83870 0.36232
-0.83540 0.35978
-0.83332 0.35503
-0.83075 0.35401
-0.82680 0.35213
-0.82552 0.35022
-0.82351 0.34811
-0.82158 0.34550
-0.81994 0.34160
-0.81641 0.33869
-0.81182 0.33539
-0.80807 0.33184
-0.80747 0.32766
-0.80690 0.32496
-0.80412 0.32163
-0.80271 0.32008
-0.80125 0.31723
-0.79815 0.31493
-0.79272 0.31302
-0.78631 0.31241
-0.78128 0.31100
-0.77723 0.30652
-0.77947 0.30259
-0.78136 0.29688
-0.77876 0.29354
-0.77491 0.28983
-0.77013 0.29030
-0.76687 0.28892
-0.76363 0.28723
-0.76114 0.28576
-0.75792 0.28467
-0.75550 0.28193
-0.75263 0.27920
-0.75054 0.27536
-0.74911 0.27062
-0.74105 0.26038
-0.73788 0.25777
-0.73496 0.25612
-0.73247 0.25439
-0.72982 0.25508
-0.71747 0.24835
-0.71557 0.24482
-0.71439 0.24091
-0.71337 0.23982
-0.70726 0.23538
-0.70699 0.23513
-0.70229 0.23271
-0.69432 0.22614
-0.69412 0.22599
-0.69239 0.22326
-0.68992 0.21820
-0.68919 0.21566
-0.68877 0.21469
-0.68568 0.21354
-0.68157 0.21509
-0.67417 0.21164
-0.67397 0.21156
-0.67081 0.20756
-0.66867 0.20440
-0.66496 0.20023
-0.65883 0.19711
-0.65311 0.19638
-0.65295 0.19631
-0.65186 0.19468
-0.64897 0.19057
-0.64229 0.17953
-0.63624 0.17872
-0.62846 0.17762
-0.62830 0.17759
-0.62625 0.17575
-0.62360 0.17276
-0.61657 0.16602
-0.60666 0.16385
-0.60642 0.16381
-0.59992 0.16153
-0.59597 0.15684
-0.59173 0.15118
-0.58953 0.14604
-0.58772 0.14326
-0.58766 0.14319
-0.58545 0.14466
-0.57052 0.14328
-0.56016 0.13002
-0.55686 0.12714
-0.55340 0.12417
-0.55149 0.12362
-0.54868 0.12175
-0.54648 0.12098
-0.54343 0.11968
-0.54134 0.12009
-0.52669 0.11707
-0.52475 0.11224
-0.51726 0.11261
-0.51712 0.11260
-0.51334 0.11226
-0.50845 0.10828
-0.50567 0.10635
-0.50134 0.10363
-0.49952 0.10242
-0.49729 0.09994
-0.49498 0.09879
-0.49194 0.09770
-0.48861 0.09727
-0.48447 0.09670
-0.48132 0.09408
-0.47828 0.09350
-0.47414 0.09056
-0.47000 0.08800
-0.46792 0.08685
-0.46261 0.08710
-0.45839 0.08585
-0.45574 0.08362
-0.45150 0.08016
-0.44915 0.07788
-0.44634 0.07646
-0.44377 0.07543
-0.44020 0.07419
-0.43501 0.07332
-0.43004 0.07053
-0.42618 0.06888
-0.42346 0.06598
-0.42028 0.06468
-0.41741 0.06467
-0.41392 0.06393
-0.41080 0.06356
-0.40602 0.06369
-0.39890 0.06315
-0.39502 0.06212
-0.39324 0.06041
-0.39259 0.06033
-0.39135 0.05932
-0.39056 0.05598
-0.38733 0.05368
-0.38103 0.05408
-0.37609 0.05283
-0.37010 0.05424
-0.36568 0.05130
-0.36047 0.04845
-0.35616 0.04500
-0.35303 0.04440
-0.35016 0.04499
-0.34860 0.04605
-0.34627 0.04727
-0.34266 0.04383
-0.33867 0.04096
-0.33352 0.03847
-0.32907 0.03671
-0.32606 0.03699
-0.32310 0.03715
-0.32019 0.03534
-0.31683 0.03403
-0.31421 0.03305
-0.30943 0.03164
-0.30689 0.02966
-0.30487 0.02921
-0.30192 0.02874
-0.29610 0.02741
-0.29093 0.02488
-0.28556 0.02278
-0.28193 0.02180
-0.27794 0.02201
-0.27504 0.02316
-0.27079 0.02142
-0.26650 0.02055
-0.26150 0.01839
-0.25904 0.01794
-0.25661 0.01800
-0.25377 0.01871
-0.25003 0.01813
-0.24530 0.01713
-0.23936 0.01676
-0.23659 0.01462
-0.23252 0.01256
-0.22951 0.01255
-0.22664 0.01283
-0.22312 0.01398
-0.21780 0.01314
-0.21236 0.01121
-0.20692 0.01040
-0.20274 0.00881
-0.19902 0.00858
-0.19788 0.00991
-0.19646 0.00975
-0.19478 0.01011
-0.18883 0.01004
-0.18347 0.00903
-0.17828 0.00874
-0.17415 0.00812
-0.16746 0.00836
-0.16265 0.00679
-0.16160 0.00721
-0.16108 0.00617
-0.16004 0.00320
-0.15653 0.00463
-0.15048 0.00436
-0.14369 0.00561
-0.13713 0.00305
-0.13205 0.00240
-0.12751 0.00301
-0.12570 0.00111
-0.12295 0.00244
-0.12099 0.00219
-0.11790 0.00146
-0.11458 0.00032
-0.10997 -0.00028
-0.10456 0.00152
-0.10007 -0.00037
-0.09656 -0.00147
-0.09360 -0.00212
-0.08844 -0.00190
-0.08518 -0.00212
-0.08061 -0.00197
-0.07617 -0.00155
-0.07175 -0.00193
-0.06827 -0.00170
-0.06525 -0.00169
-0.06067 -0.00217
-0.05679 -0.00174
-0.05452 -0.00048
-0.05098 -0.00110
-0.04547 -0.00095
-0.04260 -0.00014
-0.03867 0.00060
-0.03309 -0.00398
-0.03293 -0.00408
-0.02876 -0.00463
-0.02273 -0.00216
-0.01793 0.00166
-0.00763 0.00315
-0.00735 0.00318
-0.00561 0.00061
-0.01150 -0.00122
-0.02067 -0.00215
-0.02835 0.00029
-0.02638 0.00178
-0.02145 0.00291
-0.01767 0.00098
-0.01066 0.00082
-0.00991 0.00081
-0.01301 -0.00038
-0.01405 0.00030
-0.01414 -0.00004
-0.01778 0.00200
-0.02029 -0.00119
-0.01954 -0.00262
-0.01955 -0.00265
-0.01846 -0.00228
-0.01548 -0.00072
-0.01655 -0.00027
-0.01786 -0.00376
-0.01921 -0.00156
-0.01823 -0.00128
-0.01806 -0.00126
-0.01688 -0.00060
-0.01667 0.00002
-0.01802 0.00022
-0.01862 -0.00087
-0.01862 -0.00090
-0.01825 -0.00110
-0.01794 -0.00165
-0.01705 0.00005
-0.01658 0.00072
-0.01556 -0.00014
-0.01555 -0.00016
-0.01653 -0.00071
-0.01597 -0.00091
-0.01520 -0.00084
-0.01667 0.00099
-0.01771 -0.00007
-0.01940 -0.00061
-0.01907 -0.00094
-0.01831 0.00105
-0.01776 0.00266
-0.01623 0.00313
-0.01464 0.00156
-0.01346 -0.00233
-0.01463 -0.00306
-0.01563 -0.00275
-0.01700 -0.00152
-0.01639 -0.00119
-0.01760 -0.00009
-0.01802 0.00156
-0.01819 0.00376
-0.01910 0.00290
-0.01599 0.00205
-0.01576 -0.00080
-0.01530 -0.00266
-0.01439 -0.00217
-0.01630 0.00013
-0.01827 0.00247
-0.01941 0.00466
-0.01967 0.00381
-0.01805 0.00255
-0.01491 0.00125
-0.01395 0.00017
-0.01412 -0.00049
-0.01603 -0.00215
-0.01566 -0.00292
-0.01869 0.00074
-0.01941 0.00247
-0.01906 0.00159
-0.01867 0.00145
-0.01835 -0.00068
-0.01707 -0.00095
-0.01746 -0.00091
-0.01801 0.00077
-0.01870 0.00177
-0.01876 0.00204
-0.01680 0.00105
-0.01542 0.00062
-0.01442 0.00125
-0.01565 0.00078
-0.01502 -0.00004
-0.01478 -0.00053
-0.01712 -0.00174
-0.01865 -0.00158
-0.01856 -0.00020
-0.01766 0.00022
-0.01587 0.00297
-0.01228 0.00365
-0.01105 0.00263
-0.01283 0.00208
-0.01587 0.00161
-0.01842 0.00015
-0.02089 -0.00077
-0.01990 -0.00239
-0.01768 -0.00140
-0.01376 -0.00306
-0.01395 0.00029
-0.01485 0.00221
-0.01605 0.00023
-0.01640 0.00154
-0.01716 0.00194
-0.01757 0.00059
-0.01918 0.00029
-0.01988 0.00132
-0.01816 -0.00270
-0.01586 -0.00275
-0.01490 -0.00115
-0.01633 -0.00015
-0.01554 -0.00031
-0.01612 -0.00175
-0.01553 -0.00276
-0.01810 -0.00082
-0.01711 0.00059
-0.01708 0.00053
-0.01622 -0.00157
-0.01640 -0.00300
-0.01639 -0.00230
-0.01688 -0.00215
-0.01617 0.00045
-0.01853 0.00108
-0.01913 0.00310
-0.01915 0.00324
-0.01981 0.00156
-0.02031 0.00053
-0.01908 -0.00316
-0.01827 -0.00370
-0.01714 -0.00235
-0.01642 -0.00062
-0.01566 0.00079
-0.01426 0.00257
-0.01429 0.00254
-0.01566 0.00176
-0.01788 0.00089
-0.01768 0.00160
-0.01754 -0.00033
-0.01761 -0.00114
-0.01660 -0.00012
-0.01659 0.00149
-0.01550 0.00254
-0.01579 0.00289
-0.01535 0.00198
-0.01565 -0.00118
-0.01620 -0.00027
-0.01727 -0.00067
-0.01620 -0.00169
-0.01551 -0.00101
-0.01632 0.00084
-0.01780 0.00059
-0.01722 0.00084
-0.01779 0.00081
-0.01681 0.00090
-0.01623 0.00224
-0.01545 0.00196
-0.01522 0.00148
-0.01568 -0.00014
-0.01581 -0.00000
-0.01577 0.00128
-0.01627 0.00119
-0.01514 0.00076
-0.01445 0.00005
-0.01383 -0.00073
-0.01439 -0.00136
-0.01802 0.00123
-0.01810 0.00127
-0.01749 0.00106
-0.01740 0.00095
-0.01399 -0.00003
-0.01392 -0.00006
-0.01228 0.00139
-0.01400 0.00064
-0.01746 -0.00068
-0.01932 -0.00336
-0.01773 -0.00440
-0.01542 0.00370
-0.01555 0.00530
-0.01462 0.00160
-0.01461 0.00153
-0.01521 -0.00192
-0.01685 -0.00170
-0.01845 -0.00235
