-0.01203 0.00216
-0.01113 0.00028
-0.01326 -0.00053
-0.01435 0.00348
-0.01461 0.00218
-0.01380 0.00367
-0.01416 0.00268
-0.01256 0.00251
-0.01254 0.00091
-0.01180 -0.00012
-0.01182 -0.00252
-0.01442 -0.00308
-0.01490 -0.00319
-0.01415 0.00276
-0.01321 0.00104
-0.01251 0.00126
-0.01203 0.00104
-0.01063 0.00152
-0.01157 0.00228
-0.01264 0.00276
-0.01382 0.00323
-0.01492 0.00180
-0.01526 0.00070
-0.01352 0.00077
-0.01183 0.00048
-0.01105 0.00003
-0.01324 0.00180
-0.01276 0.00164
-0.01415 0.00180
-0.01438 0.00078
-0.01312 0.00190
-0.01274 0.00307
-0.01159 0.00347
-0.01130 0.00197
-0.01223 0.00311
-0.01324 0.00283
-0.01508 0.00258
-0.01373 0.00125
-0.01318 0.00072
-0.01335 -0.00017
-0.01299 -0.00148
-0.00514 0.00185
-0.00494 0.00192
0.00142 0.00287
0.01759 0.00268
0.01795 0.00270
0.02373 0.00342
0.02523 0.00327
0.02526 0.00304
0.02321 0.00222
0.02648 0.00197
0.02999 -0.00001
0.03443 0.00167
0.03840 0.00566
0.04447 0.00733
0.04838 0.00667
0.05306 0.00529
0.05792 0.00215
0.06121 0.00014
0.06404 0.00236
0.07210 0.00323
0.07229 0.00324
0.07611 0.00307
0.07964 0.00384
0.08777 0.00685
0.08796 0.00690
0.09267 0.00989
0.09568 0.01300
0.09889 0.01064
0.10048 0.00925
0.10294 0.00949
0.10621 0.00949
0.12362 0.01523
0.12866 0.01568
0.13217 0.01513
0.13421 0.01451
0.13619 0.01380
0.13910 0.01499
0.14784 0.01954
0.14804 0.01964
0.15809 0.02178
0.16191 0.02068
0.16688 0.02276
0.17101 0.02478
0.17512 0.02501
0.17708 0.02440
0.18051 0.02631
0.18427 0.02666
0.19615 0.02930
0.19643 0.02935
0.20210 0.03219
0.20537 0.03229
0.20549 0.03231
0.20713 0.03177
0.20728 0.03130
0.22191 0.03518
0.22558 0.03711
0.23271 0.04143
0.23783 0.04365
0.24060 0.04551
0.24604 0.04458
0.24617 0.04459
0.24977 0.04467
0.25406 0.04606
0.25417 0.04608
0.25520 0.04729
0.26003 0.04869
0.26457 0.05246
0.26976 0.05222
0.27514 0.05201
0.28002 0.05417
0.28796 0.05665
0.28796 0.05665
0.28956 0.05747
0.29278 0.05851
0.29452 0.05842
0.29831 0.05949
0.30340 0.05995
0.30782 0.06276
0.31266 0.06504
0.31730 0.06755
0.32314 0.06969
0.32703 0.07168
0.32869 0.07259
0.33058 0.07377
0.33356 0.07423
0.33656 0.07486
0.33992 0.07565
0.34343 0.07926
0.34727 0.08119
0.35119 0.08279
0.35497 0.08373
0.35733 0.08466
0.36065 0.08523
0.36458 0.08609
0.36840 0.08663
0.37340 0.08856
0.37861 0.09108
0.38159 0.09509
0.38514 0.09960
0.38754 0.10285
0.38990 0.10377
0.39239 0.10371
0.39506 0.10338
0.39857 0.10414
0.40323 0.10539
0.40852 0.10716
0.41440 0.11081
0.41925 0.11427
0.42294 0.11736
0.42625 0.11759
0.42945 0.11718
0.43010 0.11672
0.43105 0.11867
0.43436 0.12125
0.43661 0.12183
0.44087 0.12447
0.44563 0.12964
0.44960 0.13406
0.45432 0.13496
0.45814 0.13506
0.46168 0.13492
0.46390 0.13534
0.46423 0.13924
0.46559 0.14250
0.46782 0.14318
0.47105 0.14492
0.47726 0.14613
0.48192 0.14673
0.48644 0.14747
0.48993 0.14970
0.49341 0.15307
0.49699 0.15712
0.49973 0.16039
0.50268 0.16172
0.50646 0.16336
0.51044 0.16624
0.51481 0.16966
0.51840 0.17384
0.52281 0.17600
0.52621 0.17610
0.52813 0.17621
0.53021 0.17548
0.53267 0.17681
0.53491 0.17945
0.53814 0.18373
0.53939 0.18796
0.54229 0.19074
0.54788 0.19255
0.55282 0.19499
0.55727 0.19669
0.55951 0.19852
0.56282 0.20072
0.56589 0.20236
0.56852 0.20424
0.57015 0.20804
0.57188 0.21151
0.57495 0.21275
0.57869 0.21466
0.58227 0.21723
0.58602 0.22113
0.58992 0.22522
0.59225 0.22658
0.59389 0.22831
0.59903 0.22922
0.60145 0.23091
0.60477 0.23550
0.60709 0.23723
0.60986 0.23659
0.61239 0.23577
0.61410 0.23817
0.61673 0.24161
0.62014 0.24636
0.62361 0.24747
0.62739 0.25083
0.63048 0.25587
0.63473 0.26007
0.64175 0.26543
0.64192 0.26560
0.64349 0.26533
0.64455 0.26768
0.64771 0.26879
0.65391 0.27929
0.65633 0.28040
0.65866 0.28052
0.66236 0.28516
0.66621 0.28850
0.67677 0.29804
0.67701 0.29826
0.67983 0.30217
0.68268 0.30391
0.68329 0.30684
0.68280 0.30612
0.68203 0.30802
0.68548 0.30723
0.68739 0.30747
0.69265 0.31500
0.69756 0.31935
0.70060 0.32507
0.70274 0.32885
0.70689 0.33415
0.70700 0.33427
0.70949 0.33713
0.71416 0.34067
0.71976 0.34404
0.72314 0.34648
0.72476 0.34943
0.72670 0.35536
0.72947 0.35774
0.73423 0.36014
0.73649 0.36287
0.73843 0.36631
0.74108 0.37010
0.74514 0.37437
0.74804 0.37855
0.75272 0.38388
0.75284 0.38403
0.75479 0.38539
0.75608 0.38795
0.75721 0.39145
0.75902 0.39483
0.76227 0.39826
0.76604 0.40066
0.77423 0.41079
0.77734 0.41524
0.77825 0.41762
0.78216 0.42330
0.78331 0.42774
0.78496 0.43152
0.78963 0.43424
0.79356 0.43673
0.79693 0.43735
0.79876 0.44087
0.80006 0.44380
0.80088 0.44605
0.80442 0.45170
0.81141 0.47107
0.81602 0.47722
0.81615 0.47743
0.81870 0.47811
0.82138 0.47998
0.82372 0.48429
0.82405 0.48670
0.82598 0.49049
0.83038 0.49392
0.83358 0.49944
0.83694 0.50646
0.83936 0.51273
0.84243 0.51699
0.84389 0.51974
0.84631 0.52217
0.84579 0.52410
0.84736 0.52535
0.84944 0.52797
0.85016 0.52952
0.85203 0.53452
0.85444 0.54089
0.85611 0.54657
0.85878 0.55028
0.86182 0.55171
0.86305 0.55244
0.86378 0.55387
0.86478 0.55726
0.86798 0.56143
0.87020 0.56770
0.87210 0.57523
0.87270 0.58149
0.87350 0.58554
0.87388 0.58453
0.87648 0.58442
0.87873 0.58705
0.88037 0.59125
0.88179 0.59497
0.88294 0.60111
0.88611 0.60874
0.88795 0.61184
0.88904 0.61504
0.89145 0.61737
0.89299 0.61945
0.89189 0.62061
0.89179 0.62368
0.89549 0.62656
0.90127 0.63357
0.90249 0.63899
0.90212 0.64462
0.90235 0.64700
0.90238 0.64900
0.90270 0.65519
0.90426 0.65943
0.90666 0.66303
0.90998 0.66396
0.91255 0.66508
0.91220 0.66657
0.91238 0.66766
0.91267 0.67033
0.91316 0.67452
0.91507 0.68379
0.91615 0.68955
0.92030 0.69651
0.92270 0.70239
0.92524 0.70628
0.92569 0.70949
0.92641 0.71245
0.92678 0.71390
0.92788 0.71561
0.92943 0.71862
0.92949 0.72200
0.92970 0.72557
0.92960 0.72792
0.93071 0.72957
0.93193 0.73038
0.93371 0.73350
0.93560 0.73585
0.93587 0.74224
0.93727 0.74936
0.93791 0.75550
0.93943 0.76114
0.94056 0.76629
0.94358 0.77024
0.94498 0.77349
0.94612 0.77591
0.94599 0.77907
0.94504 0.78330
0.94699 0.78719
0.94876 0.79104
0.94916 0.79398
0.94970 0.79721
0.95050 0.80119
0.95141 0.80549
0.95149 0.80999
0.95267 0.81325
0.95401 0.81647
0.95842 0.82474
0.95852 0.82495
0.95957 0.82957
0.95815 0.83865
0.95812 0.83888
0.95811 0.84261
0.95729 0.84399
0.96013 0.84489
0.96376 0.84578
0.96461 0.84973
0.96257 0.85309
0.96201 0.85594
0.96199 0.86169
0.96209 0.86708
0.96392 0.87280
0.96539 0.87785
0.96451 0.88237
0.96635 0.88667
0.96886 0.89099
0.96921 0.89556
0.96931 0.89820
0.97051 0.90156
0.96934 0.90325
0.96906 0.90654
0.96680 0.90933
0.96834 0.91254
0.97072 0.91630
0.97147 0.91959
0.97236 0.93413
0.97190 0.93665
0.97290 0.93879
0.97313 0.94425
0.97010 0.95084
0.96916 0.95626
0.97384 0.96498
0.97388 0.96510
0.97518 0.96885
0.97707 0.96982
0.97691 0.97524
0.97691 0.97538
0.97652 0.97848
0.97542 0.98335
0.97455 0.98908
0.97351 0.99346
0.97375 1.00366
0.97424 1.00700
0.97392 1.01118
0.97362 1.01518
0.97317 1.02010
0.97228 1.02530
0.97299 1.03214
0.97779 1.04294
0.97684 1.04480
0.97548 1.04752
0.97559 1.05368
0.97559 1.05383
0.97529 1.05842
0.97447 1.06447
0.97496 1.06957
0.97676 1.07187
0.97701 1.07566
0.97734 1.08342
0.97736 1.08362
0.97483 1.08859
0.97427 1.09367
0.97263 1.09940
0.97278 1.10481
0.97349 1.10893
0.97297 1.11232
0.97427 1.11600
0.97310 1.11858
0.97307 1.11868
0.97091 1.11902
0.97090 1.12116
0.97073 1.12567
0.97010 1.13149
0.96756 1.13839
0.96946 1.14605
0.96817 1.15179
0.96937 1.15571
0.97100 1.15800
0.97054 1.15960
0.97160 1.16057
0.97101 1.16107
0.96727 1.16382
0.96672 1.16695
0.96622 1.17411
0.96649 1.17860
0.96413 1.18360
0.96192 1.18715
0.96270 1.19598
0.96270 1.19598
0.96347 1.20220
0.96259 1.20444
0.95938 1.21039
0.95934 1.21056
0.95839 1.21400
0.95711 1.21710
0.95563 1.22032
0.95131 1.22776
0.95120 1.22792
0.95099 1.23141
0.94974 1.23627
0.95064 1.24152
0.95183 1.24729
0.95226 1.25050
0.94896 1.25193
0.94769 1.25671
0.94766 1.26173
0.94728 1.26449
0.94743 1.26768
0.94534 1.26973
0.94452 1.27203
0.94280 1.27640
0.94158 1.28055
0.93966 1.28528
0.93998 1.29018
0.94059 1.29734
0.93889 1.30239
0.93915 1.30696
0.93699 1.30873
0.93514 1.30808
0.93366 1.30851
0.93413 1.30754
0.93269 1.30405
0.93025 1.30467
0.93011 1.31113
0.92879 1.31925
0.92813 1.32622
0.92542 1.33176
0.92252 1.34048
0.92197 1.34651
0.92200 1.35156
0.92144 1.35497
0.92072 1.35763
0.92025 1.36083
0.91683 1.36280
0.91557 1.36290
0.91380 1.36525
0.91254 1.36787
0.90949 1.37048
0.90910 1.37557
0.90943 1.38163
0.90944 1.38480
0.90792 1.39004
0.90563 1.39242
0.90417 1.39504
0.90236 1.39773
0.90035 1.40481
0.90011 1.41262
0.89823 1.41710
0.89552 1.42125
0.89305 1.42397
0.89187 1.42554
0.89205 1.42724
0.89050 1.43027
0.88905 1.43508
0.88692 1.44206
0.88241 1.44837
0.88035 1.45260
0.88084 1.45352
0.88007 1.45629
0.87976 1.45797
0.87699 1.45971
0.87250 1.46318
0.87172 1.46856
0.87142 1.47231
0.87244 1.47754
0.87401 1.48277
0.87013 1.48588
0.86630 1.49283
0.86484 1.49578
0.86300 1.49788
0.86167 1.50004
0.86106 1.50278
0.85796 1.50624
0.85557 1.50969
0.85394 1.51408
0.85258 1.51757
0.85011 1.52124
0.84892 1.52506
0.84711 1.52811
0.84526 1.53072
0.84340 1.53350
0.84209 1.53784
0.83898 1.54177
0.83601 1.54448
0.83562 1.54874
0.83374 1.55216
0.83327 1.55570
0.83095 1.55965
0.82556 1.56100
0.82545 1.56105
0.82254 1.56231
0.81998 1.56560
0.81751 1.57099
0.81656 1.57657
0.81454 1.58344
0.81324 1.58877
0.81065 1.59338
0.80927 1.59771
0.80372 1.59912
0.80160 1.59946
0.80096 1.60267
0.80045 1.60368
0.79848 1.60640
0.79715 1.61083
0.79479 1.61442
0.79114 1.61797
0.78806 1.62002
0.78328 1.62771
0.77908 1.63002
0.77377 1.63710
0.77364 1.63727
0.77324 1.64337
0.77304 1.64993
0.77117 1.65241
0.76050 1.65365
0.76027 1.65372
0.75763 1.65453
0.75907 1.65518
0.75738 1.65883
0.75549 1.66866
0.75542 1.66885
0.75115 1.67044
0.74549 1.67559
0.74001 1.68437
0.73548 1.68991
0.73213 1.68997
0.72827 1.69208
0.72286 1.69683
0.72272 1.69696
0.72122 1.70198
0.71864 1.70712
0.71685 1.71133
0.71382 1.71452
0.71229 1.71659
0.71142 1.71948
0.70894 1.71973
0.70585 1.72034
0.70131 1.72141
0.69787 1.72343
0.69443 1.72875
0.69258 1.73308
0.69048 1.73643
0.68862 1.73926
0.68481 1.74402
0.68470 1.74413
0.68072 1.74618
0.67710 1.74957
0.67378 1.75131
0.66844 1.75315
0.66526 1.75640
0.66451 1.76025
0.66349 1.76389
0.66229 1.76862
0.66055 1.77264
0.65909 1.77602
0.65402 1.77473
0.64698 1.77545
0.64352 1.77699
0.63942 1.77893
0.63592 1.78294
0.63588 1.79140
0.63585 1.79160
0.63499 1.79566
0.62801 1.80101
0.62785 1.80116
0.62261 1.80223
0.61772 1.80397
0.61519 1.80473
0.61345 1.80673
0.60962 1.80977
0.60711 1.81331
0.60524 1.81839
0.60333 1.82116
0.59854 1.82361
0.59745 1.82594
0.59236 1.82883
0.58786 1.83326
0.58490 1.83619
0.58376 1.83629
0.58195 1.83775
0.58072 1.83863
0.57695 1.84159
0.57325 1.84206
0.57038 1.84244
0.56694 1.84471
0.56446 1.84752
0.55833 1.85101
0.55492 1.85391
0.55090 1.85818
0.54633 1.86138
0.54436 1.86372
0.54291 1.86590
0.53901 1.86949
0.53733 1.87179
0.53247 1.87609
0.53021 1.87662
0.52836 1.87646
0.52473 1.87691
0.52201 1.87895
0.51998 1.88211
0.51652 1.88519
0.51023 1.88758
0.50505 1.88954
0.50151 1.89118
0.50048 1.89240
0.50063 1.89209
0.49918 1.89470
0.49709 1.89792
0.49318 1.89996
0.48676 1.90149
0.48198 1.90404
0.47858 1.90652
0.47440 1.90903
0.47323 1.91071
0.47073 1.91254
0.46684 1.91387
0.46265 1.91664
0.45809 1.91867
0.45478 1.92010
0.45226 1.92384
0.44843 1.92582
0.44595 1.92690
0.44267 1.92904
0.43854 1.93155
0.43521 1.93283
0.43187 1.93467
0.42715 1.93558
0.42396 1.93626
0.41935 1.93809
0.41625 1.94177
0.41262 1.94391
0.41193 1.94618
0.41044 1.94866
0.40679 1.95003
0.40383 1.95086
0.39833 1.95054
0.39224 1.95175
0.38828 1.95118
0.38588 1.95260
0.38358 1.95356
0.37931 1.95793
0.36797 1.96857
0.36646 1.96900
0.36355 1.96733
0.35962 1.96708
0.35372 1.96866
0.34095 1.97897
0.33920 1.98123
0.33609 1.98331
0.32992 1.98245
0.32625 1.98044
0.32193 1.98022
0.31418 1.98291
0.31445 1.98413
0.31224 1.98502
0.30983 1.98609
0.30553 1.98815
0.29822 1.99102
0.29804 1.99108
0.29584 1.99138
0.28887 1.99343
0.28868 1.99347
0.28505 1.99353
0.28071 1.99413
0.27685 1.99544
0.27342 1.99979
0.27327 2.00005
0.27125 2.00319
0.26611 2.00611
0.25871 2.00724
0.25180 2.00757
0.24379 2.00863
0.24359 2.00866
0.24167 2.00983
0.23995 2.01146
0.23749 2.01227
0.23412 2.01176
0.22285 2.01307
0.22027 2.01463
0.20392 2.01929
0.19764 2.02131
0.19005 2.02226
0.18984 2.02230
0.18946 2.02161
0.18750 2.02077
0.18610 2.02206
0.17974 2.02370
0.17959 2.02373
0.17606 2.02346
0.17210 2.02355
0.16611 2.02544
0.15941 2.02757
0.15262 2.03085
0.14502 2.03362
0.14228 2.03658
0.14017 2.03760
0.13838 2.04045
0.13788 2.03895
0.12699 2.03508
0.12197 2.03538
0.11721 2.03416
0.11133 2.03799
0.11133 2.03799
0.11034 2.03954
0.09867 2.04520
0.09071 2.04252
0.08458 2.04226
0.08031 2.04409
0.07634 2.04492
0.07182 2.04679
0.06815 2.04792
0.06279 2.04789
0.06265 2.04788
0.05886 2.04834
0.05560 2.04793
0.05139 2.04806
0.04651 2.04833
0.03736 2.05409
0.03373 2.05437
0.02945 2.05354
0.02606 2.05108
0.01245 2.04914
0.00886 2.04912
0.00545 2.05234
0.00067 2.05615
-0.00166 2.05655
-0.00594 2.05406
-0.01094 2.05035
-0.01576 2.05119
-0.01811 2.05110
-0.02200 2.05218
-0.02726 2.05218
-0.03297 2.05254
-0.03672 2.05334
-0.04119 2.05449
-0.04443 2.05425
-0.04681 2.05442
-0.05107 2.05504
-0.05515 2.05532
-0.06021 2.05520
-0.06124 2.05438
-0.06463 2.05489
-0.06972 2.05317
-0.07312 2.05283
-0.07630 2.05270
-0.08031 2.05219
-0.08418 2.05220
-0.09007 2.05302
-0.09112 2.05260
-0.09195 2.05258
-0.09563 2.05078
-0.10127 2.05063
-0.10926 2.05105
-0.11350 2.05336
-0.11745 2.05307
-0.12003 2.05185
-0.12223 2.05035
-0.12528 2.05003
-0.13100 2.05025
-0.13622 2.05139
-0.14043 2.04955
-0.14379 2.04880
-0.14822 2.04847
-0.15304 2.04799
-0.15742 2.04871
-0.16092 2.05155
-0.16403 2.05131
-0.16720 2.05120
-0.16978 2.04971
-0.17429 2.04521
-0.17886 2.04392
-0.18303 2.04193
-0.18889 2.04347
-0.19366 2.04304
-0.19736 2.04343
-0.20010 2.04348
-0.20287 2.04357
-0.20744 2.04259
-0.21260 2.04138
-0.21586 2.03920
-0.21819 2.03789
-0.22144 2.03810
-0.22748 2.03959
-0.23360 2.04084
-0.23945 2.04170
-0.24199 2.04142
-0.24404 2.04065
-0.24749 2.03784
-0.24972 2.03502
-0.25580 2.03195
-0.25947 2.02904
-0.26337 2.02786
-0.26638 2.03214
-0.26932 2.03403
-0.27288 2.03215
-0.27716 2.02952
-0.28117 2.02742
-0.28713 2.02652
-0.29208 2.02561
-0.29485 2.02524
-0.29686 2.02430
-0.29691 2.02238
-0.29768 2.01870
-0.29955 2.01775
-0.30337 2.01617
-0.31266 2.01941
-0.31289 2.01945
-0.31617 2.02101
-0.33406 2.01638
-0.33905 2.01145
-0.34211 2.00720
-0.34481 2.00433
-0.35302 2.00845
-0.35969 2.00350
-0.36243 1.99917
-0.36716 1.99641
-0.37275 1.99412
-0.38276 1.99474
-0.38298 1.99475
-0.38610 1.99571
-0.38968 1.99568
-0.39429 1.99266
-0.39877 1.99039
-0.40321 1.98791
-0.40678 1.98644
-0.41247 1.98640
-0.41749 1.98757
-0.42015 1.98716
-0.42176 1.98463
-0.42263 1.98228
-0.42335 1.98025
-0.42530 1.97703
-0.42891 1.97544
-0.43287 1.97346
-0.43554 1.97224
-0.44367 1.97088
-0.44388 1.97084
-0.44879 1.97088
-0.45313 1.97191
-0.45941 1.96989
-0.46357 1.96797
-0.46676 1.96699
-0.47085 1.96389
-0.47284 1.96044
-0.47628 1.95852
-0.47859 1.95671
-0.48304 1.95394
-0.48607 1.95134
-0.49009 1.95046
-0.49394 1.94969
-0.49825 1.94887
-0.50383 1.95022
-0.50926 1.94766
-0.51447 1.94459
-0.51980 1.94007
-0.52339 1.93968
-0.52853 1.94327
-0.53062 1.94200
-0.53218 1.93965
-0.53282 1.93587
-0.53317 1.93129
-0.53618 1.92073
-0.54339 1.91844
-0.54354 1.91834
-0.54884 1.91631
-0.55393 1.91664
-0.55950 1.91801
-0.56495 1.91495
-0.56789 1.91330
-0.57496 1.91118
-0.57839 1.90924
-0.58112 1.90636
-0.58318 1.90509
-0.58617 1.90163
-0.59013 1.90224
-0.59279 1.90322
-0.59634 1.89927
-0.59880 1.89557
-0.59887 1.89547
-0.60062 1.89338
-0.60241 1.89140
-0.61414 1.87644
-0.61860 1.87631
-0.62478 1.87724
-0.62892 1.87660
-0.63276 1.87611
-0.63519 1.87281
-0.63836 1.86761
-0.63969 1.86359
-0.64236 1.86238
-0.64541 1.86197
-0.64881 1.86097
-0.65281 1.85925
-0.65548 1.85649
-0.65660 1.85214
-0.65848 1.84936
-0.66139 1.84800
-0.66349 1.84540
-0.66685 1.84327
-0.67099 1.83889
-0.67350 1.83478
-0.67723 1.83104
-0.68114 1.82774
-0.68536 1.82751
-0.68936 1.82814
-0.69256 1.82857
-0.69720 1.82731
-0.70386 1.82455
-0.70665 1.82032
-0.70766 1.81458
-0.70683 1.80939
-0.70802 1.80655
-0.71206 1.80490
-0.71677 1.80162
-0.72082 1.80146
-0.72353 1.80113
-0.72471 1.79746
-0.72778 1.79473
-0.72830 1.79080
-0.72962 1.78810
-0.73399 1.78340
-0.73895 1.78174
-0.74408 1.78074
-0.74768 1.78172
-0.75020 1.78161
-0.75317 1.77622
-0.75718 1.77117
-0.76162 1.76595
-0.76224 1.76279
-0.76291 1.75854
-0.76442 1.75844
-0.76493 1.75611
-0.76571 1.75548
-0.77043 1.75429
-0.77466 1.75262
-0.77855 1.74927
-0.78143 1.74763
-0.78569 1.74593
-0.78384 1.74110
-0.78666 1.73660
-0.78857 1.73306
-0.79391 1.72798
-0.79815 1.72375
-0.80145 1.71932
-0.80395 1.71660
-0.80539 1.71565
-0.80778 1.71549
-0.81157 1.71549
-0.81566 1.71299
-0.81919 1.70955
-0.82292 1.70585
-0.82498 1.70157
-0.82726 1.69865
-0.82829 1.69614
-0.82808 1.69307
-0.82869 1.69042
-0.83085 1.68686
-0.83130 1.68525
-0.83302 1.68182
-0.83638 1.67757
-0.83960 1.67383
-0.84450 1.66915
-0.84793 1.66522
-0.85107 1.66268
-0.85283 1.66340
-0.85541 1.66263
-0.85987 1.66156
-0.86424 1.65802
-0.86705 1.65446
-0.86816 1.64869
-0.86628 1.64328
-0.86641 1.63750
-0.86837 1.63098
-0.87210 1.62932
-0.87591 1.62938
-0.87931 1.62791
-0.88097 1.62742
-0.88168 1.62588
-0.88476 1.62149
-0.89030 1.61322
-0.89045 1.61304
-0.89432 1.60965
-0.89872 1.60116
-0.89821 1.59809
-0.89717 1.59511
-0.90106 1.59144
-0.90113 1.59133
-0.90439 1.58547
-0.90954 1.57984
-0.91253 1.57468
-0.91597 1.56976
-0.91828 1.56427
-0.91948 1.56438
-0.92226 1.56220
-0.92236 1.56212
-0.92539 1.55966
-0.92611 1.55767
-0.92733 1.55524
-0.92930 1.54913
-0.93048 1.54362
-0.93657 1.53590
-0.93657 1.53590
-0.93879 1.53586
-0.94131 1.53360
-0.94780 1.53075
-0.94641 1.52770
-0.94808 1.52384
-0.94588 1.51448
-0.95221 1.50536
-0.95568 1.50575
-0.95896 1.50573
-0.96118 1.50355
-0.96101 1.49453
-0.96102 1.49429
-0.96260 1.48818
-0.96515 1.48139
-0.96752 1.47600
-0.96974 1.47290
-0.97290 1.47010
-0.97575 1.46983
-0.97616 1.46815
-0.97509 1.46658
-0.97378 1.46238
-0.97489 1.45578
-0.97757 1.44975
-0.98089 1.44615
-0.98337 1.44187
-0.98645 1.43749
-0.98912 1.43299
-0.98918 1.43286
-0.98924 1.42956
-0.99026 1.42744
-0.99412 1.41580
-0.99637 1.40923
-0.99878 1.40307
-0.99939 1.39901
-1.00286 1.39673
-1.00286 1.39673
-1.00465 1.39619
-1.00573 1.39316
-1.00781 1.38814
-1.00831 1.38321
-1.01064 1.37627
-1.01149 1.36899
-1.01285 1.36382
-1.01342 1.35919
-1.01418 1.35579
-1.01628 1.35448
-1.01823 1.35536
-1.02092 1.35525
-1.02307 1.35719
-1.02452 1.35231
-1.02399 1.34529
-1.02574 1.33632
-1.02797 1.32955
-1.02856 1.32343
-1.02977 1.32128
-1.03245 1.31954
-1.03126 1.31853
-1.03123 1.31564
-1.02974 1.31418
-1.03362 1.31182
-1.03356 1.30640
-1.03077 1.29860
-1.03013 1.29334
-1.03479 1.28545
-1.03641 1.27970
-1.04024 1.27840
-1.04278 1.27767
-1.04313 1.27581
-1.04235 1.27200
-1.04076 1.26911
-1.04026 1.26641
-1.04132 1.26197
-1.04251 1.25802
-1.04418 1.25211
-1.04659 1.24863
-1.04660 1.24568
-1.04633 1.24187
-1.04838 1.24057
-1.05010 1.23746
-1.05027 1.23480
-1.04980 1.23075
-1.05164 1.22645
-1.05405 1.22139
-1.05436 1.21591
-1.05547 1.21055
-1.05629 1.20514
-1.05790 1.20105
-1.05772 1.19788
-1.05937 1.19445
-1.06124 1.19193
-1.06089 1.19068
-1.06022 1.18751
-1.06200 1.18184
-1.06307 1.17562
-1.06505 1.17009
-1.06761 1.16628
-1.06776 1.16404
-1.06459 1.16021
-1.06260 1.15818
-1.06285 1.15722
-1.06192 1.15504
-1.06208 1.15099
-1.06377 1.14686
-1.06717 1.14090
-1.06894 1.13472
-1.06809 1.13017
-1.06857 1.12761
-1.06696 1.12571
-1.06543 1.12270
-1.06579 1.11934
-1.06637 1.11457
-1.06801 1.11067
-1.06961 1.10681
-1.06946 1.10349
-1.06940 1.09986
-1.06926 1.09294
-1.06954 1.08911
-1.07125 1.08421
-1.07353 1.08017
-1.07573 1.07763
-1.07287 1.07400
-1.07029 1.07027
-1.06783 1.06599
-1.06838 1.06392
-1.06955 1.06036
-1.07192 1.05540
-1.07386 1.04925
-1.07360 1.04317
-1.07331 1.03899
-1.07302 1.03484
-1.06720 1.03259
-1.06503 1.03043
-1.06831 1.02693
-1.07047 1.02411
-1.07396 1.02251
-1.07404 1.01910
-1.07153 1.01412
-1.07168 0.99937
-1.07190 0.99547
-1.07230 0.99088
-1.07264 0.98620
-1.07230 0.98309
-1.07323 0.98119
-1.07361 0.97542
-1.07364 0.97527
-1.07365 0.97200
-1.07450 0.96857
-1.07379 0.95662
-1.07377 0.95630
-1.07168 0.95023
-1.06966 0.94515
-1.06872 0.93185
-1.06747 0.92860
-1.06543 0.91618
-1.06647 0.90863
-1.06669 0.90043
-1.06821 0.89538
-1.06680 0.89133
-1.06550 0.88929
-1.06270 0.88836
-1.06130 0.88624
-1.05980 0.88468
-1.05895 0.88018
-1.05892 0.88008
-1.05752 0.87581
-1.05879 0.85827
-1.05932 0.85226
-1.05918 0.84848
-1.05440 0.84081
-1.05313 0.83898
-1.05179 0.83610
-1.05171 0.83253
-1.05078 0.82800
-1.04995 0.82360
-1.05041 0.81609
-1.05042 0.81591
-1.04965 0.80940
-1.04817 0.80305
-1.04582 0.79578
-1.04496 0.79067
-1.04507 0.78672
-1.04254 0.78036
-1.04076 0.77761
-1.03829 0.77267
-1.03625 0.76940
-1.03218 0.75952
-1.03228 0.75636
-1.03400 0.75496
-1.03755 0.75200
-1.03194 0.72623
-1.02959 0.72358
-1.02657 0.72673
-1.02380 0.72503
-1.02187 0.72189
-1.01946 0.71747
-1.01894 0.70780
-1.01897 0.70759
-1.02076 0.70520
-1.02401 0.70000
-1.02406 0.69986
-1.02098 0.69589
-1.01591 0.68965
-1.00989 0.68518
-1.00732 0.66900
-1.00924 0.66622
-1.00983 0.66395
-1.00777 0.66239
-1.00544 0.66213
-1.00284 0.66088
-1.00125 0.65779
-0.99868 0.65468
-0.99552 0.64870
-0.99595 0.64184
-0.99390 0.63372
-0.99417 0.62736
-0.99381 0.62223
-0.99280 0.62040
-0.99135 0.61914
-0.98902 0.61578
-0.98668 0.61420
-0.98246 0.61194
-0.98161 0.61118
-0.98105 0.60762
-0.98112 0.60219
-0.97873 0.59727
-0.97554 0.59435
-0.97315 0.59239
-0.97133 0.58617
-0.97219 0.58312
-0.97226 0.57994
-0.97026 0.57492
-0.96700 0.57295
-0.96238 0.57043
-0.95812 0.56335
-0.95735 0.55815
-0.95829 0.55258
-0.95885 0.54685
-0.95840 0.54506
-0.95567 0.54421
-0.95055 0.54356
-0.94549 0.54031
-0.94225 0.53461
-0.94088 0.52789
-0.94152 0.51927
-0.94196 0.51493
-0.93981 0.51296
-0.93726 0.51721
-0.93559 0.51828
-0.93236 0.51181
-0.92855 0.51065
-0.92729 0.50435
-0.92606 0.49638
-0.92521 0.49211
-0.92632 0.48929
-0.92409 0.48941
-0.92289 0.48803
-0.91724 0.48742
-0.91266 0.48442
-0.90977 0.47894
-0.91025 0.47411
-0.91069 0.46812
-0.90965 0.46431
-0.90644 0.46016
-0.90202 0.45552
-0.89821 0.44995
-0.89675 0.44466
-0.89581 0.44337
-0.89547 0.44454
-0.89441 0.44379
-0.89114 0.44244
-0.88491 0.43929
-0.88150 0.43685
-0.87862 0.43082
-0.87694 0.42637
-0.87645 0.42037
-0.87430 0.41779
-0.87188 0.41699
-0.87021 0.41491
-0.86763 0.41367
-0.86586 0.40850
-0.86234 0.40385
-0.85972 0.39968
-0.85425 0.39585
-0.85400 0.39560
-0.85334 0.39329
-0.85302 0.39008
-0.85216 0.38746
-0.85212 0.38599
-0.84843 0.38279
-0.84368 0.37726
-0.83870 0.37269
-0.83419 0.36910
-0.83190 0.36716
-0.83112 0.36428
-0.83082 0.36022
-0.82795 0.35584
-0.82317 0.35127
-0.82305 0.35112
-0.82055 0.35108
-0.80855 0.34774
-0.80683 0.34368
-0.80599 0.33743
-0.80530 0.32951
-0.79932 0.32129
-0.79919 0.32107
-0.79686 0.32246
-0.78617 0.32298
-0.78030 0.30851
-0.77716 0.30387
-0.76876 0.29535
-0.76677 0.29310
-0.76543 0.29080
-0.76220 0.28864
-0.75822 0.28736
-0.75346 0.28627
-0.75122 0.28379
-0.74879 0.27976
-0.74283 0.27104
-0.74267 0.27083
-0.74045 0.26821
-0.73692 0.26642
-0.73210 0.26470
-0.72962 0.26125
-0.72778 0.25903
-0.72410 0.25373
-0.72400 0.25358
-0.72166 0.24948
-0.71865 0.24603
-0.71611 0.24251
-0.71321 0.24070
-0.70964 0.24018
-0.70556 0.24163
-0.69987 0.23901
-0.69578 0.23503
-0.69406 0.22970
-0.69499 0.22416
-0.69350 0.22063
-0.69047 0.21723
-0.68705 0.21557
-0.68390 0.21436
-0.67936 0.21468
-0.67658 0.21344
-0.67434 0.21263
-0.66653 0.20962
-0.66635 0.20956
-0.66337 0.20815
-0.66076 0.20338
-0.66053 0.20096
-0.66081 0.19835
-0.65979 0.19531
-0.65460 0.19413
-0.64939 0.19167
-0.64538 0.18979
-0.63819 0.18762
-0.63275 0.18651
-0.62830 0.18263
-0.62724 0.17766
-0.62582 0.17614
-0.62390 0.17343
-0.61850 0.17360
-0.61709 0.17255
-0.61403 0.17113
-0.60955 0.16725
-0.60413 0.16336
-0.60003 0.16113
-0.59990 0.15966
-0.59805 0.15839
-0.59659 0.15601
-0.59445 0.15397
-0.58983 0.15225
-0.58441 0.15067
-0.57975 0.14849
-0.57518 0.14576
-0.57212 0.14446
-0.57064 0.14370
-0.56888 0.14059
-0.56746 0.13687
-0.56502 0.13290
-0.56233 0.13022
-0.55863 0.12956
-0.55319 0.12857
-0.54699 0.12817
-0.54116 0.12776
-0.53661 0.12470
-0.53347 0.12195
-0.53244 0.11913
-0.53311 0.11561
-0.53270 0.11589
-0.52998 0.11709
-0.52551 0.11794
-0.51854 0.11730
-0.51205 0.11790
-0.50939 0.11449
-0.50805 0.10947
-0.50607 0.10619
-0.50269 0.10402
-0.49878 0.10362
-0.49558 0.10296
-0.49159 0.10271
-0.48960 0.10277
-0.48812 0.10095
-0.48283 0.09711
-0.47832 0.09403
-0.47278 0.09458
-0.46776 0.09205
-0.46461 0.09130
-0.46202 0.09063
-0.46181 0.09160
-0.45842 0.09181
-0.45296 0.09146
-0.44702 0.08880
-0.44234 0.08629
-0.43899 0.08457
-0.43793 0.08192
-0.43454 0.07802
-0.43164 0.07689
-0.42815 0.07338
-0.42452 0.07526
-0.42123 0.07364
-0.41662 0.07293
-0.41181 0.07264
-0.40596 0.07050
-0.40124 0.06684
-0.39850 0.06319
-0.39454 0.05965
-0.39305 0.05746
-0.39246 0.05719
-0.39015 0.05823
-0.38770 0.05871
-0.38543 0.06109
-0.38168 0.06237
-0.37368 0.06239
-0.36463 0.05886
-0.35971 0.05488
-0.35692 0.05112
-0.35557 0.05060
-0.35442 0.04843
-0.35275 0.04765
-0.34856 0.04771
-0.34599 0.04626
-0.34293 0.04332
-0.33878 0.04313
-0.33211 0.04397
-0.32691 0.04395
-0.32371 0.04443
-0.32019 0.04237
-0.31767 0.03922
-0.31581 0.03565
-0.30964 0.03423
-0.30964 0.03423
-0.30595 0.03351
-0.30126 0.03353
-0.29681 0.03415
-0.29136 0.03435
-0.28733 0.03400
-0.27842 0.03085
-0.27801 0.03070
-0.27604 0.02996
-0.27375 0.02867
-0.26967 0.02873
-0.26955 0.02873
-0.26663 0.02704
-0.25466 0.02210
-0.25438 0.02202
-0.24886 0.02269
-0.24563 0.02430
-0.24337 0.02537
-0.23638 0.02518
-0.23620 0.02519
-0.23336 0.01999
-0.23104 0.01580
-0.22793 0.01505
-0.21981 0.01577
-0.21939 0.01576
-0.21435 0.01600
-0.20969 0.01493
-0.20567 0.01546
-0.20222 0.01491
-0.19858 0.01393
-0.19481 0.01268
-0.18739 0.00923
-0.18720 0.00912
-0.18220 0.01046
-0.17807 0.01100
-0.17289 0.01005
-0.16815 0.00768
-0.16432 0.00728
-0.16062 0.00810
-0.15312 0.01165
-0.14956 0.01103
-0.14360 0.00647
-0.13773 0.00371
-0.13317 0.00187
-0.12739 0.00091
-0.12405 0.00446
-0.12405 0.00446
-0.12143 0.00401
-0.10623 0.00592
-0.08978 0.00489
-0.08825 0.00322
-0.08658 0.00194
-0.08303 0.00060
-0.07003 0.00295
-0.06648 0.00265
-0.06321 0.00264
-0.06158 0.00358
-0.05015 0.00010
-0.04376 -0.00059
-0.03622 0.00267
-0.03603 0.00274
-0.03377 0.00528
-0.02968 0.00485
-0.02543 0.00440
-0.02229 0.00326
-0.01784 0.00296
-0.01383 0.00176
-0.01012 -0.00094
-0.00598 -0.00167
-0.00017 -0.00098
0.00323 0.00288
0.00062 0.00699
-0.00707 0.00983
-0.01449 0.00783
-0.01739 0.00579
-0.01582 0.00492
-0.01541 0.00493
-0.01216 0.00134
-0.00576 0.00179
-0.00186 0.00383
-0.00401 0.00536
-0.00364 0.00508
-0.00354 0.00311
-0.00657 0.00156
-0.00945 0.00192
-0.01267 0.00217
-0.01525 0.00423
-0.01698 0.00475
-0.01611 0.00475
-0.01407 0.00377
-0.00866 0.00496
-0.00387 0.00433
-0.00170 0.00077
-0.00395 0.00102
-0.00716 0.00185
-0.01057 0.00491
-0.01260 0.00615
-0.01314 0.00750
-0.01228 0.00474
-0.00981 0.00195
-0.00658 -0.00026
-0.00525 0.00152
-0.00549 0.00283
-0.00552 0.00282
-0.00664 0.00449
-0.00773 0.00449
-0.00847 0.00504
-0.00928 0.00444
-0.00979 0.00415
-0.00989 0.00407
-0.00874 0.00362
-0.00802 0.00250
-0.00773 0.00197
