-0.01001 -0.00296
-0.00826 -0.00279
-0.00849 -0.00457
-0.00972 -0.00197
-0.01163 -0.00263
-0.01329 -0.00283
-0.01217 -0.00090
-0.01074 -0.00213
-0.00673 -0.00233
-0.00512 -0.00254
-0.00870 -0.00201
-0.01056 -0.00190
-0.01277 -0.00111
-0.01261 -0.00099
-0.01273 -0.00118
-0.01092 -0.00212
-0.00968 -0.00231
-0.00860 -0.00250
-0.00862 -0.00319
-0.00975 -0.00254
-0.01157 -0.00202
-0.01184 -0.00202
-0.01099 -0.00232
-0.01054 -0.00336
-0.00926 -0.00365
-0.01096 -0.00159
-0.01085 -0.00073
-0.01050 -0.00245
-0.01031 -0.00250
-0.01100 -0.00282
-0.01096 -0.00214
-0.00942 -0.00025
-0.00814 -0.00044
-0.01085 -0.00112
-0.01208 -0.00289
-0.01184 -0.00370
-0.00860 -0.00375
-0.00553 -0.00330
-0.00637 -0.00123
-0.00732 0.00007
-0.00985 -0.00185
-0.01092 -0.00165
-0.01053 -0.00233
-0.01242 -0.00254
-0.01229 -0.00136
-0.00997 -0.00261
-0.00842 -0.00255
-0.00591 -0.00246
-0.00119 -0.00234
0.00359 -0.00249
0.01117 -0.00399
0.01566 -0.00337
0.01978 -0.00266
0.02474 -0.00187
0.02836 -0.00140
0.02881 -0.00093
0.03219 -0.00060
0.03486 -0.00302
0.03934 -0.00168
0.04408 -0.00002
0.04792 0.00097
0.05094 0.00128
0.05333 0.00117
0.05635 -0.00036
0.06130 -0.00006
0.06753 0.00069
0.07298 0.00210
0.07676 0.00231
0.07988 0.00383
0.08361 0.00480
0.08810 0.00455
0.09120 0.00358
0.09561 0.00292
0.09997 0.00438
0.10400 0.00621
0.10693 0.00717
0.11036 0.00752
0.11448 0.00755
0.11767 0.00640
0.12095 0.00708
0.12538 0.00805
0.12931 0.00893
0.13308 0.00979
0.13748 0.01067
0.14193 0.01002
0.14584 0.01217
0.15010 0.01283
0.15415 0.01386
0.15746 0.01491
0.15967 0.01470
0.16167 0.01407
0.16596 0.01590
0.17037 0.01579
0.17507 0.01899
0.18039 0.02123
0.18470 0.02209
0.18751 0.02130
0.18902 0.02171
0.19109 0.02286
0.19416 0.02478
0.20044 0.02758
0.20562 0.02734
0.21045 0.02586
0.21342 0.02572
0.21687 0.02765
0.22042 0.02973
0.22218 0.03057
0.22561 0.03246
0.22895 0.03605
0.23419 0.03710
0.23750 0.03805
0.24189 0.03705
0.24535 0.03591
0.24812 0.03725
0.25183 0.04138
0.25396 0.04177
0.26502 0.04123
0.27434 0.04761
0.27458 0.04777
0.27974 0.04868
0.28494 0.04982
0.28822 0.05064
0.28986 0.05126
0.29082 0.05299
0.29287 0.05476
0.29767 0.05698
0.30180 0.05747
0.30678 0.05752
0.32260 0.06038
0.32488 0.06300
0.32835 0.06549
0.33104 0.06707
0.33445 0.06681
0.33577 0.06835
0.33793 0.06920
0.34084 0.07097
0.34834 0.07346
0.34852 0.07352
0.35307 0.07660
0.35775 0.08073
0.37331 0.08632
0.38046 0.08603
0.38046 0.08603
0.38191 0.08720
0.38286 0.08869
0.39538 0.09370
0.39981 0.09692
0.39991 0.09699
0.40180 0.09893
0.40413 0.09968
0.41968 0.10457
0.42441 0.10838
0.42658 0.11246
0.43062 0.11627
0.43481 0.11649
0.43810 0.11636
0.43991 0.11580
0.44311 0.11607
0.44687 0.11820
0.45174 0.11935
0.45711 0.12526
0.45725 0.12542
0.46001 0.12835
0.46295 0.13211
0.46691 0.13522
0.47155 0.13666
0.47591 0.13670
0.47872 0.13773
0.48110 0.14136
0.48544 0.14256
0.48557 0.14263
0.48989 0.14386
0.49434 0.14462
0.50232 0.15049
0.50252 0.15063
0.50516 0.15347
0.50743 0.15661
0.50949 0.15861
0.51278 0.15946
0.51460 0.15966
0.51950 0.16236
0.52271 0.16403
0.52662 0.16844
0.53332 0.17209
0.54030 0.17462
0.54371 0.17836
0.54461 0.18075
0.54446 0.18144
0.54488 0.18112
0.54605 0.18193
0.54968 0.18179
0.55477 0.18614
0.55782 0.18960
0.56234 0.19442
0.56729 0.19674
0.57146 0.19907
0.57340 0.20122
0.57543 0.20223
0.57771 0.20420
0.58052 0.20618
0.58353 0.20908
0.58654 0.21099
0.59084 0.21109
0.59320 0.21244
0.59555 0.21372
0.59647 0.21767
0.59735 0.22214
0.60069 0.22741
0.60672 0.22906
0.61169 0.23367
0.61785 0.23520
0.62159 0.23905
0.62496 0.24022
0.62551 0.23974
0.62629 0.24115
0.62694 0.24313
0.62865 0.24622
0.63212 0.24899
0.63497 0.25285
0.63921 0.25603
0.64218 0.26017
0.64543 0.26508
0.65290 0.27016
0.65897 0.27199
0.66238 0.27334
0.66295 0.27520
0.66389 0.27610
0.66480 0.27620
0.66337 0.27610
0.66421 0.27858
0.66605 0.28061
0.66903 0.28289
0.67484 0.28494
0.68032 0.29229
0.68472 0.29780
0.68726 0.30191
0.68890 0.30536
0.69225 0.30975
0.69712 0.31138
0.69944 0.31352
0.70276 0.31487
0.70289 0.31798
0.70531 0.31960
0.70644 0.32332
0.71077 0.32388
0.71355 0.32468
0.71399 0.32692
0.71386 0.32991
0.71432 0.33268
0.71916 0.33785
0.72417 0.34217
0.72960 0.34584
0.73290 0.34953
0.73543 0.35336
0.73806 0.35802
0.73982 0.36105
0.74140 0.36216
0.74347 0.36259
0.74502 0.36448
0.74679 0.36821
0.74943 0.37220
0.75362 0.37577
0.75646 0.37889
0.75989 0.38149
0.76289 0.38554
0.76444 0.38967
0.76558 0.39341
0.76514 0.39555
0.76696 0.39886
0.77152 0.40017
0.77647 0.40250
0.77839 0.40334
0.77999 0.40512
0.78225 0.40799
0.78257 0.41282
0.78271 0.41691
0.78485 0.42100
0.78737 0.42596
0.79082 0.42951
0.79425 0.43172
0.80236 0.43962
0.80256 0.43981
0.80501 0.44575
0.80658 0.44996
0.80864 0.45389
0.80949 0.45970
0.81348 0.46042
0.81357 0.46045
0.81419 0.45968
0.81574 0.46061
0.81580 0.46327
0.81784 0.46665
0.82035 0.47194
0.82484 0.47695
0.82901 0.48203
0.83352 0.49323
0.83582 0.49576
0.83712 0.49990
0.84362 0.50581
0.84251 0.51020
0.84462 0.51193
0.85072 0.52060
0.85085 0.52081
0.85427 0.52615
0.86035 0.54062
0.86099 0.54227
0.86182 0.54417
0.86543 0.54722
0.86982 0.55462
0.87056 0.55826
0.87218 0.56138
0.87447 0.56652
0.87559 0.57070
0.87878 0.57453
0.88129 0.57942
0.88320 0.58511
0.88772 0.60034
0.88697 0.60097
0.88733 0.60127
0.88806 0.60206
0.89021 0.60417
0.89284 0.60874
0.89498 0.61463
0.89733 0.61952
0.90042 0.62446
0.90358 0.62817
0.90405 0.63216
0.90350 0.63598
0.90238 0.64122
0.90288 0.64421
0.90433 0.64718
0.90743 0.64997
0.91006 0.65393
0.91238 0.65789
0.91495 0.66183
0.91454 0.66492
0.91333 0.66825
0.91365 0.67048
0.91560 0.67347
0.91959 0.67815
0.92285 0.68071
0.92444 0.68573
0.92400 0.69084
0.92432 0.69738
0.92527 0.70040
0.92799 0.70144
0.92789 0.70330
0.92923 0.70748
0.92987 0.71138
0.93104 0.71650
0.93233 0.72059
0.93406 0.72467
0.93502 0.73022
0.93796 0.73363
0.93894 0.73743
0.94030 0.73762
0.93709 0.73761
0.93740 0.73909
0.93954 0.74198
0.93975 0.74544
0.94072 0.75198
0.94207 0.75878
0.94399 0.76291
0.94615 0.76919
0.94683 0.77441
0.94663 0.77825
0.94806 0.78122
0.94860 0.78434
0.95022 0.78582
0.95219 0.78510
0.95281 0.78632
0.95420 0.78867
0.95414 0.79366
0.95565 0.79897
0.95601 0.80484
0.95670 0.81101
0.95768 0.81660
0.96005 0.82170
0.96256 0.82699
0.96471 0.83064
0.96443 0.83406
0.96442 0.83573
0.96399 0.83762
0.96354 0.83981
0.96523 0.84277
0.96593 0.84580
0.96642 0.84760
0.96521 0.85011
0.96450 0.85287
0.96372 0.85743
0.96594 0.86143
0.96845 0.86818
0.97031 0.87384
0.97074 0.87982
0.97015 0.88529
0.97100 0.88921
0.97183 0.89390
0.97175 0.89819
0.97185 0.90129
0.97330 0.90295
0.97575 0.90534
0.97563 0.90999
0.97535 0.91419
0.97343 0.91764
0.97197 0.92214
0.97352 0.92757
0.97623 0.93115
0.97822 0.93337
0.97809 0.93728
0.97656 0.94081
0.97634 0.94605
0.97598 0.95043
0.97668 0.95352
0.97707 0.95669
0.97690 0.96004
0.97769 0.96220
0.97872 0.97796
0.97859 0.98069
0.97685 0.99139
0.97950 0.99550
0.98108 0.99961
0.98062 1.00260
0.97891 1.00702
0.97920 1.01075
0.97841 1.01505
0.97931 1.01985
0.97957 1.02340
0.97927 1.02586
0.97802 1.02889
0.97816 1.03153
0.97797 1.03623
0.97928 1.04106
0.97823 1.04616
0.97772 1.05019
0.97750 1.05443
0.97896 1.05942
0.97953 1.06351
0.97933 1.06835
0.97770 1.07351
0.97941 1.07977
0.97978 1.08208
0.98008 1.08391
0.97804 1.08520
0.97478 1.08873
0.97314 1.09186
0.97380 1.09770
0.97542 1.10289
0.97631 1.11315
0.97632 1.11339
0.97676 1.11701
0.97692 1.12113
0.97590 1.12468
0.97584 1.12557
0.97056 1.13327
0.97046 1.13344
0.97144 1.13435
0.97152 1.13794
0.97163 1.14453
0.97162 1.14469
0.97224 1.14932
0.97126 1.15519
0.96997 1.15941
0.97028 1.16369
0.96949 1.16663
0.97047 1.16896
0.96888 1.17140
0.96804 1.17446
0.96595 1.18003
0.96514 1.18396
0.96548 1.18987
0.96502 1.19924
0.96499 1.19942
0.96168 1.20321
0.95965 1.20557
0.95783 1.21014
0.95773 1.21033
0.96016 1.21268
0.96065 1.21862
0.95916 1.22434
0.95702 1.22816
0.95435 1.23077
0.95417 1.23304
0.95503 1.23539
0.95443 1.24000
0.95227 1.24365
0.95146 1.24818
0.95197 1.25442
0.95122 1.26000
0.94797 1.26382
0.94668 1.26758
0.94561 1.27143
0.94571 1.27450
0.94651 1.27601
0.94454 1.27916
0.94274 1.28269
0.94018 1.28675
0.93955 1.29067
0.93715 1.29314
0.93544 1.29688
0.93688 1.30278
0.93781 1.30917
0.93652 1.31336
0.93466 1.31629
0.93283 1.31721
0.93211 1.31930
0.93026 1.32257
0.92793 1.32683
0.92700 1.33224
0.92706 1.33741
0.92718 1.34061
0.92636 1.34310
0.92402 1.34626
0.92419 1.34744
0.92212 1.35097
0.92387 1.35043
0.92161 1.35345
0.91999 1.35603
0.91604 1.36194
0.91562 1.36722
0.91227 1.37366
0.90931 1.37847
0.90932 1.38161
0.91021 1.38417
0.91034 1.38380
0.90813 1.38605
0.90577 1.38969
0.90286 1.39677
0.90082 1.40363
0.89938 1.40585
0.89879 1.41092
0.89724 1.41690
0.89627 1.42228
0.89677 1.42607
0.89486 1.42897
0.89427 1.43219
0.89394 1.43548
0.89112 1.43938
0.88678 1.44212
0.88188 1.44461
0.88163 1.44690
0.88226 1.45262
0.88151 1.45918
0.87881 1.46453
0.87620 1.46814
0.87378 1.47188
0.87595 1.47355
0.87269 1.47780
0.87291 1.48135
0.87190 1.48491
0.86824 1.48868
0.86479 1.48957
0.86213 1.49042
0.86189 1.49099
0.86168 1.49391
0.86022 1.49646
0.86108 1.50130
0.85727 1.50468
0.85358 1.51178
0.84970 1.51931
0.84638 1.52388
0.84147 1.52779
0.84036 1.53004
0.84038 1.53227
0.84411 1.53514
0.84344 1.53639
0.84146 1.53956
0.83638 1.54043
0.83173 1.54308
0.82687 1.55916
0.82476 1.57087
0.82473 1.57118
0.82241 1.57463
0.81960 1.57633
0.81541 1.57874
0.81288 1.58149
0.81011 1.58468
0.80828 1.58701
0.80685 1.58818
0.80671 1.58825
0.80448 1.58839
0.80088 1.58994
0.79597 1.59392
0.79387 1.60042
0.79363 1.60731
0.79150 1.61417
0.78971 1.61697
0.78164 1.62595
0.78144 1.62616
0.77904 1.62805
0.77866 1.63079
0.77293 1.63807
0.76865 1.64183
0.76318 1.64404
0.76057 1.64588
0.76002 1.65500
0.75995 1.65522
0.76187 1.65916
0.76162 1.66206
0.75926 1.66456
0.75582 1.66476
0.75008 1.66490
0.74369 1.66703
0.74129 1.67116
0.73832 1.67542
0.73801 1.67988
0.72879 1.69518
0.72812 1.69751
0.72146 1.69734
0.72130 1.69738
0.72116 1.69995
0.71885 1.70431
0.71662 1.70763
0.71421 1.70897
0.71320 1.71129
0.71013 1.71284
0.70807 1.71611
0.69850 1.73046
0.68697 1.73800
0.68639 1.74122
0.68244 1.74622
0.68221 1.74646
0.67899 1.74745
0.67636 1.74879
0.67251 1.74939
0.66884 1.75053
0.66398 1.75265
0.66125 1.75408
0.66070 1.75723
0.66039 1.76092
0.65950 1.76521
0.65602 1.76897
0.65253 1.77249
0.64844 1.77575
0.64007 1.78356
0.63741 1.78710
0.63588 1.79063
0.62724 1.79522
0.62704 1.79534
0.62384 1.79682
0.62287 1.80004
0.62207 1.80255
0.61983 1.80480
0.61575 1.80759
0.61141 1.80950
0.60397 1.81190
0.59920 1.81510
0.59836 1.81829
0.59674 1.81893
0.59745 1.82201
0.59517 1.82421
0.59336 1.82514
0.58850 1.82580
0.58232 1.82732
0.58011 1.82840
0.57579 1.83253
0.57175 1.83722
0.57089 1.84409
0.57070 1.84894
0.56852 1.85029
0.56586 1.85195
0.55839 1.85283
0.55248 1.85331
0.54910 1.85244
0.54684 1.85357
0.54613 1.85646
0.54396 1.86225
0.54112 1.86676
0.53617 1.86898
0.53266 1.87222
0.52835 1.87192
0.52457 1.87176
0.52032 1.87303
0.51884 1.87552
0.51488 1.87816
0.51238 1.88110
0.50799 1.88444
0.50467 1.88694
0.50301 1.88780
0.50064 1.88974
0.49870 1.89140
0.49419 1.89150
0.48998 1.89369
0.48489 1.89665
0.48104 1.89809
0.47953 1.90126
0.47511 1.90516
0.47500 1.90884
0.47122 1.91079
0.46679 1.91218
0.46481 1.91161
0.45963 1.90988
0.45564 1.91315
0.45405 1.91652
0.45087 1.91948
0.44992 1.92214
0.44494 1.92317
0.43888 1.92522
0.43591 1.92892
0.43212 1.93067
0.42815 1.93277
0.42719 1.93215
0.42664 1.93358
0.42441 1.93542
0.41850 1.93644
0.41255 1.93620
0.40741 1.93725
0.40359 1.93948
0.40045 1.94157
0.39841 1.94361
0.39577 1.94637
0.39265 1.94977
0.38913 1.95252
0.38528 1.95333
0.37884 1.95284
0.37869 1.95284
0.37643 1.95384
0.37316 1.95542
0.36283 1.96221
0.36260 1.96236
0.35989 1.96433
0.35537 1.96204
0.35524 1.96201
0.35193 1.96304
0.34581 1.96552
0.34048 1.97002
0.33576 1.97263
0.33369 1.97484
0.33147 1.97703
0.32775 1.97711
0.32303 1.97696
0.32290 1.97698
0.31896 1.97928
0.31273 1.98215
0.30794 1.98431
0.30450 1.98550
0.30242 1.98734
0.29925 1.98898
0.29918 1.98904
0.29567 1.98841
0.28934 1.99069
0.28579 1.99271
0.28219 1.99505
0.27563 1.99589
0.27112 1.99676
0.26668 1.99914
0.26294 2.00253
0.25821 2.00338
0.24937 2.00271
0.24704 2.00287
0.24849 2.00086
0.24557 2.00145
0.24078 2.00372
0.23519 2.00570
0.23000 2.00744
0.22346 2.00835
0.21812 2.01162
0.21258 2.01571
0.21101 2.01837
0.20847 2.01437
0.20838 2.01431
0.20379 2.01276
0.19605 2.01367
0.19565 2.01367
0.19087 2.01553
0.18717 2.01633
0.17399 2.02508
0.16410 2.02474
0.16410 2.02474
0.16039 2.02227
0.15789 2.02083
0.14786 2.02451
0.14422 2.02452
0.14073 2.02601
0.13616 2.02593
0.13278 2.02604
0.12860 2.02736
0.11623 2.03232
0.11378 2.03371
0.11038 2.03484
0.10618 2.03523
0.10394 2.03486
0.10118 2.03312
0.09666 2.03096
0.09241 2.03040
0.08689 2.03285
0.08319 2.03521
0.07975 2.03767
0.07642 2.03847
0.07199 2.03900
0.06723 2.03874
0.06261 2.03837
0.05904 2.03828
0.05481 2.03910
0.05104 2.04034
0.04888 2.03930
0.04566 2.03852
0.04201 2.03930
0.03678 2.03937
0.03090 2.04133
0.02634 2.04248
0.02314 2.04460
0.02003 2.04577
0.01533 2.04575
0.01267 2.04476
0.00716 2.04293
0.00285 2.04249
-0.00047 2.04164
-0.00383 2.04228
-0.00632 2.04387
-0.01094 2.04578
-0.01239 2.04446
-0.01666 2.04559
-0.02111 2.04297
-0.02556 2.04021
-0.03005 2.04042
-0.03334 2.04341
-0.03852 2.04551
-0.04372 2.04723
-0.04652 2.04882
-0.05001 2.04730
-0.05220 2.04670
-0.05634 2.04490
-0.06095 2.04478
-0.06730 2.04516
-0.07377 2.04362
-0.07770 2.04688
-0.07983 2.04681
-0.08296 2.04728
-0.08619 2.04632
-0.08822 2.04223
-0.09293 2.04100
-0.09376 2.04290
-0.09560 2.04300
-0.09874 2.04508
-0.10307 2.04391
-0.11162 2.04180
-0.11881 2.04035
-0.12478 2.04480
-0.12929 2.04620
-0.13326 2.04447
-0.13509 2.04242
-0.13475 2.03918
-0.13746 2.03647
-0.13957 2.03490
-0.14351 2.03494
-0.14849 2.03756
-0.15335 2.03810
-0.15769 2.03867
-0.16413 2.03948
-0.16898 2.03993
-0.17280 2.04012
-0.17604 2.03879
-0.17747 2.03509
-0.18076 2.03416
-0.18672 2.03334
-0.19267 2.03366
-0.19704 2.03449
-0.20104 2.03581
-0.20293 2.03606
-0.20745 2.03526
-0.21068 2.03465
-0.21488 2.03295
-0.21833 2.03066
-0.22173 2.02913
-0.22551 2.02798
-0.22938 2.02854
-0.23141 2.02690
-0.23546 2.02689
-0.24112 2.02509
-0.24825 2.02319
-0.25421 2.02308
-0.25664 2.02253
-0.25939 2.02291
-0.26100 2.02161
-0.26849 2.01963
-0.26866 2.01959
-0.27248 2.01838
-0.27784 2.01749
-0.28527 2.01915
-0.28546 2.01918
-0.28807 2.01953
-0.28884 2.01671
-0.29253 2.01231
-0.29672 2.01153
-0.30816 2.01367
-0.31155 2.01215
-0.32134 2.00594
-0.32155 2.00582
-0.32324 2.00313
-0.32567 2.00145
-0.33149 2.00231
-0.33163 2.00228
-0.33403 2.00303
-0.34216 1.99891
-0.34235 1.99884
-0.34754 1.99740
-0.36725 1.99417
-0.36889 1.99408
-0.37037 1.99549
-0.37540 1.99536
-0.37554 1.99536
-0.37669 1.99285
-0.38151 1.98968
-0.38479 1.98380
-0.38737 1.98027
-0.39223 1.97916
-0.39736 1.97962
-0.40516 1.98290
-0.40537 1.98294
-0.40852 1.98316
-0.41400 1.97926
-0.41714 1.97700
-0.42079 1.97358
-0.42365 1.97154
-0.42837 1.97064
-0.43231 1.97029
-0.43346 1.97006
-0.43530 1.96718
-0.44484 1.96162
-0.44509 1.96149
-0.45085 1.96088
-0.46532 1.95954
-0.46880 1.95876
-0.47187 1.95659
-0.47379 1.95446
-0.47390 1.95140
-0.47469 1.94697
-0.47558 1.94312
-0.47894 1.94061
-0.48380 1.93921
-0.48973 1.94036
-0.49533 1.94287
-0.49939 1.94246
-0.50266 1.94175
-0.50631 1.93921
-0.51174 1.93558
-0.51558 1.93357
-0.51785 1.93079
-0.51953 1.92919
-0.52162 1.92697
-0.52592 1.92549
-0.53001 1.92383
-0.53450 1.92068
-0.53919 1.91736
-0.54278 1.91621
-0.54487 1.91582
-0.54823 1.91252
-0.55158 1.90975
-0.55371 1.90851
-0.55629 1.90711
-0.55952 1.90831
-0.56506 1.90689
-0.56865 1.90368
-0.57165 1.90008
-0.57136 1.89775
-0.57369 1.89460
-0.57689 1.89253
-0.58009 1.88999
-0.58767 1.88905
-0.58964 1.88758
-0.59388 1.88334
-0.59627 1.88148
-0.59936 1.88184
-0.60141 1.88199
-0.60508 1.88268
-0.60923 1.88198
-0.61189 1.87611
-0.61524 1.87132
-0.61756 1.86635
-0.61955 1.86128
-0.62312 1.86057
-0.62454 1.86252
-0.62394 1.86334
-0.62771 1.86194
-0.63296 1.85854
-0.63677 1.85252
-0.64382 1.84621
-0.64807 1.84305
-0.65085 1.84194
-0.65145 1.84515
-0.65331 1.84682
-0.65784 1.84435
-0.66281 1.84168
-0.66362 1.83869
-0.66451 1.83542
-0.66733 1.83129
-0.67036 1.82579
-0.67354 1.82067
-0.67738 1.81783
-0.68058 1.81598
-0.68589 1.81698
-0.68975 1.81614
-0.69350 1.81701
-0.69662 1.81547
-0.69763 1.80851
-0.69815 1.80224
-0.69954 1.79750
-0.70385 1.79692
-0.70642 1.79503
-0.71262 1.79268
-0.71535 1.78971
-0.71851 1.78754
-0.72119 1.78487
-0.72482 1.78148
-0.72790 1.77903
-0.73067 1.77815
-0.73266 1.77702
-0.73492 1.77447
-0.73879 1.76888
-0.74152 1.76573
-0.74523 1.76398
-0.74759 1.76292
-0.74915 1.76078
-0.75308 1.75804
-0.75773 1.75576
-0.76021 1.75126
-0.76177 1.74664
-0.76396 1.74270
-0.76806 1.74018
-0.77158 1.73911
-0.77667 1.73817
-0.78158 1.73746
-0.78311 1.73557
-0.78299 1.73450
-0.78435 1.73181
-0.78517 1.72803
-0.78787 1.72318
-0.79205 1.71729
-0.79516 1.71182
-0.79753 1.70939
-0.80568 1.70431
-0.80941 1.70290
-0.81670 1.68822
-0.81800 1.68313
-0.81814 1.67876
-0.81880 1.67697
-0.82135 1.67703
-0.82587 1.67504
-0.83009 1.67366
-0.83578 1.66877
-0.83870 1.66559
-0.84444 1.66150
-0.84458 1.66137
-0.84514 1.66066
-0.84718 1.65724
-0.84904 1.65197
-0.85083 1.65102
-0.85371 1.64924
-0.85483 1.64619
-0.85681 1.63646
-0.85687 1.63623
-0.85907 1.63291
-0.85930 1.62951
-0.86327 1.62419
-0.86694 1.62165
-0.87083 1.61880
-0.87432 1.61716
-0.87873 1.61582
-0.88281 1.61503
-0.88707 1.61484
-0.88935 1.61308
-0.89132 1.60921
-0.89146 1.60616
-0.89141 1.59952
-0.89549 1.59006
-0.89557 1.58985
-0.89836 1.58670
-0.90285 1.58447
-0.90341 1.57970
-0.90345 1.57957
-0.90460 1.57620
-0.90513 1.57197
-0.90874 1.56879
-0.91462 1.56180
-0.91462 1.56180
-0.91642 1.55970
-0.91775 1.56065
-0.91962 1.55915
-0.92067 1.55636
-0.92130 1.55258
-0.92221 1.55000
-0.92611 1.54483
-0.92805 1.53868
-0.93041 1.53517
-0.93430 1.53213
-0.93603 1.52960
-0.93851 1.52642
-0.94037 1.52161
-0.94089 1.51819
-0.94348 1.51186
-0.94355 1.51171
-0.94613 1.50893
-0.94775 1.50665
-0.95319 1.49941
-0.95333 1.49921
-0.95583 1.49562
-0.95915 1.49167
-0.96043 1.48745
-0.96093 1.48399
-0.96449 1.47982
-0.96557 1.47652
-0.96499 1.47305
-0.96526 1.46845
-0.96458 1.46371
-0.96622 1.46064
-0.96955 1.45807
-0.97292 1.45722
-0.97366 1.45547
-0.97402 1.45330
-0.97580 1.44795
-0.97798 1.44266
-0.98087 1.43765
-0.98342 1.43111
-0.98614 1.42592
-0.98618 1.42401
-0.98823 1.42297
-0.99079 1.42289
-0.99091 1.42292
-0.99050 1.41937
-0.99144 1.41471
-0.99476 1.41060
-0.99657 1.40619
-0.99755 1.40105
-0.99596 1.39639
-0.99727 1.39131
-1.00074 1.38557
-1.00527 1.38083
-1.00980 1.37852
-1.01054 1.37745
-1.01115 1.37595
-1.01016 1.37358
-1.01102 1.37033
-1.01184 1.36643
-1.01220 1.36145
-1.01314 1.35494
-1.01415 1.35093
-1.01607 1.34638
-1.01515 1.34130
-1.01588 1.33998
-1.01905 1.33658
-1.02298 1.33190
-1.02721 1.32851
-1.02822 1.32530
-1.02837 1.32122
-1.02525 1.31713
-1.02517 1.31483
-1.02675 1.31323
-1.02979 1.31152
-1.03284 1.30997
-1.03361 1.30720
-1.03288 1.30222
-1.03231 1.29587
-1.03314 1.29062
-1.03171 1.28429
-1.03433 1.27715
-1.03695 1.27440
-1.03899 1.27365
-1.04175 1.27284
-1.04299 1.27324
-1.04177 1.26897
-1.04320 1.26500
-1.04357 1.25579
-1.04281 1.24900
-1.04245 1.24168
-1.04359 1.23850
-1.04585 1.23340
-1.04909 1.22975
-1.05116 1.22964
-1.05079 1.22770
-1.04999 1.22673
-1.05056 1.22397
-1.05043 1.21807
-1.05278 1.21093
-1.05417 1.20567
-1.05647 1.20111
-1.05582 1.19558
-1.05534 1.19203
-1.05511 1.18997
-1.05575 1.18842
-1.05733 1.18716
-1.05730 1.18412
-1.05707 1.18081
-1.05764 1.17561
-1.05786 1.17030
-1.06045 1.16616
-1.06428 1.15920
-1.06437 1.15903
-1.06540 1.15714
-1.06579 1.14769
-1.06659 1.14456
-1.06408 1.14033
-1.06379 1.13568
-1.06802 1.12627
-1.06820 1.12579
-1.06860 1.12264
-1.06792 1.11972
-1.06812 1.11681
-1.06724 1.11359
-1.06760 1.10904
-1.06941 1.10347
-1.07042 1.09342
-1.07045 1.09314
-1.06997 1.08829
-1.06943 1.08066
-1.06943 1.08047
-1.06845 1.07836
-1.07124 1.06469
-1.07258 1.05899
-1.07096 1.05633
-1.06966 1.05281
-1.07068 1.05095
-1.07408 1.04832
-1.07403 1.04028
-1.07405 1.04007
-1.07322 1.03632
-1.07097 1.03531
-1.06970 1.03260
-1.07037 1.02692
-1.07146 1.01990
-1.07008 1.01408
-1.06955 1.00980
-1.07174 1.00515
-1.07182 1.00487
-1.07053 1.00292
-1.07457 0.99135
-1.07481 0.98554
-1.07229 0.98012
-1.06950 0.97292
-1.06781 0.96482
-1.06631 0.95673
-1.06631 0.95673
-1.06613 0.95280
-1.06815 0.95064
-1.06815 0.94874
-1.06943 0.94855
-1.06855 0.94743
-1.06840 0.94472
-1.06882 0.94223
-1.06883 0.93683
-1.06938 0.93092
-1.06977 0.92594
-1.06892 0.91233
-1.06891 0.91204
-1.06751 0.90920
-1.06617 0.90465
-1.06318 0.90363
-1.06247 0.90226
-1.06232 0.89933
-1.06339 0.89598
-1.06347 0.89121
-1.06326 0.88868
-1.06315 0.88306
-1.06248 0.87803
-1.06092 0.87143
-1.06030 0.86681
-1.05950 0.86200
-1.05861 0.85898
-1.05776 0.85564
-1.05534 0.85118
-1.05503 0.84722
-1.05477 0.84230
-1.05390 0.83933
-1.05340 0.83603
-1.05252 0.83281
-1.05206 0.83248
-1.05112 0.82995
-1.05004 0.82630
-1.05146 0.82204
-1.05234 0.81780
-1.05169 0.81324
-1.05112 0.80809
-1.04948 0.80230
-1.04702 0.79742
-1.04519 0.79153
-1.04351 0.78879
-1.04240 0.78835
-1.03992 0.78678
-1.03909 0.78327
-1.03869 0.78081
-1.03900 0.78016
-1.03910 0.77759
-1.03797 0.77383
-1.03673 0.76658
-1.03498 0.75864
-1.03475 0.75308
-1.03436 0.74616
-1.03557 0.74179
-1.03425 0.73771
-1.03195 0.73482
-1.03001 0.73163
-1.02760 0.72837
-1.02640 0.72839
-1.02467 0.72680
-1.02543 0.72395
-1.02265 0.72019
-1.02185 0.71575
-1.02046 0.71083
-1.02049 0.70513
-1.01945 0.70126
-1.02021 0.69645
-1.01829 0.69155
-1.01609 0.68830
-1.01262 0.68606
-1.01054 0.68266
-1.00826 0.67958
-1.00726 0.67867
-1.00625 0.67483
-1.00355 0.67155
-1.00187 0.66594
-1.00064 0.66081
-1.00178 0.65623
-1.00334 0.65307
-1.00343 0.64785
-1.00358 0.64402
-1.00065 0.63812
-0.99678 0.63800
-0.99444 0.63421
-0.99008 0.63071
-0.98756 0.62670
-0.98548 0.62270
-0.98560 0.61875
-0.98630 0.61505
-0.98836 0.61107
-0.98668 0.61004
-0.98685 0.60971
-0.98110 0.60176
-0.98097 0.60153
-0.97883 0.59757
-0.97460 0.58905
-0.97064 0.58029
-0.96894 0.57879
-0.96700 0.57694
-0.96556 0.57438
-0.96302 0.56849
-0.95794 0.55438
-0.95785 0.55407
-0.95274 0.54811
-0.95145 0.54597
-0.94639 0.53839
-0.94227 0.52795
-0.94217 0.52771
-0.94074 0.52104
-0.93756 0.51361
-0.93568 0.51148
-0.93568 0.51041
-0.93496 0.50885
-0.93400 0.50704
-0.93288 0.50585
-0.93094 0.50259
-0.92198 0.49234
-0.92178 0.49213
-0.91845 0.48690
-0.91602 0.48358
-0.91535 0.48031
-0.91554 0.47482
-0.91415 0.47401
-0.91305 0.47101
-0.91086 0.46704
-0.90906 0.46362
-0.90505 0.45921
-0.90231 0.45889
-0.90025 0.45828
-0.89967 0.45543
-0.89952 0.45199
-0.89679 0.44592
-0.89428 0.44073
-0.88983 0.43699
-0.88706 0.43485
-0.88403 0.43415
-0.88063 0.43282
-0.87164 0.42071
-0.87055 0.40669
-0.86694 0.40215
-0.86694 0.40215
-0.86278 0.39894
-0.85353 0.39202
-0.85183 0.38850
-0.84934 0.38344
-0.84790 0.38019
-0.84546 0.37258
-0.84540 0.37237
-0.84367 0.36925
-0.84130 0.36427
-0.83852 0.36155
-0.83526 0.35896
-0.83061 0.35603
-0.82819 0.35351
-0.82642 0.35119
-0.82481 0.34807
-0.82312 0.34437
-0.82073 0.34020
-0.81763 0.33711
-0.81498 0.33293
-0.81208 0.33069
-0.80945 0.32652
-0.80665 0.32493
-0.80348 0.32105
-0.80102 0.31718
-0.79944 0.31517
-0.79814 0.31327
-0.79627 0.31112
-0.79433 0.30896
-0.79218 0.30818
-0.78879 0.30723
-0.78455 0.30524
-0.77847 0.30137
-0.77430 0.29586
-0.77374 0.28987
-0.77231 0.28574
-0.77000 0.28210
-0.76692 0.27981
-0.76545 0.27875
-0.76410 0.27878
-0.76130 0.27860
-0.75794 0.27733
-0.75354 0.27593
-0.75058 0.27183
-0.74763 0.26716
-0.74631 0.26285
-0.74239 0.26003
-0.73923 0.25571
-0.73737 0.25302
-0.73648 0.25136
-0.73269 0.24977
-0.72982 0.24989
-0.72579 0.24852
-0.72351 0.24502
-0.72148 0.24154
-0.71853 0.23942
-0.71636 0.23717
-0.71190 0.23469
-0.70762 0.23181
-0.70570 0.22856
-0.70306 0.22547
-0.70061 0.22307
-0.69735 0.22151
-0.69366 0.21957
-0.69130 0.21676
-0.68828 0.21397
-0.68563 0.20991
-0.68229 0.20700
-0.67975 0.20439
-0.67680 0.20203
-0.67232 0.19979
-0.66928 0.20173
-0.66620 0.20156
-0.66460 0.19769
-0.66101 0.19303
-0.65905 0.18871
-0.65539 0.18745
-0.65343 0.18460
-0.65046 0.18345
-0.64857 0.18251
-0.64535 0.18270
-0.64031 0.17967
-0.63708 0.17767
-0.63589 0.17280
-0.63391 0.16944
-0.62730 0.16810
-0.62340 0.16701
-0.62023 0.16501
-0.61909 0.16184
-0.61762 0.15789
-0.61621 0.15455
-0.60953 0.15143
-0.60608 0.14877
-0.59321 0.14340
-0.59299 0.14325
-0.59197 0.14227
-0.59179 0.14112
-0.58807 0.13883
-0.58798 0.13878
-0.58356 0.13697
-0.57928 0.13650
-0.57423 0.13549
-0.56892 0.13175
-0.56880 0.13163
-0.56681 0.12880
-0.55968 0.12272
-0.54754 0.11784
-0.54348 0.11634
-0.53873 0.11499
-0.53516 0.11493
-0.52571 0.10913
-0.52346 0.10581
-0.51820 0.10090
-0.51455 0.10186
-0.50941 0.10012
-0.50596 0.10030
-0.50329 0.10143
-0.49930 0.09943
-0.49739 0.09715
-0.49091 0.08759
-0.49077 0.08740
-0.48882 0.08802
-0.48713 0.08681
-0.46982 0.07905
-0.46440 0.07547
-0.46017 0.07396
-0.45902 0.07298
-0.45681 0.07736
-0.45674 0.07741
-0.45403 0.07616
-0.44971 0.07649
-0.44396 0.07137
-0.43695 0.06926
-0.43326 0.06654
-0.42734 0.06404
-0.42386 0.06108
-0.42279 0.06041
-0.41970 0.06208
-0.41712 0.06111
-0.41311 0.06050
-0.40813 0.05886
-0.40535 0.05929
-0.40271 0.05606
-0.39866 0.05411
-0.39526 0.05257
-0.39173 0.05209
-0.38864 0.05148
-0.38554 0.04878
-0.38203 0.04595
-0.37918 0.04529
-0.37662 0.04434
-0.37211 0.04460
-0.36717 0.04408
-0.36207 0.04200
-0.35583 0.03996
-0.35187 0.03897
-0.34838 0.03697
-0.34617 0.03445
-0.34447 0.03402
-0.34251 0.03452
-0.33998 0.03276
-0.33632 0.03242
-0.33137 0.03063
-0.32627 0.03033
-0.32161 0.03022
-0.31794 0.02902
-0.31639 0.02765
-0.31391 0.02634
-0.31136 0.02340
-0.31002 0.02122
-0.30646 0.02082
-0.30270 0.02089
-0.29801 0.02305
-0.29069 0.02250
-0.28497 0.02084
-0.27902 0.01940
-0.27540 0.01875
-0.27281 0.01651
-0.27308 0.01376
-0.27226 0.01299
-0.26940 0.01252
-0.26711 0.01331
-0.26224 0.01181
-0.25706 0.00933
-0.25012 0.00808
-0.24443 0.00966
-0.23910 0.01157
-0.23551 0.01141
-0.23005 0.01006
-0.22783 0.00880
-0.22536 0.00714
-0.22210 0.00645
-0.22062 0.00593
-0.21735 0.00643
-0.21303 0.00812
-0.20961 0.00660
-0.20574 0.00355
-0.20203 0.00226
-0.19763 0.00161
-0.19231 0.00271
-0.18821 0.00250
-0.18412 0.00263
-0.18006 0.00082
-0.17649 -0.00036
-0.17192 0.00018
-0.16861 -0.00159
-0.16404 -0.00346
-0.16082 -0.00522
-0.15791 -0.00327
-0.15613 -0.00379
-0.15361 -0.00360
-0.14949 -0.00186
-0.14508 -0.00258
-0.13775 -0.00523
-0.13061 -0.00769
-0.12704 -0.00917
-0.12402 -0.00799
-0.12153 -0.00665
-0.11928 -0.00572
-0.11582 -0.00596
-0.11050 -0.00594
-0.10596 -0.00965
-0.10073 -0.01316
-0.09645 -0.01338
-0.09142 -0.01418
-0.08858 -0.01258
-0.08552 -0.01040
-0.08423 -0.01039
-0.08170 -0.00979
-0.07797 -0.01045
-0.07262 -0.00988
-0.06946 -0.00896
-0.06553 -0.01050
-0.06132 -0.01175
-0.05673 -0.01242
-0.05311 -0.01342
-0.04872 -0.01116
-0.04448 -0.00729
-0.03959 -0.00740
-0.03700 -0.01046
-0.03348 -0.01146
-0.03253 -0.01225
-0.02806 -0.01116
-0.02458 -0.00957
-0.02160 -0.00847
-0.02777 -0.00979
-0.03146 -0.00938
-0.03539 -0.00928
-0.03764 -0.00896
-0.03715 -0.01018
-0.03605 -0.00889
-0.03316 -0.00880
-0.03144 -0.01005
-0.02981 -0.01114
-0.02879 -0.01053
-0.02838 -0.00984
-0.02949 -0.00913
-0.03120 -0.00968
-0.03167 -0.00961
-0.03289 -0.01053
-0.03287 -0.01162
-0.03224 -0.01273
-0.03254 -0.01096
-0.03293 -0.00882
-0.03278 -0.00783
-0.03243 -0.00788
-0.03133 -0.00814
-0.03039 -0.00810
-0.03041 -0.00996
-0.03146 -0.01012
-0.03110 -0.00916
-0.03074 -0.00923
-0.03129 -0.00841
-0.03095 -0.00797
-0.03095 -0.00797
-0.03064 -0.00861
-0.03131 -0.00912
-0.03341 -0.01082
