-0.01027 -0.00074
-0.01054 -0.00244
-0.01035 -0.00203
-0.00936 -0.00022
-0.00995 -0.00021
-0.00987 -0.00236
-0.00948 -0.00194
-0.01045 -0.00037
-0.00941 -0.00003
-0.00939 0.00001
-0.00920 -0.00150
-0.00997 -0.00239
-0.01065 -0.00231
-0.01122 -0.00174
-0.01193 -0.00301
-0.01118 -0.00341
-0.01188 -0.00201
-0.01172 0.00090
-0.01099 0.00103
-0.01066 -0.00115
-0.01033 -0.00169
-0.01007 -0.00134
-0.00954 -0.00150
-0.00729 -0.00069
-0.00871 -0.00223
-0.01000 -0.00163
-0.01191 -0.00252
-0.01202 -0.00184
-0.01298 0.00112
-0.01308 0.00095
-0.01331 -0.00146
-0.01261 -0.00289
-0.01018 -0.00275
-0.00878 -0.00229
-0.00689 -0.00294
-0.00639 -0.00238
-0.00697 -0.00086
-0.01145 -0.00091
-0.01274 -0.00118
-0.01103 0.00192
-0.01077 0.00065
-0.01193 -0.00264
-0.01008 -0.00322
-0.00972 -0.00369
-0.00905 -0.00186
-0.00978 -0.00103
-0.01095 -0.00018
-0.01050 -0.00002
-0.00985 -0.00116
-0.01019 -0.00175
-0.01076 -0.00193
-0.01134 -0.00270
-0.01118 -0.00221
-0.01107 -0.00242
-0.01042 -0.00199
-0.00761 -0.00230
-0.00493 -0.00054
0.00010 0.00080
0.00618 0.00168
0.01168 -0.00223
0.01488 -0.00432
0.02687 -0.00253
0.03098 -0.00000
0.03488 0.00156
0.03812 0.00059
0.04299 -0.00054
0.04743 -0.00067
0.05064 0.00087
0.05585 0.00225
0.06032 0.00362
0.06375 0.00422
0.07523 0.00398
0.08037 0.00386
0.08755 0.00399
0.08774 0.00399
0.09022 0.00527
0.09905 0.00748
0.10543 0.00858
0.10836 0.01117
0.11310 0.00901
0.11742 0.00774
0.12403 0.00842
0.12986 0.01264
0.13004 0.01271
0.13317 0.01383
0.13445 0.01536
0.13707 0.01464
0.14250 0.01414
0.14647 0.01433
0.14971 0.01571
0.15393 0.01414
0.15957 0.01756
0.16392 0.01994
0.16745 0.02266
0.17140 0.02396
0.17442 0.02365
0.17801 0.02251
0.18146 0.02190
0.18354 0.02176
0.18806 0.02332
0.19135 0.02413
0.19501 0.02543
0.19751 0.02768
0.20259 0.03074
0.20760 0.03184
0.21213 0.03277
0.21606 0.03321
0.21985 0.03314
0.22280 0.03503
0.22693 0.03753
0.23144 0.03772
0.23537 0.03699
0.23757 0.03616
0.24000 0.03583
0.24219 0.03790
0.24570 0.04109
0.24972 0.04344
0.25329 0.04423
0.25687 0.04419
0.26003 0.04404
0.26458 0.04502
0.26851 0.04655
0.27274 0.04973
0.27697 0.05098
0.28153 0.05353
0.28626 0.05370
0.28905 0.05477
0.29218 0.05286
0.29548 0.05488
0.29821 0.05758
0.30080 0.05945
0.30409 0.06062
0.30819 0.06347
0.31300 0.06467
0.31764 0.06537
0.32120 0.06684
0.32626 0.06829
0.32695 0.06940
0.32840 0.07158
0.33258 0.07406
0.33767 0.07476
0.34289 0.07583
0.34729 0.07768
0.35259 0.07798
0.35620 0.07877
0.35909 0.07957
0.36306 0.08246
0.36636 0.08532
0.36827 0.08685
0.37110 0.08634
0.37504 0.08555
0.37739 0.08690
0.38037 0.08948
0.38449 0.09156
0.38858 0.09400
0.39283 0.09592
0.39616 0.09777
0.39991 0.09968
0.40317 0.10095
0.40754 0.10276
0.41241 0.10462
0.41653 0.10644
0.42070 0.10893
0.42546 0.11202
0.42761 0.11315
0.42924 0.11346
0.43127 0.11453
0.43326 0.11749
0.43576 0.11830
0.43987 0.11953
0.44455 0.12102
0.44902 0.12279
0.45483 0.12541
0.45875 0.12863
0.46402 0.12932
0.46693 0.13172
0.46814 0.13181
0.46931 0.13350
0.47082 0.13600
0.47075 0.13708
0.47317 0.13832
0.47932 0.13952
0.48697 0.14210
0.49203 0.14556
0.49773 0.14854
0.50161 0.15296
0.50363 0.15713
0.50479 0.15858
0.50749 0.15973
0.51012 0.15950
0.51249 0.15761
0.51551 0.15976
0.51941 0.16117
0.52539 0.16312
0.52893 0.16741
0.53084 0.17158
0.53379 0.17553
0.53794 0.17869
0.53964 0.17943
0.54218 0.18015
0.54512 0.18128
0.54758 0.18238
0.55160 0.18679
0.55498 0.18864
0.55796 0.19141
0.56090 0.19410
0.56214 0.19639
0.56514 0.19955
0.56934 0.20317
0.57231 0.20508
0.57723 0.20783
0.58095 0.20953
0.58317 0.21054
0.58734 0.21293
0.59096 0.21549
0.59326 0.21892
0.59542 0.22095
0.59789 0.22343
0.60018 0.22537
0.60224 0.22804
0.60329 0.22979
0.60795 0.23101
0.61306 0.23291
0.61773 0.23578
0.62021 0.23965
0.62263 0.24297
0.62557 0.24567
0.62661 0.24841
0.62931 0.24758
0.63289 0.25044
0.63523 0.25264
0.63811 0.25680
0.64095 0.25841
0.64613 0.25959
0.64946 0.26288
0.65225 0.26775
0.65556 0.26919
0.65753 0.27161
0.66000 0.27552
0.66398 0.27802
0.66596 0.27881
0.66875 0.28216
0.67109 0.28759
0.67453 0.29208
0.67827 0.29344
0.68196 0.29481
0.68505 0.29462
0.68473 0.29569
0.68737 0.29389
0.68825 0.29520
0.69124 0.29945
0.69348 0.30243
0.69682 0.31089
0.70096 0.31547
0.70444 0.31982
0.70756 0.32138
0.70990 0.32490
0.71520 0.33114
0.71533 0.33129
0.71837 0.33298
0.72077 0.33492
0.72334 0.33773
0.72500 0.33996
0.72679 0.34297
0.72878 0.34623
0.73090 0.35333
0.73396 0.35827
0.74420 0.36513
0.74718 0.36726
0.74853 0.37199
0.75174 0.37561
0.75512 0.37997
0.75659 0.38297
0.75931 0.38469
0.75961 0.38639
0.76331 0.38812
0.76412 0.39003
0.76811 0.39326
0.77119 0.39833
0.77415 0.40219
0.77626 0.40732
0.77780 0.41010
0.78455 0.41944
0.78855 0.41950
0.79084 0.42369
0.79460 0.42693
0.79706 0.43207
0.79749 0.43669
0.79918 0.44072
0.79963 0.44230
0.80139 0.44660
0.80999 0.45169
0.81059 0.45569
0.81360 0.45911
0.81697 0.46268
0.82011 0.46676
0.82099 0.46953
0.82208 0.47318
0.82481 0.47918
0.82488 0.47935
0.82647 0.48242
0.82907 0.48529
0.83070 0.48564
0.83343 0.48923
0.83453 0.49350
0.83771 0.49835
0.84068 0.50179
0.84336 0.50460
0.84455 0.51036
0.84584 0.51284
0.84887 0.51538
0.85103 0.52040
0.85183 0.52580
0.85360 0.52792
0.85490 0.52757
0.85759 0.53107
0.86035 0.53591
0.86245 0.54087
0.86540 0.54533
0.86850 0.54828
0.86970 0.55187
0.87039 0.55379
0.86937 0.55364
0.86931 0.55826
0.87204 0.56375
0.87676 0.56999
0.87871 0.57447
0.88003 0.58089
0.88163 0.58536
0.88273 0.58667
0.88419 0.58953
0.88504 0.59020
0.88826 0.59183
0.89058 0.59540
0.89230 0.59863
0.89273 0.60344
0.89429 0.60704
0.89744 0.61155
0.89574 0.61758
0.89996 0.62074
0.90171 0.62454
0.90355 0.62735
0.90484 0.62878
0.90555 0.63223
0.90645 0.63529
0.90700 0.63954
0.90756 0.64374
0.90826 0.64609
0.90900 0.64998
0.91036 0.65403
0.91238 0.65826
0.91376 0.66248
0.91620 0.66507
0.91783 0.67032
0.91842 0.67596
0.92091 0.68173
0.92179 0.68707
0.92418 0.69097
0.92471 0.69297
0.92410 0.69388
0.92403 0.69435
0.92666 0.69695
0.92854 0.70034
0.92913 0.70264
0.93110 0.70723
0.93276 0.71223
0.93449 0.71580
0.93598 0.71961
0.93682 0.72643
0.93690 0.73287
0.93867 0.73707
0.93941 0.74029
0.94100 0.74260
0.94112 0.74456
0.94222 0.74644
0.94162 0.74758
0.94315 0.74977
0.94487 0.75391
0.94587 0.75727
0.94755 0.76184
0.94776 0.76619
0.94545 0.77205
0.94632 0.77548
0.94872 0.77909
0.95218 0.78377
0.95569 0.78924
0.95688 0.79374
0.95862 0.80111
0.95853 0.80431
0.95666 0.80791
0.95652 0.81020
0.95821 0.81100
0.96025 0.81092
0.96121 0.81522
0.96114 0.81946
0.96117 0.82246
0.96363 0.83104
0.96493 0.83606
0.96608 0.83994
0.96586 0.84363
0.96536 0.84786
0.96595 0.85134
0.96642 0.85462
0.96813 0.85665
0.96986 0.85849
0.97118 0.86025
0.97090 0.86555
0.97169 0.87045
0.97234 0.87615
0.97220 0.88117
0.97277 0.88659
0.97345 0.89057
0.97190 0.89217
0.97126 0.89436
0.97214 0.89523
0.97329 0.89681
0.97493 0.90106
0.97425 0.90417
0.97286 0.91045
0.97328 0.91708
0.97477 0.92282
0.97683 0.92820
0.97902 0.93140
0.97858 0.93319
0.97754 0.93603
0.97744 0.93923
0.97642 0.94302
0.97691 0.94668
0.97920 0.95131
0.98052 0.95243
0.98146 0.96688
0.98195 0.98549
0.98191 0.99603
0.98196 0.99870
0.98153 0.99947
0.98094 1.00123
0.97866 1.00348
0.97992 1.00844
0.98054 1.01286
0.98277 1.01755
0.98418 1.02293
0.98278 1.03299
0.98275 1.03325
0.98116 1.03624
0.98049 1.04291
0.98046 1.04308
0.98102 1.04645
0.98175 1.05067
0.98197 1.05524
0.98284 1.06008
0.98280 1.06410
0.98202 1.06604
0.98174 1.07013
0.98172 1.07430
0.98044 1.07945
0.97958 1.08542
0.97959 1.08558
0.98022 1.08717
0.98006 1.08980
0.97987 1.09626
0.97775 1.10985
0.97771 1.11017
0.97804 1.11528
0.97765 1.11859
0.97515 1.12084
0.97838 1.12868
0.97844 1.12887
0.97710 1.13188
0.97630 1.13580
0.97483 1.14543
0.97606 1.14931
0.97296 1.16215
0.96896 1.16489
0.96886 1.17050
0.97064 1.17771
0.97058 1.17869
0.97059 1.18282
0.97055 1.18889
0.97091 1.19241
0.96936 1.19430
0.96734 1.19615
0.96582 1.19884
0.96393 1.20214
0.96161 1.20574
0.96111 1.20993
0.96353 1.21437
0.96405 1.21791
0.96294 1.22127
0.95945 1.22637
0.95720 1.23125
0.95628 1.23622
0.95682 1.23964
0.95536 1.24239
0.95399 1.24595
0.95363 1.24818
0.95399 1.25227
0.95257 1.25721
0.95211 1.26104
0.95174 1.26418
0.95146 1.27011
0.95129 1.27583
0.95030 1.28173
0.94940 1.28621
0.94818 1.28696
0.94732 1.28911
0.94429 1.29160
0.94293 1.29460
0.94174 1.29853
0.93918 1.30279
0.93894 1.30651
0.93960 1.31074
0.94079 1.31180
0.93774 1.31341
0.93572 1.31697
0.93288 1.32067
0.92982 1.32671
0.93035 1.33255
0.92974 1.33723
0.93051 1.33767
0.93122 1.33954
0.92839 1.34119
0.92643 1.34095
0.92517 1.34262
0.92147 1.34885
0.92003 1.35337
0.91867 1.36219
0.92117 1.36584
0.92060 1.37201
0.92049 1.37239
0.91919 1.37276
0.91598 1.37426
0.91319 1.37703
0.91157 1.37708
0.91039 1.38230
0.91091 1.38806
0.91085 1.39557
0.90787 1.40413
0.90622 1.41041
0.90491 1.41600
0.90314 1.41640
0.90179 1.41897
0.90054 1.42209
0.89823 1.42489
0.89728 1.42953
0.89558 1.43429
0.89455 1.43879
0.89502 1.44407
0.89430 1.44697
0.89149 1.44955
0.88920 1.45199
0.88670 1.45397
0.88466 1.45668
0.88229 1.45809
0.88034 1.46266
0.87833 1.46703
0.87580 1.47324
0.87564 1.47968
0.87440 1.48386
0.87299 1.48645
0.87370 1.49006
0.87129 1.49147
0.86780 1.49291
0.86475 1.49300
0.86221 1.49519
0.86122 1.49795
0.86078 1.50416
0.85849 1.50966
0.85547 1.51593
0.85313 1.52191
0.84999 1.52604
0.84738 1.52937
0.84726 1.53186
0.84537 1.53421
0.84468 1.53577
0.84060 1.53805
0.83642 1.54350
0.83496 1.54760
0.83244 1.55089
0.83196 1.55300
0.83079 1.55600
0.83083 1.55828
0.82948 1.56230
0.82920 1.56595
0.82758 1.56874
0.82532 1.57258
0.82148 1.57771
0.81818 1.58137
0.81745 1.58495
0.81504 1.58659
0.81243 1.58889
0.80926 1.59149
0.80634 1.59682
0.80466 1.60125
0.80590 1.60609
0.80302 1.61089
0.79878 1.61342
0.79556 1.61504
0.79278 1.61764
0.78968 1.62205
0.78718 1.62533
0.78659 1.63186
0.78464 1.63577
0.78304 1.63705
0.78131 1.63602
0.77943 1.63683
0.77719 1.63875
0.77328 1.64232
0.76813 1.65550
0.76458 1.65890
0.76168 1.66106
0.75795 1.66510
0.75786 1.66521
0.75728 1.66681
0.75100 1.67202
0.75085 1.67216
0.74857 1.67629
0.74306 1.68609
0.74292 1.68632
0.74036 1.69157
0.73586 1.69443
0.73381 1.69665
0.73014 1.69851
0.72783 1.70005
0.72502 1.70354
0.72272 1.70919
0.72272 1.70919
0.72031 1.71206
0.71162 1.71547
0.71144 1.71556
0.71100 1.71806
0.70915 1.72043
0.70309 1.72773
0.70293 1.72790
0.70128 1.73266
0.69880 1.73674
0.69636 1.73926
0.68560 1.73868
0.68209 1.74125
0.67895 1.74207
0.67958 1.74683
0.67090 1.76161
0.66330 1.77310
0.66174 1.77327
0.66017 1.77308
0.65903 1.77492
0.65300 1.77697
0.64854 1.77947
0.64020 1.78747
0.63999 1.78766
0.63954 1.79173
0.63845 1.79594
0.63615 1.79891
0.62849 1.80170
0.62831 1.80179
0.62494 1.80281
0.62220 1.80346
0.61777 1.81104
0.61766 1.81122
0.61657 1.81560
0.61521 1.81967
0.61076 1.82129
0.60553 1.82278
0.60173 1.82301
0.59855 1.82429
0.59710 1.82563
0.59640 1.82769
0.59311 1.82983
0.59011 1.83240
0.58468 1.83543
0.57955 1.83909
0.57603 1.84258
0.57349 1.84552
0.57111 1.84897
0.57221 1.85181
0.56892 1.85500
0.56553 1.85469
0.55902 1.85821
0.55634 1.85941
0.55482 1.85851
0.55075 1.85913
0.54714 1.86030
0.54392 1.86499
0.54332 1.86872
0.54055 1.87207
0.53670 1.87407
0.53094 1.87590
0.52480 1.87884
0.52302 1.88218
0.52242 1.88462
0.51770 1.88904
0.51291 1.89054
0.50888 1.89118
0.50506 1.89118
0.50298 1.89190
0.50195 1.89339
0.50033 1.89534
0.49640 1.89763
0.49136 1.90019
0.48774 1.90354
0.48284 1.90548
0.47961 1.90928
0.47779 1.91287
0.47499 1.91470
0.47435 1.91514
0.47199 1.91496
0.46831 1.91398
0.46065 1.91427
0.45859 1.91593
0.45642 1.91860
0.45430 1.92325
0.44913 1.92687
0.44459 1.92890
0.44309 1.93088
0.44086 1.93368
0.43683 1.93420
0.43378 1.93664
0.43004 1.94005
0.42509 1.94006
0.42144 1.94239
0.41714 1.94192
0.41232 1.94261
0.40931 1.94270
0.40740 1.94362
0.40424 1.94561
0.39990 1.94801
0.39671 1.95121
0.39491 1.95546
0.39262 1.95860
0.38905 1.96039
0.38257 1.96146
0.37619 1.96150
0.37075 1.96275
0.36700 1.96322
0.36402 1.96421
0.36191 1.96552
0.36188 1.96699
0.35928 1.96872
0.35359 1.97321
0.34880 1.97450
0.34520 1.97539
0.33858 1.97667
0.33544 1.97721
0.33278 1.98116
0.33011 1.98448
0.32852 1.98434
0.32766 1.98400
0.32244 1.98304
0.31858 1.98400
0.31558 1.98574
0.31161 1.98815
0.30837 1.99109
0.30514 1.99433
0.30250 1.99584
0.29798 1.99693
0.29238 1.99804
0.28655 1.99906
0.28342 1.99895
0.27868 1.99948
0.27639 2.00238
0.27491 2.00346
0.27218 2.00397
0.26821 2.00337
0.26342 2.00305
0.25928 2.00511
0.25506 2.00636
0.25080 2.00827
0.24689 2.01257
0.24398 2.01546
0.24160 2.01614
0.23819 2.01650
0.23290 2.01488
0.22904 2.01346
0.22524 2.01490
0.22240 2.01453
0.21815 2.01659
0.21801 2.01662
0.21597 2.01844
0.21005 2.01980
0.20228 2.02143
0.19084 2.02215
0.19054 2.02218
0.18741 2.02289
0.18291 2.02906
0.18260 2.02932
0.17795 2.02960
0.17369 2.02811
0.17161 2.02603
0.16829 2.02379
0.16548 2.02398
0.16224 2.02402
0.15949 2.02542
0.15563 2.02767
0.14940 2.02954
0.14548 2.03230
0.14106 2.03425
0.13657 2.03367
0.13469 2.03452
0.12949 2.03494
0.12507 2.03439
0.12143 2.03589
0.11411 2.03688
0.11411 2.03688
0.11236 2.03782
0.11172 2.03923
0.10893 2.03801
0.10141 2.03509
0.09327 2.03531
0.09305 2.03534
0.08796 2.03872
0.08284 2.04260
0.07931 2.04446
0.07325 2.04571
0.07308 2.04574
0.06947 2.04635
0.06446 2.04589
0.05418 2.04608
0.05392 2.04609
0.05063 2.04587
0.04712 2.04665
0.04631 2.04662
0.04372 2.04696
0.04045 2.04758
0.03644 2.04791
0.03348 2.04828
0.02905 2.04658
0.02328 2.04509
0.01775 2.04732
0.01427 2.05037
0.00967 2.05188
0.00585 2.05146
0.00214 2.05108
-0.00199 2.05118
-0.01354 2.04675
-0.01650 2.04542
-0.01921 2.04518
-0.02303 2.04641
-0.02617 2.04733
-0.02830 2.05084
-0.03346 2.05237
-0.03981 2.05166
-0.04553 2.05086
-0.05010 2.05069
-0.05734 2.04712
-0.06018 2.04663
-0.06471 2.04668
-0.06828 2.04802
-0.06819 2.05251
-0.07078 2.05235
-0.07404 2.05082
-0.07702 2.04846
-0.08006 2.04520
-0.08525 2.04370
-0.09118 2.04279
-0.09597 2.04704
-0.10057 2.04835
-0.10384 2.04908
-0.10708 2.04988
-0.11305 2.04655
-0.11728 2.04490
-0.12105 2.04366
-0.12309 2.04357
-0.12611 2.04379
-0.12996 2.04351
-0.13405 2.04443
-0.13770 2.04340
-0.14120 2.04305
-0.14342 2.04253
-0.14874 2.04462
-0.15347 2.04424
-0.15849 2.04472
-0.16208 2.04468
-0.16530 2.04343
-0.16871 2.03975
-0.17222 2.03701
-0.17660 2.03611
-0.18252 2.03688
-0.18923 2.03828
-0.19147 2.03981
-0.19302 2.04119
-0.19708 2.03896
-0.20088 2.03668
-0.20357 2.03763
-0.20903 2.03813
-0.21325 2.03822
-0.22118 2.03602
-0.22584 2.03649
-0.22962 2.03381
-0.23176 2.02990
-0.23315 2.02826
-0.23611 2.02941
-0.23982 2.02714
-0.24282 2.02537
-0.24692 2.02450
-0.25037 2.02496
-0.25470 2.02532
-0.26063 2.02641
-0.26518 2.02623
-0.27238 2.02693
-0.27827 2.02393
-0.27928 2.02398
-0.27972 2.02354
-0.28011 2.02080
-0.28167 2.01984
-0.28248 2.01560
-0.28794 2.01154
-0.29711 2.01225
-0.30418 2.01336
-0.30750 2.01722
-0.31124 2.01649
-0.31467 2.01785
-0.31839 2.01504
-0.32049 2.01192
-0.32264 2.00924
-0.32560 2.00703
-0.33019 2.00686
-0.33366 2.00664
-0.33560 2.00700
-0.33873 2.00584
-0.34222 2.00496
-0.34598 2.00373
-0.34946 2.00172
-0.35383 1.99923
-0.35992 1.99821
-0.36613 1.99847
-0.37172 1.99939
-0.37545 1.99946
-0.37791 1.99916
-0.37972 1.99724
-0.38098 1.99581
-0.38401 1.99097
-0.38844 1.98753
-0.39260 1.98603
-0.39600 1.98480
-0.39817 1.98660
-0.40190 1.98848
-0.40562 1.98698
-0.41246 1.98621
-0.41847 1.98341
-0.42305 1.98095
-0.42502 1.97859
-0.42855 1.97666
-0.43039 1.97306
-0.43202 1.97026
-0.43335 1.96862
-0.43662 1.96748
-0.44248 1.96669
-0.44700 1.96847
-0.45233 1.96673
-0.45791 1.96608
-0.46388 1.96562
-0.46774 1.96276
-0.47109 1.96064
-0.47335 1.95650
-0.47455 1.95109
-0.47531 1.94942
-0.47767 1.95090
-0.48102 1.95432
-0.48447 1.95301
-0.48850 1.95108
-0.49390 1.94875
-0.50114 1.94333
-0.50568 1.94305
-0.50941 1.93892
-0.51103 1.93714
-0.51355 1.93646
-0.51664 1.93473
-0.51909 1.93470
-0.51993 1.93448
-0.52403 1.93040
-0.53278 1.92669
-0.53344 1.92581
-0.53696 1.92316
-0.54168 1.92004
-0.54479 1.91826
-0.54583 1.91507
-0.54631 1.91431
-0.54878 1.91397
-0.55459 1.91272
-0.55925 1.91078
-0.56155 1.90879
-0.56490 1.90480
-0.57498 1.89685
-0.57969 1.89642
-0.58217 1.89466
-0.58419 1.89354
-0.58763 1.89161
-0.59014 1.88960
-0.59393 1.88583
-0.59793 1.88365
-0.60057 1.88167
-0.60268 1.88092
-0.60531 1.87983
-0.61011 1.87759
-0.61252 1.87313
-0.61543 1.86963
-0.61830 1.86838
-0.62106 1.86701
-0.62378 1.86583
-0.62486 1.86333
-0.62848 1.86097
-0.63245 1.85667
-0.63697 1.85431
-0.64089 1.85080
-0.64395 1.84710
-0.64610 1.84584
-0.65004 1.84597
-0.65304 1.84592
-0.65764 1.84481
-0.66069 1.84285
-0.66530 1.83244
-0.66543 1.83221
-0.66728 1.82838
-0.67669 1.82523
-0.68172 1.82436
-0.68568 1.82223
-0.68883 1.81904
-0.69086 1.81435
-0.69252 1.80934
-0.69519 1.80423
-0.69858 1.80061
-0.70169 1.79952
-0.70490 1.80182
-0.70827 1.80200
-0.71197 1.79871
-0.71374 1.79451
-0.71443 1.78751
-0.71698 1.78176
-0.72113 1.77832
-0.72535 1.77773
-0.72915 1.77968
-0.73363 1.77732
-0.73628 1.77631
-0.73881 1.77537
-0.74157 1.77217
-0.74246 1.76918
-0.74626 1.76546
-0.75005 1.76407
-0.75319 1.76112
-0.75498 1.75826
-0.75680 1.75447
-0.76127 1.75122
-0.76301 1.74938
-0.76561 1.74516
-0.76880 1.74523
-0.77262 1.74382
-0.77646 1.74174
-0.78016 1.73896
-0.78287 1.73295
-0.78400 1.72929
-0.78718 1.72543
-0.78939 1.72514
-0.79158 1.72547
-0.79547 1.72322
-0.79678 1.72182
-0.79739 1.71737
-0.79799 1.71189
-0.80137 1.70709
-0.80414 1.70006
-0.80912 1.69598
-0.81394 1.69418
-0.81864 1.69282
-0.82163 1.69453
-0.82056 1.69266
-0.82166 1.68898
-0.82228 1.68412
-0.82392 1.68203
-0.82688 1.68093
-0.83081 1.67557
-0.83384 1.67215
-0.83835 1.66716
-0.84027 1.66378
-0.84067 1.66188
-0.84130 1.66054
-0.84444 1.65930
-0.84713 1.65702
-0.84993 1.65279
-0.85202 1.64732
-0.85411 1.64263
-0.85450 1.63771
-0.85562 1.63450
-0.85926 1.63140
-0.86227 1.62945
-0.86592 1.62690
-0.86884 1.62467
-0.87135 1.62213
-0.87403 1.61844
-0.87726 1.61497
-0.88147 1.61230
-0.88497 1.61085
-0.88810 1.60851
-0.88974 1.60606
-0.88996 1.60287
-0.88991 1.59841
-0.89242 1.59283
-0.89652 1.58923
-0.89851 1.58719
-0.89979 1.58593
-0.90118 1.58327
-0.90408 1.57912
-0.90602 1.57481
-0.90774 1.56998
-0.91010 1.56532
-0.91153 1.56362
-0.91372 1.56436
-0.91665 1.56397
-0.91898 1.56220
-0.91922 1.55707
-0.91986 1.55287
-0.92020 1.54598
-0.92296 1.54210
-0.92836 1.53804
-0.93179 1.53730
-0.93255 1.53630
-0.93508 1.53379
-0.93688 1.53063
-0.93786 1.52623
-0.93990 1.52356
-0.94293 1.51823
-0.94456 1.51433
-0.94571 1.51104
-0.94661 1.50805
-0.94785 1.50563
-0.94953 1.48975
-0.95200 1.48447
-0.95334 1.47973
-0.95413 1.47748
-0.95927 1.47788
-0.96806 1.47019
-0.96832 1.46569
-0.97098 1.45667
-0.97107 1.45645
-0.97106 1.45377
-0.97183 1.45037
-0.97199 1.44521
-0.97379 1.44095
-0.97549 1.43558
-0.97717 1.43295
-0.97945 1.43169
-0.98330 1.43090
-0.98678 1.42942
-0.98813 1.42662
-0.98873 1.42187
-0.99005 1.41517
-0.99036 1.40951
-0.99407 1.39880
-0.99615 1.39681
-0.99966 1.38476
-1.00187 1.38006
-1.00530 1.37422
-1.00641 1.37156
-1.00899 1.37076
-1.00953 1.36973
-1.00956 1.36817
-1.01275 1.36407
-1.01338 1.35844
-1.01210 1.35429
-1.01308 1.34826
-1.01191 1.34155
-1.01126 1.33762
-1.01101 1.33636
-1.01331 1.33204
-1.01555 1.32736
-1.01946 1.32688
-1.02184 1.32505
-1.02629 1.31799
-1.02770 1.31246
-1.02841 1.30744
-1.02844 1.30731
-1.02929 1.30575
-1.02990 1.30281
-1.02997 1.29888
-1.02976 1.29440
-1.03192 1.29039
-1.03240 1.28623
-1.03383 1.28095
-1.03640 1.27546
-1.03672 1.27256
-1.04037 1.26766
-1.04046 1.26754
-1.03991 1.26423
-1.04103 1.25564
-1.04105 1.25542
-1.04212 1.25036
-1.04225 1.24652
-1.04154 1.24266
-1.04070 1.23831
-1.04139 1.23249
-1.04773 1.22305
-1.04973 1.22087
-1.05033 1.21744
-1.05033 1.21509
-1.05108 1.21034
-1.05042 1.20432
-1.05209 1.20029
-1.05393 1.19780
-1.05376 1.19458
-1.05440 1.19106
-1.05490 1.18522
-1.05664 1.18175
-1.05628 1.17868
-1.05719 1.17676
-1.06018 1.17444
-1.06109 1.17116
-1.05930 1.16689
-1.05712 1.15951
-1.05865 1.15428
-1.05975 1.14887
-1.06039 1.14491
-1.06111 1.14075
-1.06273 1.13817
-1.06148 1.13661
-1.06012 1.13341
-1.06141 1.13201
-1.06075 1.13125
-1.06075 1.12786
-1.06297 1.11974
-1.06510 1.11241
-1.06458 1.10602
-1.06292 1.10136
-1.06336 1.09778
-1.06472 1.09654
-1.06636 1.09409
-1.06765 1.09176
-1.06562 1.08945
-1.06583 1.08643
-1.06639 1.08348
-1.06728 1.07627
-1.06788 1.06878
-1.06868 1.06135
-1.06924 1.05646
-1.06963 1.05300
-1.07121 1.05097
-1.07030 1.04888
-1.06963 1.04686
-1.06877 1.04402
-1.06731 1.04122
-1.06652 1.03774
-1.06526 1.03356
-1.06673 1.02804
-1.07044 1.02187
-1.06993 1.01744
-1.06924 1.01295
-1.06816 1.01015
-1.06711 1.00901
-1.06806 1.00803
-1.06838 1.00448
-1.06916 1.00075
-1.06861 0.99458
-1.06706 0.98802
-1.06407 0.98054
-1.06517 0.97369
-1.06356 0.96831
-1.06221 0.96468
-1.06391 0.96287
-1.06307 0.96333
-1.06100 0.96329
-1.06204 0.96079
-1.06195 0.95731
-1.06084 0.95411
-1.06256 0.95127
-1.06425 0.94483
-1.06515 0.93526
-1.06571 0.92938
-1.06379 0.92310
-1.06145 0.91762
-1.05976 0.91468
-1.05728 0.91314
-1.05637 0.91100
-1.05611 0.91114
-1.05553 0.90845
-1.05540 0.90551
-1.05773 0.90112
-1.05797 0.89834
-1.05714 0.89410
-1.05686 0.88870
-1.05740 0.88473
-1.05772 0.87882
-1.05586 0.86868
-1.05504 0.86510
-1.05301 0.86275
-1.05146 0.85776
-1.04836 0.85372
-1.04645 0.85183
-1.04651 0.85095
-1.04617 0.84923
-1.04742 0.84598
-1.04809 0.84366
-1.04656 0.83569
-1.04639 0.83065
-1.04797 0.82685
-1.04859 0.82302
-1.04685 0.81809
-1.04440 0.81233
-1.04159 0.80770
-1.03910 0.80374
-1.03732 0.80228
-1.03376 0.79989
-1.03255 0.79779
-1.03334 0.79457
-1.03423 0.79275
-1.03650 0.78825
-1.03788 0.78319
-1.03687 0.77779
-1.03478 0.77343
-1.02765 0.76181
-1.02432 0.76053
-1.02326 0.75706
-1.02381 0.75120
-1.02353 0.73317
-1.02308 0.73265
-1.02408 0.73217
-1.02318 0.73121
-1.02154 0.73154
-1.01968 0.72937
-1.01829 0.72803
-1.01189 0.71616
-1.01174 0.71590
-1.01224 0.70972
-1.01226 0.70512
-1.01200 0.70135
-1.00919 0.69445
-1.00793 0.68435
-1.00786 0.68403
-1.00602 0.68241
-1.00313 0.68246
-1.00168 0.68010
-1.00011 0.67446
-1.00055 0.66986
-1.00143 0.66435
-0.99486 0.65232
-0.99372 0.64911
-0.98779 0.64302
-0.98768 0.64285
-0.98544 0.63815
-0.98481 0.63339
-0.98315 0.63064
-0.98687 0.62562
-0.98705 0.62192
-0.98707 0.62178
-0.98576 0.61666
-0.97593 0.61022
-0.97575 0.61007
-0.97255 0.60419
-0.97185 0.59945
-0.97264 0.59297
-0.97411 0.58819
-0.96964 0.58498
-0.97032 0.58506
-0.96916 0.58310
-0.96273 0.58599
-0.96295 0.58446
-0.96062 0.58345
-0.95691 0.57330
-0.95611 0.56719
-0.95101 0.55576
-0.95088 0.55549
-0.94961 0.55396
-0.94757 0.55191
-0.94526 0.54815
-0.94520 0.54804
-0.94395 0.54581
-0.93936 0.52874
-0.93924 0.52830
-0.93626 0.51975
-0.93453 0.51570
-0.93369 0.51590
-0.93191 0.51774
-0.93165 0.51928
-0.92877 0.51884
-0.92807 0.51421
-0.92515 0.50649
-0.92232 0.50121
-0.91868 0.49563
-0.91613 0.48996
-0.91541 0.48868
-0.91236 0.48766
-0.91000 0.48511
-0.90864 0.48181
-0.90935 0.48016
-0.90753 0.47638
-0.90541 0.47254
-0.90096 0.46694
-0.89751 0.46024
-0.89527 0.45665
-0.89466 0.45250
-0.89357 0.45021
-0.89329 0.44844
-0.89028 0.44637
-0.88692 0.44593
-0.88364 0.44611
-0.88069 0.44311
-0.87830 0.43841
-0.87710 0.43404
-0.87509 0.42942
-0.87288 0.42383
-0.86895 0.42218
-0.86454 0.42069
-0.86179 0.41738
-0.85941 0.41547
-0.85853 0.41227
-0.85797 0.40780
-0.85503 0.40458
-0.85375 0.39971
-0.85272 0.39508
-0.85015 0.39393
-0.84803 0.39373
-0.84636 0.39244
-0.84203 0.38628
-0.83960 0.38338
-0.83674 0.37926
-0.83431 0.37310
-0.83139 0.36794
-0.82947 0.36217
-0.82745 0.36121
-0.82943 0.36014
-0.82792 0.35942
-0.82326 0.35936
-0.82034 0.35774
-0.81778 0.35293
-0.81419 0.34819
-0.81078 0.34464
-0.80663 0.33999
-0.80299 0.33678
-0.80118 0.33337
-0.80015 0.33068
-0.80281 0.32636
-0.79943 0.32568
-0.79541 0.32385
-0.78998 0.32143
-0.78825 0.31914
-0.78497 0.31494
-0.78237 0.31187
-0.78026 0.30909
-0.77735 0.30674
-0.77542 0.30201
-0.77343 0.29871
-0.77107 0.29651
-0.76715 0.29451
-0.76489 0.29445
-0.76163 0.29413
-0.75790 0.29235
-0.75515 0.28860
-0.75382 0.28446
-0.75252 0.27910
-0.75105 0.27494
-0.74812 0.27139
-0.74660 0.26840
-0.74338 0.26506
-0.74049 0.26312
-0.73759 0.26141
-0.73278 0.25847
-0.72804 0.25650
-0.72472 0.25509
-0.72241 0.25445
-0.72022 0.25264
-0.71908 0.24972
-0.71625 0.24654
-0.71337 0.24339
-0.70957 0.24048
-0.70642 0.23663
-0.70362 0.23426
-0.70159 0.23223
-0.69929 0.22858
-0.69762 0.22721
-0.69464 0.22547
-0.69063 0.22486
-0.68548 0.22486
-0.68204 0.22404
-0.67383 0.21361
-0.67094 0.20879
-0.66830 0.20533
-0.66630 0.20197
-0.66316 0.19923
-0.66018 0.19809
-0.65797 0.19542
-0.65420 0.19285
-0.65398 0.19272
-0.64811 0.19231
-0.63777 0.18556
-0.63457 0.18224
-0.62496 0.17446
-0.61891 0.17021
-0.61891 0.17021
-0.61745 0.17047
-0.61247 0.16863
-0.60596 0.16328
-0.59446 0.14976
-0.59334 0.14997
-0.59016 0.15627
-0.59007 0.15640
-0.58739 0.15457
-0.58167 0.15153
-0.57647 0.14667
-0.57227 0.14153
-0.56926 0.13556
-0.56539 0.13295
-0.56529 0.13289
-0.56301 0.13376
-0.55970 0.13464
-0.55744 0.13499
-0.54644 0.12654
-0.54405 0.12414
-0.54148 0.12144
-0.53453 0.11944
-0.53157 0.11846
-0.52740 0.11490
-0.52490 0.11369
-0.52192 0.11297
-0.51035 0.11166
-0.50535 0.10817
-0.50220 0.10541
-0.50021 0.10450
-0.49052 0.09546
-0.48324 0.09414
-0.48306 0.09410
-0.47982 0.09383
-0.47507 0.09399
-0.47081 0.09273
-0.46705 0.09240
-0.46018 0.08743
-0.46004 0.08733
-0.45906 0.08365
-0.45689 0.08095
-0.45395 0.07839
-0.44924 0.07753
-0.44351 0.07646
-0.43732 0.07464
-0.43152 0.07338
-0.42803 0.07312
-0.42692 0.07337
-0.42662 0.07223
-0.42489 0.06971
-0.42171 0.06860
-0.41828 0.06639
-0.41285 0.06523
-0.40725 0.06344
-0.40183 0.06276
-0.39530 0.06208
-0.39372 0.06277
-0.39172 0.06183
-0.39104 0.05838
-0.38890 0.05588
-0.38389 0.05439
-0.37864 0.05383
-0.37373 0.05363
-0.36915 0.05463
-0.36423 0.05351
-0.36009 0.05045
-0.35931 0.04872
-0.35791 0.04699
-0.35687 0.04668
-0.35458 0.04424
-0.34880 0.04385
-0.34383 0.04330
-0.33766 0.04450
-0.33307 0.04432
-0.33005 0.04245
-0.32861 0.04195
-0.32619 0.03964
-0.32285 0.03628
-0.31914 0.03215
-0.31623 0.03036
-0.31248 0.02914
-0.30830 0.02916
-0.30557 0.02874
-0.30093 0.02807
-0.29402 0.02562
-0.28736 0.02322
-0.28342 0.02450
-0.28173 0.02485
-0.28095 0.02305
-0.27952 0.02216
-0.27695 0.02347
-0.27267 0.02252
-0.26923 0.02173
-0.26569 0.01952
-0.26109 0.01639
-0.25658 0.01381
-0.25021 0.01318
-0.24591 0.01187
-0.24198 0.01341
-0.23912 0.01449
-0.23544 0.01387
-0.23212 0.01375
-0.22892 0.01085
-0.22582 0.01252
-0.22000 0.01045
-0.21515 0.01026
-0.21143 0.01180
-0.20847 0.01156
-0.20405 0.01063
-0.20081 0.00988
-0.19875 0.00729
-0.19534 0.00680
-0.19087 0.00683
-0.18458 0.00741
-0.18063 0.00858
-0.17717 0.00814
-0.17435 0.00796
-0.17099 0.00734
-0.16662 0.00553
-0.16124 0.00498
-0.15615 0.00472
-0.15100 0.00444
-0.14831 0.00351
-0.14629 0.00211
-0.14198 0.00135
-0.13845 0.00056
-0.13465 -0.00029
-0.13053 -0.00040
-0.12594 -0.00156
-0.12199 -0.00199
-0.11989 -0.00256
-0.11601 -0.00386
-0.11334 -0.00509
-0.10752 -0.00565
-0.10147 -0.00411
-0.09607 -0.00257
-0.09345 -0.00249
-0.08973 -0.00269
-0.08672 -0.00504
-0.08476 -0.00609
-0.08109 -0.00567
-0.07685 -0.00390
-0.07333 -0.00297
-0.06988 -0.00174
-0.06642 -0.00191
-0.06108 -0.00131
-0.05574 -0.00311
-0.05102 -0.00378
-0.04852 -0.00410
-0.04551 -0.00486
-0.04250 -0.00559
-0.03820 -0.00440
-0.03351 -0.00350
-0.03383 -0.00380
-0.03868 -0.00427
-0.04782 -0.00476
-0.05369 -0.00522
-0.05051 -0.00499
-0.04428 -0.00374
-0.04137 -0.00364
-0.03959 -0.00158
-0.03760 -0.00056
-0.03752 -0.00162
-0.03881 -0.00280
-0.03923 -0.00431
-0.04222 -0.00573
-0.04552 -0.00636
-0.04738 -0.00648
-0.04641 -0.00502
-0.04509 -0.00190
-0.04366 0.00011
-0.04126 0.00033
-0.04175 -0.00214
-0.04125 -0.00341
-0.04023 -0.00549
-0.04082 -0.00511
-0.04041 -0.00608
-0.04048 -0.00472
-0.04266 -0.00407
-0.04490 -0.00100
-0.04545 -0.00131
-0.04410 -0.00309
-0.04401 -0.00356
-0.04400 -0.00421
-0.04220 -0.00539
-0.04101 -0.00555
-0.04032 -0.00478
-0.03993 -0.00390
-0.03956 -0.00161
-0.04302 -0.00235
-0.04475 -0.00212
-0.04576 -0.00136
