-0.00813 -0.00608
-0.00817 -0.00347
-0.00874 -0.00220
-0.01106 -0.00318
-0.01212 -0.00434
-0.01074 -0.00643
-0.01074 -0.00643
-0.01282 -0.00432
-0.01161 -0.00295
-0.01263 -0.00166
-0.01191 -0.00310
-0.01177 -0.00364
-0.00839 -0.00689
-0.00835 -0.00695
-0.00908 -0.00589
-0.00995 -0.00506
-0.01163 -0.00448
-0.01238 -0.00449
-0.01240 -0.00447
-0.01294 -0.00504
-0.01228 -0.00476
-0.01170 -0.00509
-0.01253 -0.00451
-0.01366 -0.00467
-0.01217 -0.00426
-0.01087 -0.00633
-0.01083 -0.00639
-0.01179 -0.00716
-0.01075 -0.00678
-0.01033 -0.00615
-0.01114 -0.00596
-0.01323 -0.00614
-0.01274 -0.00624
-0.01278 -0.00501
-0.01336 -0.00431
-0.01137 -0.00516
-0.01263 -0.00370
-0.01153 -0.00278
-0.00892 -0.00182
-0.00146 -0.00085
0.01477 -0.00420
0.01515 -0.00427
0.02145 -0.00719
0.02434 -0.00731
0.02442 -0.00642
0.02628 -0.00259
0.03714 -0.00198
0.04184 -0.00212
0.04573 -0.00286
0.04814 -0.00420
0.04955 -0.00560
0.05342 -0.00497
0.05662 -0.00063
0.06127 0.00263
0.06663 0.00276
0.07171 -0.00170
0.07508 -0.00125
0.07829 -0.00025
0.08172 -0.00020
0.08977 0.00168
0.08999 0.00173
0.09523 0.00184
0.10076 0.00157
0.11114 0.00253
0.11424 0.00508
0.11671 0.00658
0.12149 0.00845
0.12543 0.01057
0.12980 0.01157
0.13447 0.01041
0.13964 0.01045
0.14509 0.01094
0.14921 0.01194
0.15287 0.01145
0.15414 0.01172
0.15463 0.01230
0.15573 0.01373
0.15952 0.01573
0.16611 0.01848
0.17191 0.01907
0.17527 0.02174
0.17694 0.02211
0.18152 0.02182
0.18704 0.02038
0.19117 0.01733
0.19453 0.01715
0.19877 0.01786
0.20172 0.01989
0.20401 0.02536
0.20778 0.03147
0.21258 0.03315
0.21719 0.03211
0.22128 0.03056
0.22373 0.02982
0.22530 0.02967
0.22768 0.03118
0.23115 0.03266
0.23545 0.03463
0.24179 0.03767
0.24636 0.03722
0.24945 0.03603
0.25394 0.03496
0.25804 0.03553
0.26300 0.03627
0.26744 0.03730
0.26905 0.03947
0.27234 0.04262
0.27557 0.04538
0.27903 0.04733
0.28103 0.04647
0.28373 0.04684
0.28921 0.04720
0.29444 0.04947
0.29660 0.04917
0.29784 0.04872
0.30145 0.05049
0.30848 0.05465
0.31404 0.05698
0.31816 0.05898
0.32205 0.06056
0.32558 0.06201
0.32900 0.06419
0.33198 0.06524
0.33446 0.06517
0.33608 0.06580
0.33787 0.06715
0.34070 0.06790
0.34394 0.06989
0.34729 0.07110
0.35350 0.07435
0.35894 0.07678
0.36427 0.07776
0.36908 0.07831
0.37288 0.08019
0.37570 0.08149
0.37754 0.08080
0.37952 0.08172
0.38094 0.08350
0.38320 0.08727
0.38676 0.09119
0.39233 0.09370
0.39853 0.09638
0.40348 0.09765
0.40686 0.09856
0.40997 0.09928
0.41322 0.10110
0.41636 0.10133
0.41896 0.10224
0.42152 0.10408
0.42432 0.10595
0.42595 0.10732
0.43041 0.11015
0.43527 0.11249
0.43849 0.11491
0.44200 0.11562
0.44682 0.11701
0.45019 0.12157
0.45372 0.12407
0.45638 0.12479
0.46300 0.12979
0.46316 0.12991
0.46433 0.13038
0.46595 0.13078
0.46794 0.13154
0.47103 0.13318
0.48170 0.14028
0.48193 0.14043
0.48573 0.14167
0.49368 0.14577
0.49388 0.14588
0.49824 0.14649
0.50211 0.14686
0.50871 0.14965
0.51406 0.15599
0.51421 0.15615
0.51374 0.15948
0.51314 0.16249
0.51100 0.16408
0.51407 0.16488
0.52053 0.16494
0.54148 0.17307
0.54375 0.17547
0.54450 0.17708
0.54603 0.17746
0.54608 0.17749
0.54695 0.17818
0.55845 0.18873
0.56359 0.19383
0.56943 0.19735
0.57273 0.20001
0.57623 0.20172
0.58070 0.20540
0.58290 0.20869
0.58524 0.21017
0.58727 0.21446
0.58873 0.21669
0.59136 0.21704
0.59286 0.21665
0.59476 0.21653
0.59586 0.21950
0.59878 0.21951
0.60463 0.21943
0.60824 0.22152
0.61247 0.22761
0.61563 0.23250
0.62037 0.23643
0.62749 0.24084
0.63181 0.24634
0.63441 0.24968
0.63447 0.25109
0.63533 0.24858
0.63660 0.24804
0.63699 0.24880
0.63961 0.24841
0.64219 0.24964
0.64539 0.25298
0.64963 0.25964
0.65267 0.26511
0.65733 0.26954
0.66019 0.27637
0.66425 0.28040
0.66572 0.28200
0.66827 0.28375
0.67290 0.28469
0.67496 0.28617
0.67712 0.28946
0.67943 0.29362
0.68254 0.29650
0.68473 0.29936
0.68687 0.30170
0.69281 0.29905
0.69291 0.29900
0.69389 0.29914
0.69424 0.30198
0.69484 0.30608
0.69767 0.31125
0.70218 0.31531
0.70701 0.32036
0.71230 0.32443
0.71685 0.32949
0.72143 0.33320
0.72514 0.33739
0.72680 0.33915
0.72736 0.34117
0.72621 0.34153
0.72598 0.34288
0.72751 0.34396
0.72844 0.34293
0.73001 0.34252
0.73152 0.34439
0.73475 0.34752
0.73873 0.35404
0.74305 0.36336
0.74838 0.36881
0.75222 0.37089
0.75675 0.37482
0.76170 0.37752
0.76660 0.38112
0.76947 0.38400
0.76963 0.38707
0.76721 0.39151
0.76564 0.39355
0.76710 0.39623
0.77069 0.39772
0.77446 0.39919
0.77926 0.40461
0.78309 0.40803
0.78593 0.40902
0.78717 0.41348
0.78788 0.41762
0.78975 0.42140
0.79295 0.42530
0.79432 0.42865
0.79498 0.42928
0.79611 0.43070
0.79844 0.43462
0.79961 0.44074
0.80311 0.44223
0.80800 0.44591
0.81137 0.45076
0.81357 0.45296
0.81434 0.45797
0.81440 0.46172
0.81498 0.46383
0.81684 0.46597
0.82006 0.46659
0.82373 0.47012
0.82618 0.47509
0.82913 0.47941
0.83253 0.48640
0.83481 0.49076
0.83624 0.49107
0.83975 0.49363
0.84408 0.49681
0.84378 0.50341
0.84371 0.50932
0.84457 0.51213
0.84595 0.51510
0.84707 0.51634
0.84768 0.51683
0.84899 0.51856
0.84999 0.52034
0.85087 0.52238
0.85293 0.52562
0.85586 0.52908
0.85865 0.53407
0.86244 0.54075
0.86615 0.54613
0.86896 0.55068
0.87029 0.55452
0.87222 0.55847
0.87267 0.56209
0.87466 0.56669
0.87569 0.56967
0.87885 0.57394
0.87887 0.57494
0.87954 0.57872
0.88149 0.58109
0.88326 0.58435
0.88505 0.58856
0.88759 0.59363
0.88890 0.59822
0.89062 0.60204
0.89199 0.60502
0.89330 0.60868
0.89252 0.61152
0.89492 0.61542
0.90202 0.62604
0.90217 0.62628
0.90358 0.62960
0.90345 0.63234
0.90214 0.63410
0.90291 0.63533
0.90578 0.63873
0.90584 0.63881
0.90704 0.64121
0.90978 0.64658
0.91515 0.66287
0.91686 0.66577
0.91858 0.67052
0.92039 0.67619
0.92138 0.67941
0.92125 0.68218
0.92191 0.68356
0.92272 0.68402
0.92297 0.68467
0.92310 0.68697
0.92334 0.69182
0.92371 0.69452
0.92560 0.69703
0.92742 0.70072
0.92928 0.70566
0.93128 0.71247
0.93192 0.71940
0.93559 0.72563
0.93806 0.73117
0.94019 0.73511
0.94155 0.73852
0.94208 0.74154
0.94178 0.74793
0.94179 0.74808
0.94206 0.75099
0.94231 0.75359
0.94286 0.75583
0.94294 0.75741
0.94860 0.76332
0.94886 0.76364
0.94996 0.76853
0.95123 0.77178
0.95056 0.77720
0.95056 0.77729
0.95259 0.77968
0.95540 0.78526
0.95630 0.79057
0.95640 0.79637
0.95661 0.80019
0.95750 0.80400
0.95790 0.80753
0.95919 0.81010
0.95922 0.81018
0.96044 0.81371
0.96315 0.82768
0.96197 0.83208
0.96430 0.83668
0.96522 0.84135
0.96552 0.84678
0.96780 0.85035
0.96882 0.85542
0.96799 0.86007
0.97020 0.86073
0.97047 0.86140
0.96981 0.86449
0.96931 0.86999
0.96977 0.87427
0.97018 0.87784
0.97070 0.88068
0.97178 0.88504
0.97316 0.89108
0.97252 0.89592
0.97236 0.89613
0.97089 0.89980
0.97232 0.90434
0.97497 0.91065
0.97410 0.91615
0.97294 0.91925
0.97323 0.92198
0.97398 0.92529
0.97533 0.92922
0.97731 0.93415
0.97881 0.93899
0.97730 0.94471
0.97671 0.94899
0.97603 0.95238
0.97692 0.95519
0.97797 0.95848
0.97886 0.96182
0.97939 0.96396
0.97840 0.96683
0.97842 0.97083
0.98067 0.97655
0.97986 0.98221
0.97782 0.98584
0.97798 0.99018
0.97919 0.99433
0.97936 0.99647
0.98026 1.00016
0.97882 1.00286
0.97851 1.00528
0.97756 1.00918
0.97775 1.01203
0.97932 1.01612
0.97945 1.02090
0.98085 1.02571
0.98180 1.03236
0.98178 1.03775
0.98009 1.04502
0.97957 1.05040
0.97998 1.05389
0.98066 1.05668
0.98050 1.05949
0.98157 1.06062
0.98089 1.06321
0.97844 1.06669
0.97757 1.07028
0.97795 1.07351
0.97811 1.07325
0.97712 1.07485
0.97825 1.07990
0.97943 1.08522
0.98022 1.09011
0.97953 1.09670
0.97983 1.10217
0.97832 1.10695
0.97643 1.11131
0.97838 1.11473
0.97868 1.11901
0.97652 1.12046
0.97557 1.12159
0.97403 1.12526
0.97405 1.12764
0.97419 1.13189
0.97245 1.13754
0.97442 1.14191
0.97605 1.14618
0.97417 1.15333
0.97359 1.15989
0.97282 1.16596
0.97131 1.16800
0.97049 1.17067
0.96990 1.17240
0.96989 1.17248
0.96944 1.17542
0.96736 1.17939
0.96693 1.18391
0.96688 1.18889
0.96766 1.19893
0.96519 1.20151
0.96202 1.21069
0.95938 1.21927
0.95938 1.21927
0.95700 1.22548
0.95686 1.23137
0.95890 1.24027
0.95292 1.24747
0.95282 1.24762
0.95166 1.24198
0.95022 1.24370
0.94781 1.25020
0.94424 1.26110
0.94558 1.26709
0.94410 1.27161
0.94753 1.29159
0.93905 1.29657
0.94001 1.29695
0.93901 1.29900
0.93726 1.30228
0.93623 1.30385
0.93582 1.30469
0.93528 1.31107
0.93526 1.31125
0.93423 1.31727
0.93240 1.32550
0.92839 1.33284
0.92684 1.33876
0.92595 1.35469
0.92549 1.35730
0.92073 1.36892
0.92064 1.37256
0.91956 1.37353
0.91792 1.37394
0.91216 1.37436
0.90959 1.37671
0.90936 1.38321
0.91071 1.39010
0.91293 1.39478
0.91288 1.39928
0.90689 1.40358
0.90254 1.40641
0.90029 1.41147
0.89898 1.41458
0.89968 1.42001
0.90063 1.42377
0.89892 1.42678
0.89846 1.42921
0.89628 1.43080
0.89403 1.43183
0.88696 1.43332
0.88356 1.43716
0.88294 1.44626
0.88068 1.45781
0.88132 1.46600
0.88201 1.46968
0.88271 1.47252
0.88131 1.47237
0.87948 1.47258
0.87406 1.47325
0.86886 1.47548
0.86844 1.47866
0.86807 1.48282
0.86905 1.48493
0.87012 1.48814
0.86461 1.49296
0.86205 1.49671
0.85692 1.50352
0.85415 1.50853
0.85180 1.51214
0.85091 1.51622
0.85063 1.51879
0.85003 1.52022
0.85056 1.52127
0.84894 1.52143
0.84566 1.52219
0.84223 1.52489
0.83965 1.52789
0.83746 1.53365
0.83587 1.53929
0.83444 1.54595
0.83346 1.55126
0.83177 1.55627
0.83084 1.55950
0.82846 1.56014
0.82452 1.56167
0.82156 1.56530
0.81954 1.56733
0.81908 1.56860
0.81751 1.57027
0.81541 1.57279
0.81310 1.57518
0.80843 1.57902
0.80484 1.58383
0.80345 1.58954
0.80239 1.59490
0.80002 1.59843
0.79865 1.59917
0.79673 1.60056
0.79498 1.60354
0.79098 1.60582
0.78824 1.60862
0.78630 1.61231
0.78456 1.61414
0.78305 1.61713
0.78290 1.61884
0.78265 1.62130
0.77844 1.62501
0.77499 1.62858
0.77038 1.63341
0.76807 1.63505
0.76605 1.63693
0.76601 1.64068
0.76432 1.64841
0.75962 1.65461
0.75486 1.65862
0.75149 1.66010
0.74929 1.66214
0.75002 1.66286
0.74990 1.66695
0.74662 1.67101
0.74391 1.67347
0.74150 1.67273
0.73941 1.67488
0.73866 1.67646
0.73363 1.67935
0.72843 1.68341
0.72664 1.68708
0.72611 1.69152
0.72457 1.69158
0.72307 1.69629
0.71967 1.70022
0.71715 1.70335
0.71251 1.70742
0.70937 1.71081
0.70755 1.71223
0.70413 1.71361
0.70029 1.71557
0.69856 1.71711
0.69561 1.71931
0.69240 1.72288
0.69036 1.72823
0.68493 1.73443
0.68479 1.73459
0.68110 1.73696
0.68052 1.73946
0.67876 1.74263
0.67463 1.74502
0.67082 1.74804
0.66827 1.75092
0.66679 1.75301
0.66058 1.75893
0.66043 1.75909
0.65651 1.76152
0.65267 1.76330
0.64720 1.76482
0.64625 1.76880
0.64298 1.77502
0.63859 1.78028
0.63321 1.78510
0.63083 1.78721
0.62984 1.78833
0.62177 1.79682
0.61752 1.79857
0.61164 1.79944
0.60832 1.79949
0.60008 1.80661
0.59376 1.81820
0.59031 1.82037
0.58553 1.82249
0.58166 1.82481
0.57774 1.82723
0.57392 1.82935
0.57128 1.83283
0.56929 1.83589
0.56850 1.83793
0.56492 1.83864
0.56204 1.83973
0.55859 1.84001
0.55443 1.84096
0.55150 1.84320
0.54950 1.84678
0.54472 1.84870
0.53952 1.85133
0.53028 1.86216
0.52904 1.86333
0.52224 1.86829
0.52206 1.86839
0.51591 1.86708
0.51299 1.86704
0.51181 1.86828
0.51215 1.87054
0.51069 1.87224
0.50713 1.87394
0.50108 1.87669
0.49657 1.88176
0.49236 1.88337
0.48773 1.88595
0.48421 1.88771
0.48111 1.89299
0.47918 1.89507
0.47871 1.89618
0.47519 1.89859
0.47091 1.89956
0.46711 1.89932
0.46207 1.90019
0.45998 1.90161
0.45586 1.90509
0.45492 1.90903
0.45197 1.91249
0.44540 1.91626
0.43990 1.91676
0.43531 1.91536
0.43263 1.91673
0.43135 1.91799
0.42820 1.92159
0.42545 1.92405
0.42233 1.92521
0.41944 1.92527
0.41593 1.92543
0.41209 1.92684
0.40837 1.93202
0.40408 1.93623
0.40010 1.93999
0.39793 1.94026
0.39568 1.94118
0.39249 1.94077
0.38884 1.94011
0.38512 1.94147
0.38054 1.94426
0.37780 1.94723
0.37298 1.95023
0.36712 1.95249
0.36287 1.95387
0.36054 1.95636
0.35815 1.95771
0.35618 1.95757
0.35190 1.95763
0.34851 1.95800
0.34674 1.96015
0.34303 1.96203
0.33862 1.96404
0.33430 1.96780
0.32959 1.96989
0.32653 1.97141
0.32426 1.97202
0.31824 1.97188
0.31477 1.97238
0.31074 1.97410
0.30627 1.97768
0.30519 1.97994
0.30256 1.97971
0.29889 1.98082
0.29625 1.98053
0.28917 1.98129
0.28520 1.98390
0.28007 1.98480
0.27562 1.98568
0.27126 1.98965
0.26807 1.99033
0.26583 1.99225
0.26235 1.99329
0.25873 1.99332
0.25665 1.99333
0.25501 1.99353
0.25191 1.99182
0.24694 1.99418
0.24084 1.99690
0.23764 1.99994
0.23538 2.00145
0.23146 2.00266
0.22787 2.00305
0.22408 2.00582
0.21867 2.00740
0.21506 2.00920
0.20647 2.00933
0.20669 2.00791
0.20343 2.00722
0.20041 2.00661
0.18795 2.01182
0.18364 2.01287
0.17953 2.01328
0.17791 2.01448
0.17484 2.01449
0.16246 2.01851
0.15712 2.02076
0.14933 2.02190
0.14933 2.02190
0.14714 2.02186
0.14468 2.02096
0.13914 2.02001
0.13484 2.02217
0.13054 2.02383
0.12721 2.02610
0.12340 2.02670
0.12214 2.02842
0.11794 2.02982
0.11383 2.03002
0.10892 2.02897
0.10521 2.02873
0.10246 2.02891
0.09769 2.03054
0.09192 2.02933
0.08698 2.02971
0.08375 2.03313
0.08158 2.03516
0.07974 2.03561
0.07750 2.03598
0.07074 2.03597
0.06449 2.03527
0.06213 2.03521
0.06049 2.03289
0.04902 2.03282
0.04437 2.03783
0.03755 2.03907
0.03242 2.04099
0.02875 2.04170
0.02507 2.04075
0.02039 2.04170
0.01833 2.03982
0.01833 2.03982
0.01589 2.03965
0.01120 2.03762
0.00472 2.03757
-0.00030 2.03669
-0.00496 2.03783
-0.00916 2.03838
-0.01185 2.03923
-0.01532 2.03929
-0.02271 2.04174
-0.02290 2.04180
-0.02612 2.04136
-0.03048 2.03943
-0.03371 2.03737
-0.03852 2.03700
-0.04364 2.03748
-0.04847 2.03776
-0.05255 2.03873
-0.05561 2.04042
-0.05824 2.04227
-0.06096 2.04328
-0.06527 2.04266
-0.07115 2.04209
-0.07724 2.03851
-0.08188 2.03791
-0.08464 2.03748
-0.08543 2.03861
-0.08794 2.03853
-0.09319 2.03714
-0.09976 2.03810
-0.10892 2.03843
-0.11513 2.03954
-0.11914 2.04095
-0.11953 2.04079
-0.11960 2.03819
-0.12213 2.03667
-0.12672 2.03472
-0.13147 2.03462
-0.13574 2.03351
-0.13957 2.03228
-0.14311 2.03019
-0.14676 2.02992
-0.15144 2.03240
-0.15423 2.03202
-0.15819 2.03392
-0.16378 2.03696
-0.16900 2.03755
-0.17322 2.03624
-0.17680 2.03678
-0.18180 2.03444
-0.18662 2.03096
-0.18646 2.02915
-0.18903 2.02810
-0.19230 2.02701
-0.19562 2.02714
-0.19936 2.02726
-0.20433 2.02593
-0.20934 2.02529
-0.21243 2.02540
-0.21664 2.02742
-0.22173 2.02535
-0.22557 2.02436
-0.22982 2.02627
-0.23535 2.02323
-0.23712 2.02262
-0.24033 2.01838
-0.24305 2.01559
-0.24570 2.01362
-0.24888 2.01383
-0.25079 2.01594
-0.25596 2.01576
-0.26175 2.01362
-0.26727 2.01164
-0.27143 2.00914
-0.27491 2.00934
-0.27649 2.00890
-0.27814 2.00920
-0.28007 2.00934
-0.28263 2.00705
-0.28619 2.00478
-0.28987 2.00460
-0.29388 2.00520
-0.29919 2.00676
-0.30517 2.00562
-0.30858 2.00363
-0.31276 2.00163
-0.31651 2.00116
-0.32080 2.00040
-0.32626 2.00084
-0.33005 2.00122
-0.33210 2.00131
-0.33489 2.00124
-0.33795 1.99895
-0.33993 1.99567
-0.34257 1.99273
-0.34674 1.99051
-0.35139 1.98916
-0.35529 1.98883
-0.35865 1.98737
-0.35967 1.98774
-0.36233 1.98685
-0.36533 1.98565
-0.36985 1.98301
-0.37491 1.98042
-0.37929 1.97766
-0.38246 1.97386
-0.38492 1.97617
-0.38903 1.98078
-0.39400 1.98006
-0.39968 1.97955
-0.40290 1.97743
-0.40597 1.97528
-0.40967 1.97123
-0.41564 1.96918
-0.42253 1.96518
-0.42562 1.96340
-0.42595 1.96213
-0.42621 1.96368
-0.42965 1.96207
-0.43384 1.96019
-0.43733 1.95720
-0.44030 1.95627
-0.44428 1.95383
-0.44765 1.95254
-0.45280 1.95458
-0.45978 1.95495
-0.46536 1.95288
-0.46820 1.95340
-0.46866 1.95050
-0.47085 1.94902
-0.47164 1.94467
-0.47744 1.94118
-0.48284 1.93840
-0.48537 1.93666
-0.48694 1.93534
-0.48764 1.93562
-0.48962 1.93587
-0.49410 1.93509
-0.49930 1.93121
-0.50546 1.92685
-0.50968 1.92372
-0.51264 1.92158
-0.51501 1.92117
-0.51848 1.92034
-0.52278 1.91919
-0.52552 1.91915
-0.52873 1.91707
-0.53297 1.91556
-0.53597 1.91263
-0.53624 1.91052
-0.53659 1.90809
-0.54005 1.90504
-0.54366 1.90117
-0.55080 1.89653
-0.55099 1.89640
-0.55711 1.89475
-0.56218 1.89421
-0.56623 1.89262
-0.56848 1.89316
-0.57109 1.89004
-0.57462 1.88773
-0.57752 1.88618
-0.58217 1.88445
-0.58229 1.88441
-0.58524 1.88146
-0.59384 1.87369
-0.59405 1.87350
-0.59765 1.87083
-0.60024 1.86877
-0.60661 1.86424
-0.60678 1.86412
-0.60927 1.86287
-0.61475 1.85774
-0.61489 1.85763
-0.61681 1.85485
-0.62110 1.85136
-0.62535 1.85086
-0.63061 1.84993
-0.63309 1.84922
-0.63607 1.84545
-0.63820 1.84373
-0.64227 1.84140
-0.64239 1.84134
-0.64942 1.83905
-0.65347 1.83540
-0.65613 1.83288
-0.66067 1.82767
-0.66372 1.82650
-0.66587 1.82337
-0.66670 1.82473
-0.66840 1.82143
-0.67076 1.81794
-0.67254 1.81610
-0.67269 1.81360
-0.67494 1.81282
-0.67978 1.80939
-0.68285 1.80509
-0.68655 1.80214
-0.68987 1.79918
-0.69020 1.79504
-0.69226 1.79166
-0.69843 1.79080
-0.70528 1.78983
-0.71114 1.78909
-0.71577 1.78772
-0.71862 1.78494
-0.71920 1.78093
-0.72324 1.77702
-0.72556 1.77430
-0.72919 1.77378
-0.72931 1.77067
-0.73010 1.76734
-0.72989 1.76157
-0.73241 1.75593
-0.73532 1.75296
-0.73632 1.75123
-0.74077 1.75045
-0.74386 1.74894
-0.74793 1.74865
-0.75157 1.74700
-0.75639 1.74414
-0.75918 1.73981
-0.76205 1.73433
-0.76726 1.73064
-0.77247 1.72821
-0.77426 1.72294
-0.77571 1.72172
-0.77717 1.71850
-0.77731 1.71592
-0.77941 1.71397
-0.78097 1.71129
-0.78163 1.70691
-0.78336 1.70338
-0.78725 1.70091
-0.79109 1.69829
-0.79359 1.69601
-0.79707 1.69404
-0.79988 1.69262
-0.80109 1.69020
-0.80344 1.68791
-0.80882 1.68578
-0.81235 1.68214
-0.81357 1.67932
-0.81734 1.67602
-0.81927 1.67243
-0.82079 1.66739
-0.82172 1.66487
-0.82557 1.66234
-0.82782 1.66026
-0.82919 1.65733
-0.83728 1.65655
-0.84240 1.65456
-0.84613 1.65317
-0.84690 1.64698
-0.84619 1.64234
-0.84976 1.63977
-0.85170 1.63915
-0.85624 1.63762
-0.85964 1.63654
-0.86173 1.63362
-0.86275 1.62928
-0.86296 1.62482
-0.86371 1.61947
-0.86530 1.61616
-0.86753 1.61353
-0.87008 1.61085
-0.87187 1.60718
-0.87449 1.60437
-0.87756 1.59989
-0.88055 1.59618
-0.88214 1.59391
-0.88826 1.58806
-0.89223 1.58742
-0.89634 1.58733
-0.89904 1.58356
-0.90184 1.56680
-0.90396 1.56161
-0.90427 1.55835
-0.90720 1.55471
-0.91007 1.55412
-0.91264 1.55239
-0.91480 1.54957
-0.91761 1.54566
-0.91786 1.54183
-0.91933 1.53376
-0.91938 1.53357
-0.92088 1.53160
-0.92369 1.52830
-0.92699 1.52230
-0.93133 1.51798
-0.93063 1.51632
-0.93157 1.51445
-0.92982 1.51157
-0.93322 1.50691
-0.93815 1.50150
-0.94164 1.49892
-0.94099 1.49590
-0.94010 1.49181
-0.94085 1.48785
-0.94294 1.48287
-0.94795 1.47963
-0.95291 1.47589
-0.95462 1.47228
-0.95603 1.46913
-0.95744 1.46513
-0.95749 1.46503
-0.96024 1.46411
-0.96295 1.46064
-0.96449 1.45756
-0.96532 1.45332
-0.96722 1.44866
-0.97146 1.43620
-0.97075 1.43409
-0.97126 1.42943
-0.97517 1.41813
-0.97525 1.41786
-0.97728 1.41386
-0.97958 1.41030
-0.98120 1.40822
-0.98231 1.40681
-0.98304 1.40283
-0.98470 1.39702
-0.98884 1.39098
-0.98894 1.39083
-0.99029 1.38872
-0.99126 1.38517
-0.99400 1.38057
-0.99501 1.37635
-0.99585 1.37118
-0.99848 1.36797
-1.00032 1.36401
-1.00234 1.36036
-1.00262 1.35714
-1.00351 1.35282
-1.00508 1.35042
-1.00587 1.34672
-1.00572 1.34316
-1.00732 1.33868
-1.00949 1.33369
-1.01282 1.32936
-1.01532 1.32578
-1.01595 1.32139
-1.01424 1.31735
-1.01276 1.31388
-1.01299 1.31101
-1.01388 1.30765
-1.01636 1.30150
-1.01811 1.29630
-1.01985 1.29302
-1.02029 1.29189
-1.02167 1.28874
-1.02239 1.28609
-1.02338 1.28512
-1.02371 1.28278
-1.02447 1.27693
-1.02514 1.27292
-1.02576 1.26673
-1.02826 1.26206
-1.02987 1.25796
-1.03148 1.25397
-1.03262 1.25180
-1.03330 1.24906
-1.03629 1.24554
-1.03729 1.24243
-1.03698 1.23902
-1.03856 1.23426
-1.03982 1.23056
-1.03990 1.22640
-1.03960 1.22158
-1.04172 1.21597
-1.04375 1.21038
-1.04414 1.20836
-1.04470 1.20483
-1.04544 1.20335
-1.04398 1.20021
-1.04541 1.19794
-1.04647 1.19507
-1.04794 1.19126
-1.04833 1.18608
-1.04961 1.18007
-1.05177 1.17445
-1.05159 1.16898
-1.05175 1.16444
-1.05323 1.16129
-1.05360 1.15904
-1.05284 1.15872
-1.05315 1.15605
-1.05448 1.15174
-1.05643 1.14960
-1.05697 1.14556
-1.05903 1.14167
-1.06162 1.13847
-1.06010 1.13273
-1.05887 1.12724
-1.05783 1.12126
-1.05524 1.11680
-1.05621 1.11181
-1.05578 1.11040
-1.05883 1.10818
-1.06217 1.10610
-1.06285 1.10118
-1.06323 1.09580
-1.06394 1.09231
-1.06426 1.08854
-1.06286 1.08483
-1.05999 1.08356
-1.05761 1.07987
-1.06070 1.07395
-1.06487 1.06963
-1.06559 1.06429
-1.06577 1.06060
-1.06577 1.05032
-1.06611 1.04767
-1.06521 1.04381
-1.06455 1.03567
-1.06452 1.03547
-1.06576 1.03175
-1.06579 1.02882
-1.06441 1.02592
-1.06382 1.02366
-1.06346 1.01766
-1.06347 1.01751
-1.06621 1.01309
-1.06859 1.00875
-1.07089 1.00444
-1.07256 0.99809
-1.07357 0.99375
-1.07249 0.98461
-1.07246 0.98439
-1.06998 0.98130
-1.06758 0.97916
-1.06497 0.97762
-1.06272 0.97681
-1.06229 0.97362
-1.06304 0.96940
-1.06813 0.95288
-1.06859 0.94869
-1.06633 0.93844
-1.06629 0.93818
-1.06544 0.93380
-1.06353 0.93177
-1.06225 0.92611
-1.06222 0.92597
-1.06209 0.92476
-1.06267 0.92142
-1.06255 0.91713
-1.06339 0.91104
-1.06268 0.90592
-1.06394 0.90146
-1.06400 0.89670
-1.06168 0.89441
-1.06315 0.89119
-1.06277 0.88776
-1.06339 0.88357
-1.06392 0.88025
-1.05959 0.87439
-1.05952 0.87422
-1.05582 0.86915
-1.05244 0.86411
-1.05101 0.85979
-1.05148 0.85627
-1.05121 0.84913
-1.05118 0.84877
-1.05095 0.84595
-1.05334 0.84115
-1.05404 0.83548
-1.05470 0.82908
-1.05427 0.82307
-1.05365 0.81929
-1.05149 0.81838
-1.04981 0.81614
-1.04932 0.81328
-1.04821 0.80994
-1.04734 0.80629
-1.04593 0.80169
-1.04478 0.79802
-1.04440 0.79503
-1.04527 0.79179
-1.04536 0.78965
-1.04379 0.78662
-1.04157 0.78199
-1.03997 0.77555
-1.03894 0.77082
-1.03779 0.76494
-1.03785 0.76126
-1.03765 0.76015
-1.03810 0.75603
-1.03777 0.75477
-1.03677 0.75212
-1.03605 0.74959
-1.03238 0.74507
-1.02861 0.73884
-1.02630 0.73381
-1.02355 0.73146
-1.02267 0.73013
-1.02485 0.72662
-1.02605 0.72358
-1.02886 0.72015
-1.02660 0.71399
-1.02258 0.70730
-1.01907 0.70159
-1.01867 0.69659
-1.01811 0.69217
-1.01805 0.68878
-1.01663 0.68141
-1.01475 0.67882
-1.01191 0.67596
-1.01135 0.67375
-1.01029 0.67264
-1.00870 0.66917
-1.00522 0.66679
-1.00436 0.66197
-1.00222 0.65712
-1.00096 0.65450
-1.00071 0.65162
-0.99784 0.64747
-0.99792 0.64381
-0.99574 0.64124
-0.99524 0.63612
-0.99269 0.63087
-0.99096 0.62495
-0.98772 0.62104
-0.98718 0.61721
-0.98434 0.61745
-0.98331 0.61396
-0.98331 0.61047
-0.98033 0.60893
-0.97857 0.60674
-0.97871 0.60070
-0.97706 0.59507
-0.97466 0.58887
-0.97285 0.58390
-0.97208 0.57795
-0.97269 0.57618
-0.97082 0.57499
-0.96895 0.57229
-0.96633 0.56846
-0.96430 0.56523
-0.96072 0.56028
-0.96026 0.55701
-0.95908 0.55568
-0.95837 0.55466
-0.95809 0.55130
-0.95502 0.54681
-0.95281 0.54037
-0.95061 0.53671
-0.94663 0.53258
-0.94557 0.52890
-0.94415 0.52537
-0.94109 0.51851
-0.94100 0.51833
-0.93903 0.51493
-0.93788 0.51309
-0.93475 0.51126
-0.93170 0.50746
-0.93007 0.49887
-0.93002 0.49867
-0.92905 0.49548
-0.92638 0.49173
-0.92365 0.48843
-0.91971 0.48326
-0.91888 0.47808
-0.91727 0.47151
-0.91548 0.46751
-0.91290 0.46482
-0.91174 0.46135
-0.89957 0.45444
-0.89627 0.45059
-0.89550 0.44729
-0.89543 0.44707
-0.89584 0.44488
-0.89732 0.43948
-0.89712 0.43454
-0.89236 0.43114
-0.88689 0.42997
-0.87499 0.41886
-0.87322 0.41457
-0.87165 0.41124
-0.87078 0.40726
-0.86779 0.40130
-0.86771 0.40116
-0.86406 0.39644
-0.85506 0.38773
-0.85486 0.38751
-0.85233 0.38583
-0.85311 0.38538
-0.85456 0.38313
-0.85226 0.38051
-0.84802 0.37752
-0.84290 0.37408
-0.84308 0.35604
-0.84141 0.35141
-0.83516 0.35204
-0.82820 0.34745
-0.82199 0.34208
-0.81928 0.33994
-0.81971 0.33593
-0.81612 0.33238
-0.81248 0.33213
-0.80792 0.33089
-0.79975 0.32213
-0.79955 0.32195
-0.79548 0.31543
-0.79276 0.30946
-0.79034 0.30594
-0.79070 0.30366
-0.78807 0.30040
-0.78275 0.29935
-0.77876 0.29831
-0.77362 0.29217
-0.77350 0.29200
-0.77150 0.28716
-0.76785 0.28377
-0.76426 0.28135
-0.76111 0.27987
-0.75812 0.27941
-0.75817 0.27900
-0.75789 0.27795
-0.75706 0.27601
-0.75435 0.27197
-0.74875 0.26551
-0.74479 0.25912
-0.74062 0.25225
-0.73382 0.24732
-0.73365 0.24720
-0.73023 0.24711
-0.72419 0.24716
-0.72402 0.24716
-0.72126 0.24560
-0.71846 0.24314
-0.71675 0.24069
-0.71552 0.23780
-0.71474 0.23509
-0.71265 0.23314
-0.71050 0.23180
-0.70455 0.22833
-0.69844 0.22389
-0.69278 0.21965
-0.69102 0.21505
-0.68809 0.20988
-0.68496 0.20818
-0.68301 0.20760
-0.68096 0.20601
-0.67971 0.20458
-0.67745 0.20301
-0.67380 0.20032
-0.67030 0.19746
-0.66901 0.19577
-0.66667 0.19307
-0.66428 0.19133
-0.66025 0.18907
-0.65677 0.18515
-0.65151 0.18243
-0.64598 0.18191
-0.64181 0.18156
-0.63922 0.17853
-0.63717 0.17555
-0.63501 0.17356
-0.63387 0.16923
-0.63008 0.16577
-0.62472 0.16263
-0.62227 0.16061
-0.61939 0.15982
-0.61687 0.15978
-0.61430 0.15901
-0.61277 0.15675
-0.61182 0.15367
-0.60449 0.15199
-0.59812 0.15051
-0.59141 0.15035
-0.58949 0.14714
-0.58661 0.14529
-0.58814 0.14259
-0.58734 0.14022
-0.58375 0.13772
-0.57967 0.13442
-0.57742 0.13046
-0.57422 0.12978
-0.57108 0.12951
-0.56732 0.12880
-0.56458 0.12764
-0.56027 0.12450
-0.55454 0.11960
-0.54888 0.11571
-0.54566 0.11356
-0.54229 0.11281
-0.53987 0.11153
-0.53851 0.10966
-0.53783 0.10715
-0.53646 0.10577
-0.53275 0.10587
-0.52860 0.10556
-0.52320 0.10581
-0.51969 0.10602
-0.51520 0.10419
-0.50844 0.09781
-0.50827 0.09764
-0.50593 0.09288
-0.50380 0.08579
-0.49528 0.07951
-0.49509 0.07934
-0.49077 0.08168
-0.47795 0.08870
-0.47443 0.08753
-0.47196 0.08627
-0.46984 0.08307
-0.46665 0.07945
-0.46218 0.07602
-0.45979 0.07145
-0.45988 0.06708
-0.44833 0.06542
-0.44674 0.06947
-0.44405 0.07509
-0.43996 0.07239
-0.43369 0.06989
-0.42441 0.06637
-0.41249 0.05253
-0.41018 0.04989
-0.40819 0.04854
-0.40554 0.04866
-0.40194 0.04921
-0.39756 0.04812
-0.39362 0.04891
-0.39058 0.04864
-0.38848 0.04534
-0.38446 0.04230
-0.38118 0.03978
-0.37517 0.03833
-0.36242 0.03851
-0.35922 0.03818
-0.35437 0.03787
-0.35013 0.03668
-0.34682 0.03331
-0.34322 0.03032
-0.34312 0.03024
-0.33844 0.03085
-0.33576 0.03064
-0.33386 0.02895
-0.33019 0.02717
-0.32552 0.02489
-0.32185 0.02181
-0.31720 0.02186
-0.31240 0.02000
-0.30032 0.02149
-0.29464 0.02309
-0.28995 0.01978
-0.28584 0.01603
-0.28187 0.01511
-0.27589 0.01281
-0.27342 0.01110
-0.27236 0.00859
-0.26954 0.01478
-0.26945 0.01487
-0.26622 0.01711
-0.26184 0.01937
-0.24493 0.01473
-0.24493 0.01473
-0.24125 0.01201
-0.24006 0.01044
-0.24134 0.01096
-0.23945 0.01169
-0.23803 0.01214
-0.22961 0.00980
-0.22396 0.00807
-0.21793 0.00699
-0.21259 0.00542
-0.20975 0.00466
-0.20720 0.00448
-0.20589 0.00517
-0.20393 0.00574
-0.19915 0.00639
-0.19507 0.00621
-0.18986 0.00469
-0.18489 0.00397
-0.18145 0.00247
-0.17760 0.00097
-0.17732 0.00068
-0.17531 0.00102
-0.17009 0.00156
-0.16416 0.00095
-0.15889 -0.00034
-0.15217 -0.00083
-0.14749 -0.00154
-0.14474 -0.00245
-0.14311 -0.00224
-0.13880 -0.00318
-0.13284 -0.00391
-0.12827 -0.00572
-0.12467 -0.00682
-0.12305 -0.00688
-0.12217 -0.00532
-0.12037 -0.00402
-0.11572 -0.00494
-0.11002 -0.00735
-0.10390 -0.01013
-0.09532 -0.00935
-0.08874 -0.00718
-0.08196 -0.00377
-0.07750 -0.00261
-0.07644 -0.00242
-0.07749 -0.00304
-0.07906 -0.00487
-0.07687 -0.00589
-0.06956 -0.00773
-0.06230 -0.00851
-0.05688 -0.00610
-0.05208 -0.00550
-0.04874 -0.00395
-0.04589 -0.00366
-0.04290 -0.00562
-0.04150 -0.00682
-0.03730 -0.00782
-0.03422 -0.00884
-0.03106 -0.00885
-0.02525 -0.00791
-0.01915 -0.00595
-0.01178 -0.00403
-0.00700 -0.00358
-0.00602 -0.00378
-0.00843 -0.00449
-0.01636 -0.00461
-0.02228 -0.00539
-0.02160 -0.00653
-0.01923 -0.00607
-0.01567 -0.00679
-0.01397 -0.00537
-0.01527 -0.00553
-0.01706 -0.00563
-0.01819 -0.00592
-0.01810 -0.00601
-0.01681 -0.00625
-0.01516 -0.00667
-0.01454 -0.00711
-0.01362 -0.00750
-0.01414 -0.00721
-0.01582 -0.00798
-0.01620 -0.00671
-0.01644 -0.00501
-0.01618 -0.00404
-0.01663 -0.00414
-0.01618 -0.00446
-0.01622 -0.00650
-0.01606 -0.00832
-0.01562 -0.00936
-0.01653 -0.00803
-0.01618 -0.00686
-0.01438 -0.00652
-0.01425 -0.00733
-0.01626 -0.00762
-0.01781 -0.00526
-0.01785 -0.00521
-0.01792 -0.00384
-0.01644 -0.00395
