-0.01006 -0.00717
-0.00901 -0.00700
-0.00982 -0.00685
-0.00924 -0.00505
-0.01072 -0.00403
-0.01059 -0.00309
-0.01199 -0.00504
-0.01046 -0.00572
-0.01196 -0.00628
-0.01033 -0.00561
-0.01074 -0.00515
-0.01062 -0.00436
-0.01029 -0.00387
-0.00815 -0.00527
-0.01017 -0.00438
-0.00955 -0.00429
-0.01064 -0.00243
-0.01173 -0.00425
-0.01210 -0.00641
-0.01038 -0.00618
-0.01003 -0.00534
-0.00924 -0.00473
-0.00763 -0.00485
-0.00919 -0.00614
-0.01127 -0.00526
-0.01202 -0.00697
-0.01303 -0.00579
-0.01302 -0.00592
-0.01148 -0.00557
-0.00990 -0.00369
-0.00878 -0.00219
-0.00883 -0.00309
-0.00991 -0.00486
-0.01068 -0.00818
-0.01122 -0.00858
-0.01158 -0.00711
-0.01190 -0.00495
-0.01060 -0.00298
-0.01007 -0.00243
-0.00915 -0.00283
-0.01028 -0.00432
-0.01210 -0.00727
-0.01248 -0.00701
-0.01287 -0.00581
-0.01158 -0.00531
-0.01062 -0.00495
-0.01059 -0.00503
-0.00994 -0.00571
-0.01110 -0.00643
-0.01143 -0.00588
-0.01221 -0.00452
-0.01238 -0.00528
-0.01287 -0.00534
-0.01233 -0.00667
-0.01082 -0.00793
-0.00670 -0.00775
-0.00062 -0.00424
0.00478 -0.00560
0.01081 -0.00333
0.01531 -0.00488
0.02054 -0.00528
0.02350 -0.00461
0.02951 0.00010
0.03267 0.00156
0.03602 -0.00008
0.03999 -0.00148
0.04312 -0.00373
0.04631 -0.00333
0.05010 -0.00172
0.05169 -0.00002
0.05400 0.00070
0.05985 0.00134
0.06433 0.00218
0.06896 0.00171
0.07244 0.00238
0.07724 0.00220
0.08360 0.00247
0.08592 0.00241
0.08651 0.00315
0.08809 0.00423
0.09127 0.00484
0.09718 0.00359
0.10232 0.00399
0.10536 0.00670
0.11031 0.00592
0.11502 0.00604
0.11876 0.00598
0.12379 0.00758
0.12745 0.00882
0.13074 0.01039
0.13482 0.01104
0.13821 0.01122
0.14223 0.01089
0.14602 0.01338
0.15013 0.01305
0.15414 0.01384
0.15855 0.01403
0.16170 0.01380
0.16614 0.01277
0.16971 0.01349
0.17347 0.01538
0.17872 0.01814
0.18173 0.01993
0.18579 0.02097
0.18960 0.02134
0.19229 0.02074
0.19393 0.02211
0.19812 0.02344
0.20132 0.02302
0.20643 0.02356
0.20944 0.02591
0.21352 0.02706
0.21809 0.02790
0.22220 0.02831
0.22727 0.02842
0.23111 0.03024
0.23582 0.03126
0.24038 0.03159
0.24331 0.03276
0.24636 0.03431
0.24850 0.03676
0.25017 0.03741
0.25060 0.03951
0.25386 0.04147
0.25869 0.04363
0.26536 0.04528
0.27143 0.04370
0.27505 0.04210
0.27814 0.04353
0.28086 0.04273
0.28692 0.04799
0.28709 0.04810
0.28942 0.05131
0.29323 0.05224
0.30073 0.05325
0.30433 0.05343
0.30847 0.05730
0.31231 0.05988
0.31466 0.06018
0.31583 0.05920
0.32131 0.06131
0.32144 0.06134
0.32621 0.06298
0.33115 0.06455
0.33498 0.06713
0.34243 0.07104
0.34243 0.07104
0.34477 0.07219
0.34811 0.07207
0.36328 0.07751
0.36937 0.08249
0.36952 0.08261
0.37207 0.08570
0.37462 0.08705
0.37705 0.08669
0.37953 0.08630
0.38276 0.08670
0.38568 0.08788
0.39052 0.08997
0.39470 0.09269
0.39951 0.09379
0.40251 0.09641
0.40694 0.09858
0.41152 0.10423
0.41165 0.10436
0.41488 0.10479
0.42337 0.10600
0.42358 0.10603
0.42632 0.10779
0.42934 0.11106
0.43281 0.11380
0.43643 0.11701
0.44131 0.11909
0.44530 0.12071
0.44818 0.12116
0.45082 0.12135
0.45340 0.12412
0.45747 0.12559
0.46224 0.12758
0.46631 0.12680
0.47037 0.12771
0.47325 0.12768
0.47720 0.13044
0.47774 0.13220
0.48031 0.13544
0.48377 0.13922
0.48596 0.14364
0.48932 0.14706
0.49611 0.14856
0.50081 0.14974
0.50412 0.15264
0.50767 0.15343
0.51171 0.15785
0.51334 0.16059
0.51703 0.16437
0.52004 0.16450
0.52262 0.16388
0.52454 0.16349
0.52701 0.16523
0.52856 0.16636
0.53327 0.17198
0.53792 0.17772
0.54075 0.18122
0.54381 0.18305
0.54704 0.18375
0.54929 0.18451
0.55199 0.18491
0.55435 0.18846
0.55758 0.19098
0.56094 0.19537
0.56633 0.19853
0.57063 0.20056
0.57451 0.20127
0.57793 0.20221
0.57950 0.20582
0.58083 0.20842
0.58285 0.21101
0.58657 0.21340
0.59061 0.21486
0.59455 0.21586
0.59743 0.22003
0.60008 0.22324
0.60284 0.22607
0.60580 0.22869
0.60642 0.23027
0.60693 0.23327
0.61057 0.23498
0.61415 0.23617
0.61860 0.23826
0.62156 0.23884
0.62551 0.24034
0.62871 0.24239
0.63192 0.24689
0.63414 0.25114
0.63752 0.25501
0.64120 0.25977
0.64448 0.26282
0.64773 0.26603
0.65053 0.26914
0.65272 0.27187
0.65673 0.27176
0.65978 0.27266
0.66403 0.27668
0.66586 0.28021
0.66736 0.28443
0.66960 0.28792
0.67149 0.28777
0.67361 0.28953
0.67616 0.29119
0.68076 0.29335
0.68382 0.29862
0.68514 0.30453
0.68665 0.30881
0.68936 0.31059
0.69354 0.30971
0.69769 0.31052
0.70063 0.31049
0.70189 0.31561
0.70492 0.31858
0.70583 0.32161
0.71006 0.32501
0.71304 0.32723
0.71601 0.32898
0.71743 0.33021
0.71940 0.33201
0.72210 0.33500
0.72494 0.34093
0.72613 0.34808
0.72927 0.35465
0.73296 0.35687
0.73643 0.35998
0.73921 0.36369
0.74311 0.36524
0.74506 0.36281
0.74583 0.36392
0.74832 0.36374
0.74911 0.36964
0.75142 0.37266
0.75408 0.37800
0.75792 0.38269
0.76117 0.38697
0.76336 0.39136
0.76624 0.39558
0.76814 0.39978
0.77210 0.40290
0.77627 0.40469
0.77835 0.40895
0.77903 0.41275
0.78089 0.41588
0.78094 0.41596
0.78309 0.41856
0.78655 0.42051
0.78820 0.42226
0.78990 0.42463
0.79263 0.42926
0.79445 0.43403
0.79666 0.43836
0.79881 0.43914
0.80040 0.44136
0.80481 0.44495
0.80791 0.44896
0.81061 0.45229
0.81166 0.45584
0.81290 0.45927
0.81460 0.46303
0.81692 0.46747
0.81999 0.46820
0.82247 0.47192
0.82558 0.47670
0.82566 0.47683
0.82622 0.47925
0.82902 0.48235
0.82924 0.48937
0.83108 0.49617
0.83441 0.50095
0.83795 0.50312
0.84002 0.50583
0.84200 0.50719
0.84473 0.51236
0.84770 0.51677
0.84912 0.51866
0.85120 0.51877
0.85158 0.52806
0.85283 0.53301
0.85441 0.53714
0.85624 0.53992
0.86896 0.55379
0.87139 0.55784
0.87375 0.56141
0.87290 0.56689
0.87432 0.57448
0.87437 0.57467
0.87557 0.57817
0.87737 0.58202
0.87975 0.58537
0.88228 0.58749
0.88426 0.58851
0.88378 0.58965
0.88437 0.59151
0.88622 0.59485
0.88691 0.59945
0.88744 0.60459
0.89014 0.60902
0.89374 0.61403
0.89737 0.62078
0.89868 0.62679
0.89931 0.63189
0.90077 0.63483
0.90136 0.63736
0.90211 0.63906
0.90241 0.63754
0.90388 0.63939
0.90505 0.64128
0.90781 0.64471
0.90986 0.65052
0.91079 0.65568
0.91225 0.66162
0.91513 0.66857
0.91582 0.67615
0.91763 0.68272
0.91884 0.68602
0.92034 0.68940
0.92114 0.68947
0.92180 0.69368
0.92318 0.69681
0.92496 0.70059
0.92700 0.70226
0.92676 0.70538
0.92831 0.70695
0.92747 0.70929
0.93129 0.71035
0.93274 0.71398
0.93187 0.71967
0.93406 0.72555
0.93531 0.73383
0.93681 0.73774
0.93718 0.74134
0.93905 0.74467
0.93922 0.75083
0.93981 0.75314
0.94185 0.75550
0.94189 0.75759
0.94140 0.75854
0.94191 0.76182
0.94432 0.76573
0.94711 0.76760
0.94793 0.77544
0.95053 0.78084
0.94918 0.78466
0.94855 0.78713
0.94793 0.78976
0.94790 0.79252
0.95143 0.79353
0.95223 0.79637
0.95321 0.80046
0.95351 0.80553
0.95439 0.81159
0.95509 0.81764
0.95586 0.82281
0.95674 0.82663
0.95714 0.83047
0.95752 0.83453
0.95885 0.83718
0.95967 0.84005
0.96004 0.84446
0.96110 0.84837
0.96234 0.85224
0.96296 0.85519
0.96440 0.85948
0.96563 0.86279
0.96533 0.86691
0.96450 0.86999
0.96469 0.87241
0.96497 0.87601
0.96427 0.87911
0.96523 0.88237
0.96732 0.88667
0.96953 0.89106
0.96908 0.89686
0.96923 0.90327
0.96871 0.90759
0.96982 0.91077
0.96961 0.91388
0.96983 0.91608
0.97026 0.91784
0.97041 0.92052
0.97199 0.92418
0.97225 0.92915
0.97128 0.93287
0.97317 0.93801
0.97317 0.94435
0.97336 0.94801
0.97450 0.95314
0.97287 0.95566
0.97149 0.95917
0.97194 0.96331
0.97431 0.96490
0.97393 0.96863
0.97568 0.97070
0.97597 0.97270
0.97539 0.97691
0.97672 0.98153
0.97683 0.98645
0.97618 0.98957
0.97632 0.99640
0.97566 1.00921
0.97566 1.00921
0.97589 1.01329
0.97791 1.01795
0.97895 1.02013
0.97923 1.02006
0.97801 1.01815
0.97788 1.02033
0.97781 1.02169
0.97672 1.04342
0.97673 1.04796
0.97624 1.05680
0.97623 1.05705
0.97802 1.06643
0.97807 1.06666
0.97697 1.06948
0.97512 1.07638
0.97509 1.07656
0.97474 1.08100
0.97448 1.08567
0.97501 1.08833
0.97335 1.09365
0.97331 1.09376
0.97399 1.09556
0.97495 1.10225
0.97496 1.10241
0.97281 1.10747
0.97158 1.11139
0.97163 1.11451
0.97139 1.11940
0.97162 1.12433
0.97019 1.12836
0.96958 1.13412
0.97070 1.14037
0.97251 1.14329
0.97249 1.14848
0.97008 1.15249
0.96850 1.15424
0.96668 1.15679
0.96629 1.15985
0.96626 1.16335
0.96563 1.16667
0.96655 1.17104
0.96767 1.17591
0.96393 1.18070
0.96431 1.19276
0.95895 1.20680
0.95862 1.20859
0.95964 1.21194
0.95956 1.21476
0.95813 1.21629
0.95707 1.21731
0.95728 1.22531
0.95728 1.22554
0.95691 1.23091
0.95516 1.23665
0.95497 1.24298
0.95374 1.24802
0.95335 1.25144
0.95191 1.25450
0.95134 1.25768
0.94935 1.25952
0.94874 1.26261
0.94738 1.26652
0.94696 1.26968
0.94596 1.27270
0.94455 1.27663
0.94334 1.28003
0.94122 1.28405
0.94061 1.28891
0.93984 1.29422
0.93741 1.29951
0.93695 1.30292
0.93548 1.30844
0.93564 1.31001
0.93526 1.31240
0.93647 1.31543
0.93437 1.31961
0.92984 1.32176
0.92753 1.32414
0.92581 1.32808
0.92543 1.33352
0.92485 1.33688
0.92376 1.33930
0.92346 1.34282
0.92399 1.34688
0.92282 1.35252
0.92030 1.35421
0.91972 1.35780
0.92010 1.36027
0.91924 1.36486
0.91740 1.36436
0.91413 1.36652
0.91284 1.36860
0.91234 1.36968
0.91264 1.37512
0.91025 1.38045
0.90670 1.38478
0.90331 1.38982
0.90301 1.39671
0.90254 1.40217
0.90325 1.40410
0.90115 1.40674
0.89526 1.41012
0.89630 1.41224
0.89501 1.41573
0.89400 1.41718
0.89329 1.41817
0.89138 1.42542
0.88894 1.43002
0.88950 1.43372
0.88885 1.43736
0.88687 1.43961
0.88418 1.44446
0.88384 1.44959
0.88070 1.45460
0.87841 1.46014
0.87561 1.46553
0.87261 1.46972
0.87294 1.47343
0.87542 1.47859
0.87273 1.48245
0.86818 1.48443
0.86637 1.48515
0.86521 1.48714
0.86297 1.48846
0.86113 1.48999
0.85978 1.49524
0.85805 1.49941
0.85564 1.50529
0.85379 1.51176
0.85170 1.51887
0.84811 1.52483
0.84494 1.52827
0.84238 1.53160
0.84131 1.53435
0.83996 1.53760
0.83994 1.54087
0.83965 1.54311
0.83816 1.54319
0.83541 1.54313
0.83260 1.54559
0.82775 1.54921
0.82347 1.55381
0.82264 1.55974
0.82203 1.56427
0.82247 1.56835
0.82033 1.57211
0.81794 1.57635
0.80770 1.58508
0.80792 1.58671
0.80725 1.58849
0.80624 1.59200
0.80020 1.59992
0.80007 1.60009
0.79666 1.60408
0.79306 1.60640
0.79318 1.61575
0.78934 1.61914
0.78088 1.62305
0.77621 1.62686
0.77289 1.62968
0.77386 1.62964
0.77536 1.63131
0.77286 1.63659
0.77000 1.64066
0.76848 1.64194
0.76378 1.64596
0.76141 1.65085
0.76030 1.65209
0.75646 1.66260
0.75184 1.66602
0.74478 1.66947
0.74296 1.67630
0.74185 1.68284
0.73458 1.68838
0.73200 1.69155
0.72844 1.69446
0.72388 1.69862
0.72100 1.70348
0.71975 1.70840
0.71832 1.71281
0.71566 1.71418
0.70669 1.71591
0.70528 1.71835
0.70033 1.72620
0.70020 1.72641
0.69806 1.72927
0.69431 1.73048
0.68758 1.73721
0.68719 1.73754
0.68223 1.74850
0.68213 1.74869
0.67688 1.75525
0.67339 1.76026
0.67095 1.76304
0.66891 1.76367
0.66793 1.76425
0.66518 1.76452
0.66060 1.76367
0.65387 1.77058
0.65256 1.77463
0.64878 1.77717
0.64691 1.77844
0.64597 1.78183
0.64294 1.78289
0.63873 1.78577
0.63276 1.79024
0.62803 1.79377
0.62471 1.79868
0.62271 1.80242
0.62268 1.80758
0.62208 1.80756
0.62034 1.80761
0.61715 1.80966
0.60972 1.81494
0.60432 1.81828
0.59959 1.82253
0.59871 1.82723
0.59862 1.82669
0.59742 1.82840
0.59544 1.82868
0.59368 1.82982
0.58794 1.83311
0.58463 1.83517
0.57812 1.83710
0.57595 1.83976
0.57258 1.84339
0.56919 1.84782
0.56672 1.85097
0.56312 1.85432
0.56111 1.85632
0.55899 1.85843
0.55515 1.85996
0.55177 1.86140
0.54834 1.86257
0.54429 1.86398
0.54047 1.86522
0.53689 1.86702
0.53506 1.86941
0.53445 1.87104
0.53065 1.87363
0.52668 1.87729
0.52266 1.87999
0.51751 1.88264
0.51371 1.88569
0.51234 1.88733
0.50941 1.89024
0.50552 1.89251
0.50281 1.89461
0.50119 1.89629
0.49821 1.89563
0.49569 1.89791
0.49070 1.90008
0.48602 1.90211
0.48274 1.90335
0.47991 1.90690
0.47753 1.90782
0.47475 1.90979
0.47058 1.91294
0.46564 1.91597
0.46115 1.91851
0.45903 1.92190
0.45627 1.92583
0.45088 1.92586
0.44886 1.92671
0.44704 1.92776
0.44345 1.92853
0.44119 1.93029
0.43736 1.93068
0.43630 1.93210
0.43247 1.93506
0.42824 1.93526
0.42256 1.93629
0.41847 1.93994
0.41421 1.94110
0.41322 1.94302
0.40915 1.94695
0.40624 1.94819
0.40081 1.95121
0.39925 1.95396
0.39585 1.95601
0.39146 1.95484
0.38896 1.95263
0.38661 1.95187
0.38415 1.95502
0.38185 1.95644
0.37437 1.96053
0.36988 1.96364
0.36361 1.96639
0.35779 1.97003
0.35583 1.97219
0.35144 1.97259
0.34975 1.97236
0.34766 1.97344
0.34505 1.97606
0.34138 1.97566
0.33921 1.97717
0.33559 1.97728
0.33174 1.97795
0.32939 1.97861
0.32512 1.98131
0.32059 1.98361
0.31482 1.98625
0.31100 1.98876
0.30778 1.99102
0.30407 1.99244
0.30079 1.99333
0.29698 1.99370
0.29306 1.99470
0.28828 1.99628
0.27575 2.00066
0.27138 2.00088
0.26814 2.00241
0.26588 2.00537
0.26207 2.00618
0.25854 2.00752
0.24860 2.01114
0.24363 2.01168
0.23997 2.01377
0.23632 2.01450
0.23224 2.01638
0.22778 2.01659
0.22390 2.01577
0.22124 2.01648
0.21830 2.01771
0.21543 2.01783
0.21268 2.01726
0.20878 2.02046
0.20498 2.02346
0.19809 2.02497
0.19467 2.02579
0.19072 2.02624
0.18817 2.02766
0.17307 2.02701
0.16752 2.02694
0.16196 2.03079
0.16179 2.03085
0.16101 2.03350
0.15618 2.03312
0.15606 2.03314
0.15311 2.03157
0.14767 2.03363
0.14199 2.03570
0.14199 2.03570
0.13549 2.03609
0.12450 2.03819
0.12450 2.03819
0.12112 2.03789
0.11828 2.03968
0.11522 2.04082
0.11286 2.04263
0.11031 2.04425
0.10424 2.04171
0.09140 2.03981
0.08764 2.04070
0.08368 2.04335
0.08167 2.04428
0.07811 2.04559
0.07527 2.04689
0.07155 2.04706
0.06383 2.04937
0.06365 2.04941
0.06278 2.04913
0.05990 2.04779
0.05482 2.04727
0.04898 2.04808
0.04304 2.04696
0.03937 2.04666
0.03540 2.04763
0.03131 2.04778
0.02295 2.05272
0.02272 2.05281
0.01934 2.05333
0.01757 2.05264
0.01450 2.05168
0.01232 2.04993
0.00837 2.04924
0.00397 2.05026
-0.00161 2.05047
-0.00875 2.05164
-0.01117 2.05430
-0.01575 2.05675
-0.02101 2.05761
-0.02542 2.05707
-0.03145 2.05551
-0.03197 2.05395
-0.03453 2.05391
-0.03762 2.05320
-0.03913 2.05225
-0.04312 2.05005
-0.04779 2.05183
-0.05268 2.05314
-0.05790 2.05550
-0.06187 2.05603
-0.06558 2.05808
-0.07084 2.05807
-0.07418 2.05474
-0.07917 2.05079
-0.08336 2.04959
-0.08855 2.05139
-0.09170 2.05386
-0.09392 2.05424
-0.09528 2.05459
-0.09861 2.05076
-0.10275 2.04767
-0.10758 2.04715
-0.11278 2.05027
-0.11803 2.05197
-0.12120 2.05271
-0.12381 2.05058
-0.12689 2.05071
-0.13192 2.05109
-0.13587 2.05076
-0.13774 2.05029
-0.14589 2.05012
-0.15050 2.04565
-0.15142 2.04336
-0.15398 2.04262
-0.15672 2.04138
-0.16170 2.04313
-0.16657 2.04260
-0.17150 2.04319
-0.17531 2.04336
-0.17971 2.04239
-0.18243 2.04082
-0.18624 2.04002
-0.19022 2.04159
-0.19414 2.04012
-0.19919 2.03978
-0.20457 2.03936
-0.20992 2.03810
-0.21373 2.03981
-0.21728 2.04004
-0.22134 2.03700
-0.22401 2.03638
-0.22781 2.03469
-0.23198 2.03381
-0.23567 2.03360
-0.23819 2.03539
-0.24193 2.03321
-0.24567 2.03152
-0.25062 2.02993
-0.25447 2.03016
-0.26003 2.03048
-0.26350 2.03097
-0.26518 2.03006
-0.26687 2.02812
-0.27135 2.02531
-0.27541 2.02387
-0.27879 2.02160
-0.28118 2.02021
-0.28493 2.01999
-0.28757 2.01961
-0.29223 2.01878
-0.29840 2.01859
-0.30553 2.02006
-0.31097 2.02028
-0.31576 2.01804
-0.31898 2.01665
-0.32154 2.01573
-0.32516 2.01421
-0.32938 2.01226
-0.33153 2.01107
-0.33579 2.00960
-0.33989 2.00733
-0.34341 2.00603
-0.34460 2.00661
-0.34725 2.00663
-0.34911 2.00694
-0.35222 2.00528
-0.35657 2.00407
-0.36158 2.00195
-0.36482 1.99919
-0.36724 1.99822
-0.37010 1.99974
-0.37457 1.99711
-0.37637 1.99655
-0.38141 1.99436
-0.38341 1.99098
-0.38801 1.98874
-0.39391 1.98835
-0.39912 1.99001
-0.40555 1.99007
-0.41122 1.98822
-0.41671 1.98945
-0.41906 1.98613
-0.41904 1.98026
-0.42039 1.97743
-0.42420 1.97519
-0.42787 1.97765
-0.43382 1.97870
-0.43746 1.97657
-0.44123 1.97330
-0.44361 1.97088
-0.44651 1.96962
-0.44963 1.96904
-0.46086 1.96338
-0.46579 1.96200
-0.46955 1.96163
-0.47975 1.95283
-0.48310 1.94926
-0.48458 1.94858
-0.48958 1.94868
-0.49258 1.94636
-0.50263 1.94552
-0.50288 1.94549
-0.50684 1.94532
-0.50990 1.94328
-0.51350 1.93954
-0.51528 1.93649
-0.52485 1.93486
-0.52506 1.93479
-0.52753 1.93397
-0.53296 1.92487
-0.54503 1.92111
-0.54645 1.91887
-0.55010 1.91429
-0.55430 1.91090
-0.55997 1.90885
-0.56541 1.90961
-0.56887 1.91069
-0.57280 1.90898
-0.57863 1.90605
-0.58267 1.89596
-0.58146 1.89776
-0.58286 1.89578
-0.58484 1.89430
-0.59617 1.89003
-0.59909 1.88898
-0.60194 1.88613
-0.60534 1.88426
-0.60857 1.88060
-0.61479 1.87755
-0.61509 1.87737
-0.61607 1.87591
-0.62147 1.87117
-0.62147 1.87117
-0.62456 1.86859
-0.63391 1.86343
-0.63413 1.86333
-0.63818 1.86277
-0.64107 1.86219
-0.64307 1.85805
-0.64740 1.85401
-0.65115 1.85028
-0.65419 1.84929
-0.65626 1.84781
-0.66013 1.84625
-0.66398 1.84159
-0.66756 1.84093
-0.67079 1.83963
-0.67187 1.83796
-0.67657 1.83529
-0.67972 1.83090
-0.68096 1.82988
-0.68219 1.82737
-0.68461 1.82469
-0.68773 1.82215
-0.69146 1.82145
-0.69649 1.81995
-0.70075 1.81839
-0.70463 1.81603
-0.70896 1.81392
-0.70928 1.80916
-0.71115 1.80795
-0.71150 1.80276
-0.71158 1.79708
-0.71073 1.79175
-0.71179 1.78921
-0.71781 1.78820
-0.72392 1.78985
-0.73144 1.78847
-0.73786 1.78296
-0.74129 1.77730
-0.74301 1.77464
-0.74583 1.77317
-0.75157 1.77077
-0.75461 1.76988
-0.75722 1.76878
-0.75898 1.76625
-0.75854 1.76255
-0.75856 1.75844
-0.75994 1.75529
-0.76268 1.75149
-0.76472 1.74766
-0.76803 1.74535
-0.77198 1.74403
-0.77591 1.74075
-0.77947 1.73765
-0.78332 1.73617
-0.78696 1.73428
-0.79068 1.72979
-0.79124 1.72522
-0.79356 1.72095
-0.79531 1.71929
-0.79969 1.71855
-0.80312 1.71623
-0.80517 1.71458
-0.80695 1.71105
-0.80838 1.70851
-0.81115 1.70636
-0.81279 1.70415
-0.81541 1.70030
-0.81834 1.69763
-0.82045 1.69671
-0.82387 1.69349
-0.82542 1.69011
-0.82918 1.68642
-0.83269 1.67995
-0.83622 1.67570
-0.83707 1.67175
-0.83651 1.67204
-0.83752 1.67276
-0.84068 1.67261
-0.84352 1.66951
-0.84814 1.66319
-0.85144 1.65692
-0.85605 1.65050
-0.86058 1.64539
-0.86268 1.64340
-0.86322 1.64270
-0.86246 1.64362
-0.86229 1.64337
-0.86502 1.64043
-0.86875 1.63577
-0.87608 1.62491
-0.87608 1.62491
-0.87704 1.61856
-0.87974 1.61649
-0.88205 1.61367
-0.88606 1.61362
-0.89095 1.61237
-0.89102 1.61228
-0.89149 1.60794
-0.89272 1.59869
-0.89277 1.59845
-0.89469 1.59344
-0.89731 1.59058
-0.90001 1.58967
-0.90269 1.58666
-0.90504 1.58247
-0.90858 1.57813
-0.91382 1.57139
-0.91396 1.57121
-0.91782 1.56879
-0.92008 1.56670
-0.92053 1.56045
-0.92055 1.56029
-0.92156 1.55915
-0.92436 1.55833
-0.92721 1.55383
-0.92797 1.54684
-0.92869 1.54024
-0.93021 1.53705
-0.93159 1.53435
-0.93446 1.53396
-0.93703 1.53213
-0.93892 1.53188
-0.94315 1.52456
-0.94327 1.52440
-0.94446 1.52054
-0.94523 1.51566
-0.95342 1.50429
-0.95680 1.49878
-0.95688 1.49863
-0.96226 1.48426
-0.96518 1.47907
-0.96627 1.47621
-0.96617 1.47648
-0.96843 1.47405
-0.97198 1.47396
-0.97440 1.47029
-0.97519 1.46542
-0.97607 1.45900
-0.97836 1.45383
-0.97908 1.44949
-0.98097 1.44480
-0.98113 1.44260
-0.98282 1.43720
-0.98528 1.43241
-0.98738 1.42809
-0.98993 1.42408
-0.99320 1.42130
-0.99531 1.41909
-0.99557 1.41661
-0.99515 1.41291
-0.99633 1.40756
-0.99754 1.40081
-0.99811 1.39321
-0.99918 1.38887
-1.00360 1.38316
-1.00662 1.38166
-1.00801 1.38022
-1.00751 1.38148
-1.00586 1.37909
-1.00905 1.37216
-1.00911 1.37200
-1.01111 1.36763
-1.01323 1.36107
-1.01663 1.35676
-1.01765 1.35228
-1.01500 1.34953
-1.01531 1.34680
-1.01645 1.34405
-1.01750 1.34195
-1.01844 1.33635
-1.02089 1.33184
-1.02190 1.32731
-1.02443 1.32248
-1.02556 1.31771
-1.02800 1.31559
-1.03293 1.31369
-1.03334 1.31280
-1.03427 1.30905
-1.03344 1.30506
-1.03303 1.29878
-1.03380 1.29489
-1.03530 1.29044
-1.04030 1.28775
-1.04194 1.28399
-1.04184 1.28129
-1.04250 1.27722
-1.04200 1.27345
-1.04224 1.26936
-1.04241 1.26613
-1.04324 1.26338
-1.04451 1.26017
-1.04541 1.25653
-1.04610 1.24976
-1.04595 1.24453
-1.04777 1.24121
-1.04930 1.23784
-1.05236 1.23466
-1.05412 1.23293
-1.05537 1.22953
-1.05438 1.22390
-1.05319 1.21811
-1.05251 1.21165
-1.05379 1.20822
-1.05439 1.20613
-1.05600 1.20280
-1.05773 1.19966
-1.05878 1.19726
-1.06071 1.19383
-1.06041 1.18912
-1.06125 1.18602
-1.06294 1.18078
-1.06334 1.17652
-1.06379 1.17228
-1.06197 1.16804
-1.06232 1.16285
-1.06299 1.15766
-1.06391 1.15428
-1.06484 1.15008
-1.06712 1.14749
-1.06954 1.14631
-1.06839 1.14524
-1.06660 1.14377
-1.06575 1.14079
-1.06545 1.13630
-1.06504 1.12960
-1.06665 1.12001
-1.06936 1.11102
-1.07084 1.10632
-1.07257 1.10419
-1.07332 1.10819
-1.07426 1.10863
-1.07157 1.10812
-1.07198 1.10036
-1.07236 1.09654
-1.07041 1.08575
-1.06938 1.07999
-1.06932 1.07565
-1.07066 1.07291
-1.07184 1.06937
-1.07233 1.06619
-1.07162 1.06405
-1.07131 1.06117
-1.07151 1.05736
-1.07180 1.05373
-1.07183 1.04963
-1.07199 1.04463
-1.07293 1.03786
-1.07444 1.03320
-1.07526 1.03131
-1.07477 1.02893
-1.07402 1.02603
-1.07359 1.02327
-1.07186 1.01827
-1.07204 1.01362
-1.07229 1.00862
-1.07254 1.00359
-1.07074 0.99960
-1.07087 0.99573
-1.07155 0.98995
-1.07235 0.98527
-1.07194 0.97997
-1.07094 0.97658
-1.06963 0.97269
-1.06773 0.97064
-1.06528 0.96686
-1.06524 0.96675
-1.06642 0.96219
-1.06910 0.95847
-1.07222 0.94940
-1.07229 0.94916
-1.06861 0.94013
-1.06378 0.93216
-1.06369 0.93194
-1.06365 0.93275
-1.06409 0.93252
-1.06524 0.92919
-1.06801 0.92549
-1.06737 0.91828
-1.06481 0.91258
-1.06181 0.90774
-1.06156 0.90486
-1.06256 0.90011
-1.06480 0.89620
-1.06609 0.89474
-1.06449 0.89169
-1.06123 0.89097
-1.05981 0.88929
-1.05883 0.88262
-1.05877 0.87864
-1.05805 0.87474
-1.05580 0.86961
-1.05617 0.86337
-1.05589 0.85908
-1.05669 0.85542
-1.05642 0.85114
-1.05470 0.84829
-1.05325 0.84307
-1.05119 0.83919
-1.04982 0.83702
-1.05077 0.83335
-1.05181 0.83060
-1.05307 0.82552
-1.05157 0.82092
-1.05115 0.81835
-1.04956 0.81355
-1.04646 0.80473
-1.04577 0.80031
-1.04543 0.79779
-1.04386 0.79476
-1.04334 0.78910
-1.04284 0.78422
-1.03718 0.77239
-1.03704 0.77211
-1.03521 0.77058
-1.03440 0.77005
-1.03645 0.77039
-1.03637 0.76972
-1.03546 0.75758
-1.03544 0.75729
-1.03189 0.75178
-1.03040 0.74707
-1.02990 0.74363
-1.02890 0.73634
-1.02861 0.73177
-1.02644 0.72767
-1.02593 0.72387
-1.02762 0.71978
-1.02570 0.71457
-1.01939 0.70701
-1.01695 0.70373
-1.01516 0.70044
-1.01462 0.69648
-1.01538 0.69316
-1.01554 0.69089
-1.01577 0.68952
-1.01292 0.68734
-1.00872 0.68388
-1.00448 0.67606
-1.00265 0.66929
-1.00177 0.66054
-1.00177 0.65569
-1.00187 0.65460
-1.00127 0.65432
-0.99987 0.65244
-0.99678 0.64961
-0.99353 0.64463
-0.99069 0.63724
-0.98919 0.63220
-0.98950 0.62791
-0.99045 0.62626
-0.99069 0.62386
-0.98921 0.62371
-0.98637 0.62071
-0.98399 0.61743
-0.98146 0.61363
-0.98000 0.60651
-0.97710 0.59535
-0.97567 0.58917
-0.97523 0.58532
-0.97605 0.58563
-0.97628 0.58886
-0.97538 0.59125
-0.97533 0.59054
-0.97434 0.58814
-0.97041 0.58163
-0.96915 0.57387
-0.96587 0.56321
-0.96019 0.55766
-0.95653 0.54856
-0.95676 0.54826
-0.95652 0.54801
-0.95469 0.54674
-0.95336 0.54419
-0.95372 0.54329
-0.95148 0.53927
-0.94768 0.53398
-0.94631 0.52780
-0.94612 0.52207
-0.94514 0.51955
-0.94261 0.51483
-0.93737 0.51061
-0.93505 0.50798
-0.93375 0.50714
-0.93452 0.50547
-0.93263 0.50382
-0.92776 0.50221
-0.92363 0.50068
-0.91822 0.49436
-0.92001 0.48722
-0.91962 0.48056
-0.91803 0.47583
-0.91479 0.46942
-0.91108 0.46445
-0.90904 0.46415
-0.91002 0.46486
-0.91000 0.46534
-0.90591 0.46020
-0.90378 0.45724
-0.89965 0.45380
-0.89671 0.45098
-0.89204 0.44816
-0.89030 0.44695
-0.88750 0.44314
-0.88661 0.43951
-0.88741 0.43620
-0.88591 0.43031
-0.88534 0.42533
-0.88245 0.42141
-0.88000 0.41813
-0.87696 0.41554
-0.87310 0.41340
-0.87135 0.41077
-0.87047 0.40857
-0.86931 0.40594
-0.86798 0.40389
-0.86420 0.40164
-0.85609 0.39778
-0.85591 0.39767
-0.85297 0.39542
-0.85041 0.39183
-0.84972 0.38806
-0.84864 0.38390
-0.83892 0.36564
-0.83610 0.36046
-0.83601 0.36032
-0.83430 0.35951
-0.83287 0.35492
-0.82675 0.35016
-0.82662 0.35004
-0.82532 0.34786
-0.82045 0.34575
-0.82033 0.34569
-0.81780 0.34521
-0.81428 0.34372
-0.81076 0.34052
-0.80838 0.33637
-0.80489 0.32950
-0.79940 0.32563
-0.79335 0.31689
-0.79219 0.31377
-0.79168 0.31273
-0.78557 0.30530
-0.78544 0.30512
-0.78131 0.30125
-0.77841 0.29686
-0.76919 0.28971
-0.76621 0.28872
-0.76244 0.28715
-0.75714 0.28636
-0.75702 0.28634
-0.75488 0.28387
-0.75144 0.27926
-0.74838 0.27472
-0.74563 0.27053
-0.74293 0.26645
-0.73995 0.26256
-0.73842 0.26067
-0.73678 0.25812
-0.73380 0.25494
-0.73080 0.25290
-0.72995 0.25145
-0.72803 0.25020
-0.72442 0.24841
-0.71555 0.24481
-0.71532 0.24469
-0.71270 0.24247
-0.71010 0.23830
-0.70694 0.23251
-0.70686 0.23235
-0.70481 0.22902
-0.70136 0.22594
-0.69656 0.22415
-0.69244 0.22265
-0.68684 0.21903
-0.68523 0.21759
-0.68420 0.21678
-0.68323 0.21471
-0.68027 0.21332
-0.67754 0.21021
-0.67531 0.20887
-0.67170 0.20792
-0.66867 0.20517
-0.66512 0.20357
-0.66187 0.20021
-0.65809 0.19790
-0.65693 0.19401
-0.65353 0.19117
-0.65070 0.18783
-0.64662 0.18391
-0.64288 0.18336
-0.63959 0.18144
-0.63698 0.18105
-0.63331 0.17975
-0.62865 0.17994
-0.62636 0.17683
-0.62429 0.17175
-0.62351 0.16792
-0.62232 0.16444
-0.61745 0.16683
-0.61017 0.16478
-0.60511 0.16461
-0.60171 0.16068
-0.59796 0.15362
-0.59619 0.15001
-0.59441 0.14626
-0.59277 0.14297
-0.58859 0.14010
-0.58493 0.14084
-0.58002 0.14086
-0.57626 0.14109
-0.57356 0.13964
-0.57182 0.13781
-0.56876 0.13702
-0.56417 0.13640
-0.55893 0.13478
-0.55460 0.13199
-0.55148 0.12750
-0.54870 0.12531
-0.54680 0.12496
-0.54356 0.12369
-0.54106 0.12105
-0.53874 0.12010
-0.53454 0.11700
-0.53204 0.11468
-0.52916 0.11223
-0.52629 0.11115
-0.52173 0.11348
-0.51796 0.11388
-0.51450 0.11217
-0.51041 0.10911
-0.50518 0.10577
-0.49962 0.10303
-0.49646 0.10163
-0.49396 0.10075
-0.49137 0.09784
-0.48860 0.09568
-0.48666 0.09324
-0.48407 0.09149
-0.48140 0.09012
-0.47718 0.09144
-0.47186 0.09050
-0.46926 0.08847
-0.46597 0.08472
-0.46301 0.08244
-0.45816 0.08035
-0.45380 0.07804
-0.44984 0.07666
-0.44603 0.07609
-0.44349 0.07379
-0.44200 0.07378
-0.43892 0.07068
-0.43750 0.07172
-0.43220 0.06907
-0.42488 0.07046
-0.41742 0.06841
-0.41286 0.06669
-0.41165 0.06325
-0.41166 0.06003
-0.41203 0.05796
-0.40602 0.05858
-0.40007 0.05906
-0.39568 0.05861
-0.39097 0.05830
-0.38671 0.05702
-0.38280 0.05486
-0.38050 0.05219
-0.37839 0.04969
-0.37626 0.04704
-0.37324 0.04548
-0.36875 0.04649
-0.36333 0.04647
-0.35810 0.04552
-0.35325 0.04573
-0.34999 0.04621
-0.34677 0.04361
-0.34522 0.03968
-0.34198 0.03778
-0.34027 0.03635
-0.33785 0.03521
-0.32818 0.03549
-0.32794 0.03550
-0.32545 0.03721
-0.32146 0.03522
-0.31690 0.03191
-0.30776 0.02428
-0.30451 0.02493
-0.30080 0.02662
-0.29497 0.02640
-0.29064 0.02599
-0.28732 0.02553
-0.28277 0.02248
-0.28020 0.01976
-0.27457 0.01785
-0.27442 0.01780
-0.27043 0.01725
-0.26581 0.01720
-0.25832 0.01638
-0.25813 0.01635
-0.25616 0.01608
-0.25271 0.01767
-0.24896 0.01696
-0.23855 0.01453
-0.23830 0.01450
-0.23313 0.01256
-0.23073 0.00881
-0.22876 0.00711
-0.22406 0.00793
-0.22229 0.00895
-0.21990 0.00944
-0.21715 0.00964
-0.21449 0.00990
-0.20896 0.00724
-0.20290 0.00460
-0.19798 0.00441
-0.19354 0.00516
-0.19005 0.00567
-0.18639 0.00658
-0.18227 0.00473
-0.17930 0.00346
-0.17617 0.00175
-0.17030 0.00254
-0.17017 0.00255
-0.16630 0.00198
-0.15582 0.00055
-0.15529 0.00049
-0.15009 -0.00013
-0.14189 -0.00093
-0.14168 -0.00092
-0.13934 -0.00065
-0.13656 -0.00059
-0.13323 0.00102
-0.12431 0.00153
-0.12431 0.00153
-0.11978 0.00054
-0.11397 -0.00229
-0.11089 -0.00506
-0.10361 -0.00478
-0.10324 -0.00478
-0.10019 -0.00468
-0.09889 -0.00310
-0.09375 -0.00282
-0.09098 -0.00427
-0.08623 -0.00587
-0.08141 -0.00643
-0.07663 -0.00559
-0.07228 -0.00469
-0.06866 -0.00452
-0.06575 -0.00398
-0.06229 -0.00419
-0.05840 -0.00496
-0.05420 -0.00551
-0.04908 -0.00668
-0.04400 -0.00618
-0.04121 -0.00479
-0.03923 -0.00224
-0.03679 -0.00235
-0.03343 -0.00387
-0.02753 -0.00435
-0.02460 -0.00346
-0.02100 -0.00316
-0.01632 -0.00227
-0.01172 -0.00239
-0.00700 -0.00204
-0.01444 -0.00270
-0.01488 -0.00304
-0.01562 -0.00330
-0.02327 -0.00420
-0.02077 -0.00487
-0.01694 -0.00442
-0.01308 -0.00338
-0.01117 -0.00195
-0.01269 -0.00149
-0.01642 -0.00091
-0.02220 -0.00097
-0.02478 -0.00327
-0.02474 -0.00515
-0.02352 -0.00574
-0.02140 -0.00549
-0.01787 -0.00342
-0.01560 -0.00219
-0.01563 -0.00223
-0.01661 -0.00228
-0.01803 -0.00177
-0.01941 -0.00056
-0.01951 -0.00271
-0.01822 -0.00493
-0.01911 -0.00628
-0.01984 -0.00559
-0.02114 -0.00502
-0.02232 -0.00505
-0.02158 -0.00319
-0.02084 -0.00252
-0.01921 -0.00225
