-0.01721 0.00976
-0.01599 0.01023
-0.01620 0.00912
-0.01733 0.01066
-0.01735 0.01069
-0.01772 0.01054
-0.01750 0.00991
-0.01695 0.00956
-0.01687 0.00570
-0.01688 0.00561
-0.01706 0.00741
-0.01762 0.00928
-0.01724 0.01166
-0.01642 0.01157
-0.01581 0.01100
-0.01723 0.00941
-0.01814 0.00926
-0.01906 0.00989
-0.01769 0.01182
-0.01767 0.01187
-0.01686 0.01139
-0.01667 0.01029
-0.01617 0.01028
-0.01693 0.01014
-0.01772 0.00932
-0.01770 0.01016
-0.01635 0.00909
-0.01586 0.00807
-0.01546 0.00803
-0.01655 0.00741
-0.01550 0.00944
-0.01751 0.00981
-0.01857 0.01114
-0.01835 0.01185
-0.01663 0.01158
-0.01629 0.01168
-0.01670 0.00995
-0.01733 0.00847
-0.01771 0.00737
-0.01721 0.00899
-0.01702 0.00852
-0.01681 0.00886
-0.01645 0.00877
-0.01649 0.00946
-0.01562 0.01107
-0.01617 0.01184
-0.01674 0.01122
-0.01600 0.01098
-0.01577 0.01057
-0.01632 0.00975
-0.01705 0.00960
-0.01714 0.01086
-0.01713 0.01048
-0.01635 0.01090
-0.01635 0.01065
-0.01618 0.01019
-0.01602 0.00983
-0.01317 0.00938
-0.00833 0.00951
-0.00397 0.00858
0.00036 0.00872
0.00471 0.00846
0.00940 0.00903
0.01688 0.01036
0.02235 0.01115
0.02571 0.01365
0.02751 0.01332
0.03083 0.01307
0.03361 0.01336
0.03796 0.01374
0.04220 0.01398
0.04422 0.01353
0.04641 0.01446
0.04789 0.01571
0.05141 0.01579
0.05616 0.01678
0.06240 0.01501
0.06703 0.01597
0.07234 0.01604
0.07649 0.01777
0.07975 0.01920
0.08218 0.01963
0.08521 0.02297
0.08832 0.02420
0.09236 0.02537
0.09680 0.02600
0.10138 0.02329
0.10574 0.02257
0.10954 0.02408
0.11166 0.02404
0.11766 0.02255
0.12014 0.02355
0.12294 0.02451
0.12773 0.02769
0.13249 0.03123
0.13620 0.03189
0.14044 0.03349
0.14475 0.03458
0.14835 0.03376
0.15249 0.03397
0.15574 0.03396
0.15845 0.03433
0.16048 0.03513
0.16252 0.03575
0.16580 0.03531
0.16999 0.03608
0.17509 0.03822
0.18189 0.04045
0.18715 0.04077
0.19119 0.04180
0.19409 0.04393
0.19737 0.04524
0.20008 0.04603
0.20351 0.04770
0.20694 0.04846
0.21056 0.04857
0.21348 0.04922
0.21716 0.04963
0.21994 0.04983
0.22342 0.05100
0.22757 0.05182
0.23111 0.05252
0.23503 0.05272
0.24624 0.05575
0.24653 0.05581
0.25038 0.05843
0.25684 0.06286
0.25702 0.06296
0.25892 0.06390
0.26259 0.06448
0.26633 0.06354
0.27451 0.06710
0.27471 0.06718
0.27935 0.06901
0.28238 0.06917
0.28838 0.07009
0.28853 0.07012
0.29304 0.07235
0.29739 0.07521
0.30068 0.07791
0.30250 0.07966
0.30570 0.08212
0.31549 0.08458
0.31573 0.08464
0.31899 0.08540
0.32271 0.08504
0.32682 0.08662
0.32996 0.08859
0.33404 0.09046
0.33790 0.09108
0.34142 0.09252
0.34551 0.09555
0.34796 0.09869
0.35023 0.09731
0.35369 0.09781
0.35678 0.09897
0.36941 0.10408
0.37306 0.10856
0.37374 0.11154
0.37560 0.11218
0.38387 0.11207
0.38615 0.11213
0.39216 0.11335
0.39717 0.11540
0.40176 0.11833
0.40500 0.12056
0.40769 0.12238
0.41082 0.12505
0.41257 0.12576
0.41490 0.12690
0.41654 0.12832
0.41957 0.12985
0.42417 0.13157
0.43382 0.13561
0.43407 0.13569
0.43782 0.13777
0.44065 0.13875
0.44360 0.13985
0.44526 0.14145
0.45087 0.14688
0.45102 0.14703
0.45388 0.15150
0.45760 0.15383
0.46488 0.15652
0.46507 0.15659
0.46941 0.15637
0.47302 0.15818
0.47721 0.16046
0.48090 0.16152
0.48426 0.16299
0.48772 0.16754
0.49061 0.17062
0.49352 0.17160
0.49528 0.17290
0.49713 0.17413
0.50370 0.17799
0.50685 0.18263
0.50989 0.18680
0.51242 0.18881
0.51534 0.18979
0.51767 0.19114
0.51984 0.19166
0.52402 0.19339
0.52870 0.19478
0.53329 0.19902
0.53580 0.20233
0.53842 0.20603
0.53958 0.20623
0.54147 0.20601
0.54349 0.20600
0.54541 0.20758
0.54771 0.20791
0.55112 0.21154
0.55623 0.21720
0.56122 0.22215
0.56919 0.22729
0.57348 0.23214
0.57751 0.23331
0.57966 0.23443
0.58108 0.23401
0.58249 0.23684
0.58306 0.24018
0.58532 0.24205
0.58882 0.24263
0.59179 0.24303
0.59577 0.24456
0.59942 0.24821
0.60235 0.25088
0.60569 0.25439
0.60928 0.25785
0.61241 0.26102
0.61447 0.26367
0.61780 0.26451
0.62063 0.26387
0.62414 0.26783
0.62716 0.26972
0.62955 0.27313
0.63121 0.27599
0.63294 0.27833
0.63653 0.28139
0.64123 0.28426
0.64526 0.28529
0.64898 0.28907
0.65172 0.29388
0.65383 0.29946
0.65551 0.30376
0.65742 0.30521
0.66067 0.30613
0.66415 0.30735
0.66657 0.30898
0.66824 0.31300
0.67074 0.31450
0.67311 0.31845
0.67626 0.32109
0.67953 0.32530
0.68335 0.32843
0.68820 0.33346
0.69173 0.33692
0.69344 0.33786
0.69426 0.33845
0.69575 0.33970
0.69721 0.34216
0.70145 0.34461
0.70553 0.35106
0.70979 0.35576
0.71268 0.35805
0.71450 0.36085
0.71741 0.36407
0.72139 0.36624
0.72410 0.36917
0.72532 0.37082
0.72710 0.37463
0.72908 0.37695
0.73153 0.38010
0.73490 0.38179
0.73693 0.38284
0.74019 0.38752
0.74356 0.39119
0.74511 0.39483
0.74664 0.39921
0.74980 0.40225
0.75229 0.40624
0.75332 0.40932
0.75595 0.40895
0.75904 0.41250
0.76246 0.41564
0.76486 0.41916
0.76764 0.42324
0.76983 0.42673
0.77123 0.43101
0.77381 0.43353
0.78220 0.44419
0.78062 0.44313
0.78171 0.44313
0.78338 0.44495
0.78539 0.44660
0.78593 0.45044
0.78716 0.45305
0.79041 0.45788
0.79047 0.45800
0.79265 0.46157
0.79916 0.47113
0.79933 0.47135
0.80309 0.47526
0.80650 0.47854
0.80781 0.48219
0.81085 0.48869
0.81625 0.49940
0.82005 0.50500
0.82546 0.51165
0.82560 0.51184
0.82961 0.51451
0.83069 0.51795
0.83256 0.52103
0.83443 0.52328
0.83495 0.52465
0.83573 0.52674
0.84043 0.53583
0.84059 0.53610
0.84278 0.53917
0.84438 0.54170
0.84540 0.54520
0.84802 0.55084
0.84939 0.55717
0.85059 0.56054
0.85323 0.56472
0.85514 0.56737
0.85800 0.57406
0.85980 0.57654
0.86162 0.58237
0.86522 0.58774
0.87296 0.59369
0.87445 0.59933
0.87624 0.60891
0.87628 0.60914
0.87687 0.61304
0.88048 0.62069
0.88057 0.62089
0.88340 0.62288
0.88497 0.62966
0.88502 0.62985
0.88517 0.63185
0.88857 0.63658
0.89124 0.64148
0.89445 0.64943
0.89454 0.64965
0.89435 0.65315
0.89517 0.65717
0.89839 0.65963
0.90032 0.66185
0.90122 0.66404
0.90063 0.66637
0.90162 0.66897
0.90223 0.67215
0.90442 0.67555
0.90808 0.68134
0.91082 0.68904
0.91255 0.69433
0.91281 0.69916
0.91463 0.70092
0.91536 0.70151
0.91528 0.70205
0.91703 0.70453
0.91871 0.70749
0.91892 0.71203
0.91830 0.71503
0.91864 0.72186
0.92186 0.72774
0.92323 0.72910
0.92274 0.73308
0.92424 0.73612
0.92695 0.74009
0.92872 0.74650
0.92917 0.75079
0.92985 0.75517
0.93006 0.75625
0.93311 0.76016
0.93295 0.76237
0.93259 0.76412
0.93142 0.76917
0.93149 0.77292
0.93622 0.77686
0.93946 0.78174
0.94173 0.78522
0.93944 0.79198
0.93672 0.79712
0.93637 0.80189
0.93760 0.80737
0.93924 0.81035
0.94210 0.81240
0.94447 0.81487
0.94365 0.81517
0.94301 0.81935
0.94289 0.82205
0.94272 0.82610
0.94386 0.83122
0.94892 0.83740
0.94973 0.84240
0.95115 0.84640
0.95134 0.84941
0.95187 0.85169
0.95150 0.85607
0.95123 0.86159
0.95239 0.86542
0.95391 0.86872
0.95453 0.87173
0.95461 0.87400
0.95577 0.87682
0.95534 0.88191
0.95608 0.88647
0.95598 0.88978
0.95684 0.89393
0.95785 0.89834
0.95734 0.90463
0.95816 0.91049
0.95911 0.91475
0.95833 0.91764
0.95822 0.92111
0.95913 0.92265
0.96128 0.92481
0.96136 0.92778
0.96051 0.93213
0.96059 0.93704
0.96085 0.94207
0.96056 0.94562
0.96234 0.94765
0.96415 0.95057
0.96413 0.95557
0.96388 0.96124
0.96412 0.96862
0.96590 0.97071
0.96663 0.97437
0.96600 0.97719
0.96687 0.98085
0.96759 0.98512
0.96699 0.98947
0.96683 0.99555
0.96379 1.00059
0.96378 1.00387
0.96669 1.00580
0.96719 1.00831
0.96448 1.01102
0.96522 1.01400
0.96596 1.02401
0.96825 1.02858
0.97002 1.03439
0.96560 1.05177
0.96774 1.05303
0.96842 1.05572
0.96968 1.05826
0.96787 1.06175
0.96599 1.06524
0.96482 1.06895
0.96390 1.07316
0.96640 1.07836
0.96707 1.08835
0.96709 1.08861
0.96553 1.09391
0.96568 1.09701
0.96598 1.10177
0.96606 1.10696
0.96635 1.11320
0.96523 1.12237
0.96521 1.12260
0.96159 1.13386
0.96315 1.13822
0.96338 1.14256
0.96292 1.15608
0.96176 1.16815
0.96095 1.17306
0.96065 1.17703
0.95820 1.18569
0.95815 1.19006
0.95800 1.19389
0.95709 1.19756
0.95472 1.20189
0.95374 1.20519
0.95310 1.20744
0.95362 1.21126
0.95280 1.21913
0.95278 1.21933
0.95220 1.22376
0.95155 1.22762
0.95183 1.23234
0.95056 1.23596
0.94734 1.24243
0.94604 1.24280
0.94534 1.25334
0.94531 1.25357
0.94353 1.26008
0.94345 1.26744
0.94496 1.27267
0.94567 1.27706
0.94546 1.27967
0.94173 1.28039
0.93779 1.28403
0.93362 1.28547
0.93259 1.28667
0.93365 1.29131
0.93394 1.29151
0.93340 1.29712
0.93281 1.30445
0.93105 1.30862
0.92728 1.31089
0.92853 1.31378
0.92705 1.31623
0.92502 1.32286
0.92512 1.32889
0.92389 1.33379
0.92331 1.34176
0.92392 1.34588
0.92341 1.34679
0.92148 1.34860
0.91932 1.34946
0.91513 1.35322
0.91387 1.35506
0.91294 1.36103
0.91422 1.36832
0.91280 1.37329
0.91229 1.37723
0.91445 1.38285
0.91011 1.38790
0.90759 1.39002
0.90432 1.39208
0.90507 1.39564
0.90644 1.39823
0.90537 1.39878
0.90410 1.40148
0.90232 1.40504
0.89962 1.40991
0.89856 1.41692
0.89745 1.42417
0.89662 1.42979
0.89487 1.43211
0.89349 1.43399
0.89166 1.43379
0.89019 1.43719
0.88717 1.44218
0.88387 1.44647
0.88188 1.45237
0.88168 1.45708
0.88133 1.45929
0.88012 1.46234
0.87855 1.46595
0.87466 1.46973
0.87099 1.47491
0.86871 1.48090
0.86737 1.48727
0.86742 1.49147
0.86652 1.49444
0.86838 1.49564
0.86724 1.49927
0.86544 1.50402
0.86191 1.50714
0.85570 1.51091
0.85169 1.51259
0.85123 1.51293
0.85194 1.51687
0.85202 1.52052
0.85117 1.52451
0.85057 1.52660
0.84727 1.52944
0.84584 1.53292
0.84281 1.53618
0.84116 1.54105
0.83763 1.54607
0.83703 1.55006
0.83423 1.55755
0.83110 1.56169
0.83155 1.56540
0.83236 1.56767
0.82956 1.57002
0.82854 1.57256
0.82551 1.57633
0.82233 1.57813
0.81939 1.57968
0.81813 1.58104
0.81657 1.58335
0.81259 1.58699
0.80898 1.59077
0.80742 1.59500
0.80793 1.59966
0.80774 1.60676
0.80523 1.61108
0.80126 1.61246
0.79781 1.61486
0.79326 1.61576
0.79069 1.61831
0.79035 1.62270
0.78926 1.62535
0.78852 1.62833
0.78678 1.63089
0.78227 1.63345
0.77882 1.63661
0.77693 1.64082
0.77433 1.64582
0.77426 1.64594
0.77417 1.65032
0.77191 1.65456
0.76895 1.65772
0.76582 1.66097
0.76216 1.66404
0.75952 1.66606
0.75759 1.66848
0.75463 1.67148
0.75189 1.67469
0.75070 1.67880
0.75012 1.68008
0.74849 1.68356
0.74467 1.68979
0.74133 1.69548
0.73593 1.70068
0.73542 1.70286
0.73383 1.70621
0.73009 1.70678
0.72788 1.70792
0.72481 1.70924
0.72204 1.71112
0.71955 1.71256
0.71898 1.71383
0.71720 1.71636
0.71698 1.71867
0.71281 1.72171
0.70869 1.72844
0.70499 1.73200
0.70166 1.74039
0.70156 1.74060
0.70014 1.74198
0.69374 1.74455
0.69358 1.74464
0.68939 1.74538
0.68419 1.74900
0.67984 1.75305
0.67680 1.75996
0.67670 1.76011
0.67760 1.75895
0.67676 1.75711
0.67423 1.75742
0.67029 1.76171
0.66373 1.76664
0.66080 1.77293
0.65648 1.77695
0.65466 1.78080
0.65192 1.78454
0.65216 1.78868
0.64881 1.79188
0.64929 1.79364
0.64683 1.79490
0.64268 1.79717
0.63754 1.79841
0.63140 1.80045
0.62747 1.80426
0.62744 1.80761
0.62526 1.81005
0.62456 1.81132
0.61985 1.81376
0.61972 1.81384
0.61591 1.81467
0.61314 1.81679
0.60870 1.82031
0.60496 1.82368
0.60203 1.82796
0.60058 1.83388
0.59476 1.84147
0.59462 1.84167
0.58998 1.84413
0.58414 1.84753
0.58289 1.84954
0.57946 1.85162
0.57696 1.85474
0.57074 1.85727
0.56436 1.85971
0.55927 1.86329
0.55503 1.86871
0.55335 1.87149
0.55406 1.87282
0.55206 1.87575
0.54807 1.87603
0.54411 1.87701
0.54137 1.87679
0.53778 1.87817
0.53349 1.88024
0.53157 1.87995
0.52844 1.87970
0.52693 1.88172
0.52608 1.88422
0.52408 1.88878
0.51951 1.89518
0.51275 1.90231
0.50796 1.90579
0.50353 1.90892
0.50027 1.90990
0.49859 1.90907
0.49429 1.90883
0.49494 1.90906
0.49228 1.91022
0.48792 1.91226
0.48512 1.91542
0.48179 1.91781
0.47932 1.91722
0.47632 1.91786
0.47197 1.92310
0.46833 1.93035
0.46417 1.93518
0.46139 1.93721
0.45697 1.93966
0.45248 1.94140
0.44939 1.94108
0.44857 1.94016
0.44683 1.94194
0.44248 1.94282
0.43765 1.94448
0.43303 1.94472
0.42856 1.94574
0.42617 1.94691
0.42357 1.94770
0.42006 1.95153
0.41597 1.95483
0.41258 1.96059
0.40791 1.96611
0.40148 1.96833
0.39587 1.96812
0.39253 1.96598
0.39154 1.96683
0.39036 1.96808
0.38954 1.96927
0.38741 1.97002
0.38282 1.97355
0.37823 1.97669
0.37269 1.97942
0.36769 1.98134
0.36260 1.98258
0.35913 1.98253
0.35658 1.98499
0.35328 1.98787
0.35000 1.99066
0.34713 1.99267
0.34372 1.99394
0.33979 1.99565
0.33495 1.99654
0.32865 1.99866
0.32363 1.99963
0.32061 2.00200
0.31882 2.00282
0.31722 2.00381
0.31442 2.00529
0.31095 2.00534
0.30875 2.00601
0.30541 2.00816
0.30052 2.00933
0.29499 2.01226
0.29008 2.01435
0.28654 2.01632
0.28553 2.01711
0.28409 2.01738
0.27943 2.02062
0.27417 2.02116
0.26917 2.02160
0.26392 2.02152
0.26164 2.02097
0.26002 2.02151
0.25777 2.02252
0.25204 2.02509
0.24975 2.02793
0.24793 2.03067
0.24378 2.03121
0.23766 2.03119
0.22820 2.03351
0.22459 2.03571
0.22189 2.03701
0.21592 2.03825
0.21577 2.03831
0.20983 2.03781
0.19448 2.04188
0.19060 2.04416
0.18465 2.04517
0.18450 2.04520
0.18171 2.04519
0.17860 2.04576
0.17489 2.04577
0.16958 2.04887
0.16942 2.04894
0.16309 2.05090
0.15070 2.05069
0.15033 2.05069
0.14596 2.05372
0.13980 2.05440
0.13960 2.05443
0.13483 2.05441
0.13075 2.05612
0.12674 2.05674
0.12395 2.05657
0.12376 2.05658
0.12014 2.05788
0.12003 2.05789
0.11414 2.05873
0.10806 2.06151
0.09672 2.06716
0.09648 2.06728
0.09095 2.06849
0.08767 2.06750
0.08224 2.06498
0.08207 2.06494
0.08026 2.06477
0.07960 2.06563
0.07854 2.06641
0.07470 2.06699
0.06370 2.06596
0.06345 2.06595
0.05829 2.06596
0.05236 2.06504
0.04667 2.06962
0.04060 2.07283
0.03350 2.07166
0.03095 2.07146
0.02167 2.06862
0.01703 2.07048
0.01202 2.07269
-0.00074 2.07575
-0.00106 2.07581
-0.00705 2.07554
-0.01159 2.07611
-0.01438 2.07632
-0.01738 2.07486
-0.01746 2.07485
-0.02037 2.07505
-0.02300 2.07487
-0.03002 2.07378
-0.03021 2.07373
-0.03641 2.07440
-0.04338 2.07495
-0.04811 2.07540
-0.05466 2.07475
-0.05858 2.07516
-0.05960 2.07613
-0.06059 2.07677
-0.06246 2.07700
-0.06797 2.07666
-0.07351 2.07603
-0.07772 2.07587
-0.08226 2.07450
-0.08354 2.07520
-0.08640 2.07496
-0.08829 2.07446
-0.09165 2.07520
-0.09686 2.07506
-0.10287 2.07413
-0.10865 2.07579
-0.11693 2.07508
-0.12291 2.07626
-0.12703 2.07603
-0.13068 2.07654
-0.13112 2.07624
-0.13060 2.07448
-0.13485 2.07341
-0.14080 2.07008
-0.14902 2.07003
-0.15348 2.07145
-0.15557 2.07202
-0.15618 2.07375
-0.15704 2.07075
-0.15892 2.06767
-0.16519 2.06571
-0.16838 2.06635
-0.17410 2.06559
-0.17759 2.06787
-0.18017 2.06802
-0.18552 2.06923
-0.19084 2.06866
-0.19749 2.06698
-0.20140 2.06677
-0.20525 2.06641
-0.20812 2.06539
-0.20911 2.06552
-0.21136 2.06545
-0.21360 2.06343
-0.21676 2.06231
-0.22097 2.05957
-0.22706 2.05802
-0.23314 2.05949
-0.23879 2.05918
-0.24318 2.05835
-0.24744 2.05791
-0.25096 2.05895
-0.25428 2.05832
-0.25833 2.05755
-0.26347 2.05686
-0.27111 2.05040
-0.27582 2.04600
-0.27888 2.04530
-0.28127 2.04693
-0.28205 2.04837
-0.28220 2.04775
-0.28542 2.04561
-0.28943 2.04489
-0.29261 2.04371
-0.29650 2.04235
-0.29914 2.04181
-0.30328 2.04130
-0.30881 2.03891
-0.31471 2.03728
-0.31964 2.03768
-0.32610 2.03879
-0.33094 2.04029
-0.33479 2.03951
-0.33871 2.03813
-0.34259 2.03603
-0.34629 2.03421
-0.34999 2.03433
-0.35483 2.03207
-0.35671 2.03151
-0.35792 2.03058
-0.35973 2.02852
-0.36273 2.02560
-0.36619 2.02268
-0.37096 2.02160
-0.37342 2.02230
-0.38276 2.01974
-0.38597 2.01945
-0.39265 2.01863
-0.39742 2.01699
-0.40188 2.01284
-0.40586 2.01019
-0.40851 2.00850
-0.41180 2.00655
-0.41437 2.00527
-0.42012 2.00694
-0.42404 2.00610
-0.43251 2.00288
-0.43274 2.00278
-0.43634 2.00187
-0.43946 2.00051
-0.45261 1.99832
-0.45559 1.99638
-0.45950 1.99458
-0.46178 1.99170
-0.46564 1.99121
-0.46834 1.99028
-0.47624 1.98587
-0.48191 1.98412
-0.48744 1.97991
-0.49119 1.97730
-0.49415 1.97696
-0.49656 1.97789
-0.50010 1.97769
-0.50340 1.97420
-0.50740 1.97071
-0.51315 1.96674
-0.51331 1.96664
-0.51589 1.96703
-0.51916 1.96398
-0.52318 1.96231
-0.52648 1.96136
-0.53150 1.95995
-0.53451 1.95784
-0.53811 1.95432
-0.54110 1.95212
-0.54257 1.95474
-0.54570 1.95315
-0.54826 1.95103
-0.55255 1.94866
-0.55548 1.94552
-0.56388 1.94227
-0.56408 1.94219
-0.56842 1.93867
-0.57212 1.93739
-0.57785 1.93912
-0.57749 1.93755
-0.58002 1.93669
-0.58365 1.92598
-0.58427 1.92405
-0.58612 1.91958
-0.59160 1.91974
-0.59437 1.91910
-0.59737 1.91962
-0.60211 1.92023
-0.60898 1.91955
-0.61418 1.91708
-0.61932 1.91251
-0.62414 1.90894
-0.62707 1.90610
-0.62924 1.90437
-0.63198 1.90242
-0.63441 1.90131
-0.63596 1.89957
-0.63625 1.89610
-0.63825 1.89226
-0.64005 1.88830
-0.64186 1.88475
-0.64544 1.88378
-0.65024 1.88258
-0.65517 1.88116
-0.66056 1.88081
-0.66534 1.87833
-0.66877 1.87735
-0.67183 1.87345
-0.67700 1.87026
-0.68143 1.86725
-0.68273 1.86473
-0.68288 1.86204
-0.68461 1.85782
-0.68642 1.85489
-0.68968 1.85646
-0.69292 1.85568
-0.69523 1.85338
-0.69895 1.85076
-0.70187 1.84840
-0.70612 1.84594
-0.71156 1.84246
-0.71619 1.83740
-0.72072 1.83192
-0.72323 1.82890
-0.72739 1.83022
-0.73191 1.83212
-0.73581 1.83054
-0.73670 1.82953
-0.73853 1.82715
-0.74001 1.82193
-0.74458 1.81751
-0.74536 1.81456
-0.75017 1.80748
-0.75241 1.80731
-0.75443 1.80605
-0.75557 1.80443
-0.75779 1.80345
-0.76003 1.79861
-0.76449 1.79502
-0.76563 1.78813
-0.77024 1.78656
-0.77298 1.78493
-0.77560 1.78352
-0.77882 1.78560
-0.78326 1.78145
-0.78663 1.77814
-0.78960 1.77374
-0.79135 1.76834
-0.79531 1.76756
-0.79586 1.76583
-0.79767 1.76033
-0.80067 1.75755
-0.80374 1.75651
-0.80627 1.75633
-0.80891 1.75511
-0.81176 1.75166
-0.81472 1.74749
-0.81703 1.74297
-0.82176 1.73982
-0.82637 1.73806
-0.82913 1.73472
-0.83170 1.73132
-0.83279 1.72888
-0.83442 1.72699
-0.83599 1.72471
-0.83818 1.72399
-0.84096 1.72112
-0.84517 1.71802
-0.84588 1.71350
-0.84612 1.70995
-0.84691 1.70819
-0.84855 1.70329
-0.85150 1.69938
-0.85496 1.69431
-0.85705 1.69095
-0.86003 1.68950
-0.86217 1.68729
-0.86448 1.68668
-0.86653 1.68372
-0.86807 1.68150
-0.87234 1.67626
-0.87633 1.67347
-0.87829 1.66874
-0.87907 1.66589
-0.88011 1.66388
-0.88124 1.65937
-0.88509 1.65554
-0.88885 1.64824
-0.88896 1.64806
-0.89113 1.64656
-0.89369 1.64517
-0.89874 1.64237
-0.90210 1.63989
-0.90294 1.63811
-0.90608 1.63260
-0.90871 1.62941
-0.91073 1.62465
-0.91293 1.62000
-0.91578 1.61730
-0.91887 1.61284
-0.92113 1.60672
-0.92319 1.60074
-0.92458 1.59161
-0.93043 1.58461
-0.93057 1.58445
-0.93326 1.58271
-0.93700 1.58061
-0.93975 1.57900
-0.94204 1.57607
-0.94483 1.57268
-0.94782 1.56916
-0.95083 1.55845
-0.95230 1.55415
-0.95482 1.54947
-0.95573 1.54718
-0.95553 1.54392
-0.95681 1.54148
-0.95754 1.53851
-0.97197 1.52456
-0.97238 1.52206
-0.97491 1.51989
-0.97631 1.52030
-0.97679 1.51743
-0.97914 1.51320
-0.98201 1.50016
-0.98208 1.49987
-0.98196 1.49266
-0.98172 1.48996
-0.98306 1.48737
-0.98453 1.48571
-0.98754 1.48395
-0.98940 1.48288
-0.99135 1.47950
-0.99134 1.47448
-0.99830 1.45861
-1.00051 1.45436
-1.00239 1.45213
-1.00457 1.44564
-1.00460 1.44121
-1.00704 1.43827
-1.00832 1.43403
-1.01094 1.42880
-1.01312 1.42452
-1.01213 1.41843
-1.01205 1.41386
-1.01237 1.40904
-1.01460 1.40581
-1.01944 1.40258
-1.02324 1.40131
-1.02503 1.39918
-1.02604 1.39664
-1.02592 1.39442
-1.02631 1.39086
-1.02865 1.38658
-1.03047 1.38164
-1.03106 1.37705
-1.03162 1.37082
-1.03152 1.36669
-1.03161 1.36137
-1.03078 1.35681
-1.03090 1.35398
-1.03185 1.34989
-1.03449 1.34866
-1.03656 1.34663
-1.04017 1.34445
-1.04025 1.34242
-1.03963 1.33887
-1.03932 1.33345
-1.04136 1.32670
-1.04392 1.32292
-1.04530 1.32067
-1.04610 1.31685
-1.04812 1.31250
-1.05089 1.31195
-1.05433 1.31074
-1.05659 1.30597
-1.05694 1.30268
-1.05705 1.29644
-1.05555 1.28916
-1.05513 1.28562
-1.05603 1.27999
-1.05775 1.27642
-1.05983 1.27539
-1.06238 1.27348
-1.06411 1.27109
-1.06379 1.26769
-1.06322 1.26253
-1.06523 1.25846
-1.06591 1.25413
-1.06542 1.24912
-1.06598 1.24505
-1.06715 1.24204
-1.06887 1.23855
-1.06997 1.23496
-1.07006 1.23028
-1.07008 1.22509
-1.07118 1.22091
-1.07234 1.21769
-1.07364 1.21574
-1.07267 1.21210
-1.07489 1.20746
-1.07786 1.19936
-1.07925 1.19275
-1.07991 1.18796
-1.07965 1.18455
-1.07920 1.18269
-1.07680 1.18257
-1.07708 1.18353
-1.07751 1.18236
-1.07831 1.17792
-1.08182 1.17288
-1.08248 1.16720
-1.08181 1.16204
-1.08132 1.15593
-1.08205 1.15109
-1.08312 1.14490
-1.08401 1.14226
-1.08546 1.14165
-1.08487 1.14232
-1.08396 1.14039
-1.08319 1.13756
-1.08432 1.13122
-1.08306 1.12446
-1.08219 1.11720
-1.08600 1.11119
-1.08701 1.10713
-1.08676 1.10630
-1.08499 1.10407
-1.08570 1.10261
-1.08608 1.10044
-1.08673 1.09884
-1.08653 1.09337
-1.08666 1.08893
-1.08648 1.08331
-1.08535 1.07779
-1.08408 1.07334
-1.08631 1.07015
-1.08794 1.06723
-1.08944 1.06577
-1.09155 1.06303
-1.09110 1.05935
-1.09054 1.05487
-1.09129 1.05175
-1.09759 1.03580
-1.09612 1.02174
-1.09529 1.01874
-1.09365 1.01720
-1.09182 1.01630
-1.09027 1.00982
-1.09024 1.00963
-1.08942 1.00569
-1.08726 1.00095
-1.08780 0.99726
-1.09008 0.99478
-1.09032 0.98773
-1.09033 0.98737
-1.09096 0.98402
-1.09226 0.97903
-1.09349 0.97398
-1.09092 0.95796
-1.08929 0.95343
-1.08791 0.94962
-1.08784 0.94937
-1.08745 0.94544
-1.08921 0.93226
-1.08831 0.92394
-1.08830 0.92374
-1.08782 0.91792
-1.08870 0.91367
-1.08939 0.91068
-1.08904 0.90780
-1.08657 0.90039
-1.08718 0.89404
-1.08719 0.89390
-1.08618 0.89064
-1.07899 0.87520
-1.07740 0.87082
-1.07762 0.86723
-1.07697 0.86421
-1.07743 0.85901
-1.07940 0.85366
-1.08100 0.84878
-1.08077 0.84360
-1.08016 0.83882
-1.07839 0.83551
-1.07287 0.82609
-1.07274 0.82350
-1.07180 0.81977
-1.07148 0.81510
-1.07146 0.81498
-1.07029 0.81277
-1.06959 0.80813
-1.06868 0.80237
-1.06747 0.79821
-1.06612 0.79603
-1.06680 0.79450
-1.06700 0.79159
-1.06576 0.78718
-1.06579 0.78095
-1.06502 0.77531
-1.06416 0.77124
-1.06201 0.76662
-1.06000 0.76501
-1.05808 0.76108
-1.05695 0.75836
-1.05539 0.75340
-1.05280 0.74814
-1.05311 0.74549
-1.05298 0.74265
-1.05402 0.73942
-1.05286 0.73367
-1.05120 0.72996
-1.05004 0.72550
-1.04988 0.72141
-1.04792 0.71664
-1.04610 0.71324
-1.04280 0.71126
-1.04006 0.70741
-1.03852 0.70399
-1.03931 0.70133
-1.03643 0.69918
-1.03523 0.69429
-1.03166 0.69053
-1.03008 0.68716
-1.02916 0.68161
-1.02816 0.67589
-1.02867 0.67363
-1.02803 0.67183
-1.02709 0.66812
-1.02358 0.66461
-1.02128 0.65872
-1.01927 0.65367
-1.01717 0.65022
-1.01569 0.64579
-1.01499 0.64287
-1.01223 0.63818
-1.01146 0.63348
-1.01022 0.63001
-1.01051 0.62864
-1.00865 0.62658
-1.00569 0.62323
-1.00416 0.61996
-1.00286 0.61714
-1.00325 0.61210
-1.00255 0.60647
-1.00123 0.60373
-0.99630 0.59893
-0.99316 0.59725
-0.99086 0.59305
-0.98961 0.59096
-0.98943 0.58670
-0.98820 0.58259
-0.98680 0.58109
-0.98247 0.58085
-0.97759 0.57598
-0.97479 0.57296
-0.97200 0.56857
-0.97228 0.56477
-0.97396 0.56189
-0.97495 0.55709
-0.97431 0.55157
-0.97279 0.54887
-0.97151 0.54584
-0.96737 0.54417
-0.96368 0.54020
-0.95764 0.53575
-0.95318 0.52924
-0.94932 0.52536
-0.94714 0.52164
-0.94599 0.51483
-0.94594 0.51467
-0.94627 0.51318
-0.94446 0.50868
-0.94293 0.50825
-0.93692 0.49844
-0.93680 0.49822
-0.93394 0.49304
-0.93270 0.49047
-0.92980 0.48929
-0.92681 0.48586
-0.92517 0.48336
-0.92384 0.47974
-0.92241 0.47614
-0.92111 0.47296
-0.91684 0.46713
-0.91048 0.46144
-0.90585 0.45225
-0.90585 0.45225
-0.90501 0.45320
-0.90241 0.45312
-0.90198 0.45246
-0.90038 0.45138
-0.89825 0.44724
-0.89653 0.44403
-0.89272 0.43625
-0.89052 0.43161
-0.88800 0.42641
-0.88451 0.42109
-0.87633 0.40713
-0.87338 0.40365
-0.87329 0.40357
-0.86986 0.40131
-0.86557 0.39740
-0.86180 0.39446
-0.86034 0.39177
-0.86072 0.38950
-0.85829 0.38362
-0.85822 0.38348
-0.85542 0.38084
-0.85211 0.37885
-0.84302 0.36604
-0.84037 0.36183
-0.83794 0.35909
-0.83595 0.35513
-0.83552 0.35469
-0.83299 0.35013
-0.82913 0.34691
-0.82483 0.34260
-0.82034 0.33929
-0.82021 0.33922
-0.81837 0.34006
-0.81466 0.34029
-0.80684 0.32818
-0.80232 0.32092
-0.79889 0.31681
-0.79871 0.31655
-0.79779 0.31361
-0.79688 0.31197
-0.79299 0.31006
-0.79287 0.30995
-0.78390 0.30368
-0.78194 0.30196
-0.77751 0.29965
-0.77352 0.29739
-0.77061 0.29440
-0.76748 0.29090
-0.76572 0.28736
-0.76460 0.28327
-0.75937 0.27408
-0.75924 0.27383
-0.75519 0.26910
-0.75190 0.26764
-0.74801 0.26475
-0.74688 0.26394
-0.74479 0.26423
-0.74179 0.26492
-0.73957 0.26473
-0.73579 0.26283
-0.73108 0.25885
-0.72732 0.25260
-0.72358 0.24750
-0.72185 0.24523
-0.71936 0.24515
-0.71634 0.24486
-0.71384 0.24390
-0.71065 0.24200
-0.70781 0.24121
-0.70365 0.23741
-0.69873 0.23347
-0.69666 0.22921
-0.69459 0.22310
-0.69230 0.22124
-0.69177 0.21900
-0.68892 0.21648
-0.68538 0.21586
-0.68068 0.21494
-0.67626 0.21413
-0.67264 0.21145
-0.66897 0.20780
-0.66546 0.20436
-0.66328 0.20083
-0.66142 0.19812
-0.65767 0.19396
-0.65113 0.19119
-0.64545 0.18891
-0.64283 0.18599
-0.64180 0.18539
-0.64154 0.18564
-0.64046 0.18470
-0.63889 0.18426
-0.63505 0.18351
-0.62976 0.18116
-0.62565 0.17819
-0.62228 0.17471
-0.61997 0.17217
-0.61768 0.16925
-0.61452 0.16799
-0.60647 0.16654
-0.60137 0.16340
-0.59858 0.16030
-0.59902 0.15957
-0.59897 0.15838
-0.59418 0.15596
-0.59121 0.15392
-0.58442 0.15115
-0.57955 0.15080
-0.57730 0.14920
-0.57595 0.14748
-0.57364 0.14441
-0.57097 0.14222
-0.56692 0.13947
-0.56414 0.13682
-0.56083 0.13547
-0.55630 0.13474
-0.55212 0.13368
-0.54901 0.13262
-0.54605 0.13010
-0.54139 0.12736
-0.53951 0.12457
-0.53658 0.12110
-0.53182 0.11904
-0.52693 0.11881
-0.52320 0.11809
-0.51960 0.11837
-0.51722 0.11691
-0.51567 0.11521
-0.51399 0.11281
-0.51074 0.11099
-0.50576 0.10900
-0.50139 0.10673
-0.49638 0.10351
-0.49130 0.10236
-0.48712 0.10159
-0.48402 0.10025
-0.48045 0.09732
-0.47504 0.09509
-0.46825 0.09260
-0.46567 0.09142
-0.46295 0.09030
-0.45814 0.08942
-0.45512 0.08914
-0.45162 0.08754
-0.44995 0.08620
-0.44690 0.08338
-0.44267 0.08097
-0.43814 0.07766
-0.43294 0.07731
-0.43030 0.07683
-0.42890 0.07560
-0.42663 0.07419
-0.42206 0.07317
-0.41803 0.07231
-0.41191 0.06891
-0.39874 0.06685
-0.39276 0.06463
-0.38338 0.05709
-0.38026 0.05550
-0.37252 0.05697
-0.37018 0.05709
-0.35524 0.05059
-0.35244 0.04938
-0.34792 0.04956
-0.34485 0.04845
-0.33088 0.04465
-0.32902 0.04371
-0.32536 0.04132
-0.32218 0.03977
-0.31545 0.03905
-0.31528 0.03901
-0.31373 0.03926
-0.30886 0.04033
-0.29332 0.03849
-0.29052 0.03711
-0.28508 0.03422
-0.28494 0.03417
-0.28188 0.03297
-0.27794 0.03153
-0.26501 0.03731
-0.26189 0.03552
-0.24843 0.02911
-0.24456 0.02690
-0.24091 0.02848
-0.23712 0.03055
-0.23484 0.03266
-0.23257 0.03400
-0.23021 0.03449
-0.22727 0.03237
-0.21831 0.02503
-0.21807 0.02487
-0.21160 0.02322
-0.20340 0.02249
-0.19532 0.02631
-0.19513 0.02640
-0.19536 0.02664
-0.19475 0.02764
-0.19242 0.02496
-0.18916 0.02252
-0.18460 0.02082
-0.17936 0.01886
-0.17291 0.01872
-0.16744 0.01990
-0.16428 0.02128
-0.16120 0.02203
-0.15828 0.02193
-0.15546 0.02113
-0.15141 0.02021
-0.14702 0.01931
-0.14225 0.01954
-0.13929 0.01936
-0.13521 0.01932
-0.12983 0.01779
-0.12605 0.01768
-0.12164 0.01640
-0.11805 0.01545
-0.11411 0.01728
-0.10925 0.01780
-0.10557 0.01753
-0.10119 0.01690
-0.09803 0.01661
-0.09803 0.01619
-0.09534 0.01531
-0.09105 0.01645
-0.08482 0.01652
-0.08162 0.01776
-0.07795 0.02121
-0.07418 0.01901
-0.06880 0.01525
-0.06602 0.01428
-0.06089 0.01321
-0.05582 0.01435
-0.05503 0.01549
-0.04901 0.01675
-0.04465 0.01947
-0.04291 0.01954
-0.04096 0.01865
-0.04117 0.01839
-0.04833 0.01654
-0.05387 0.01381
-0.05260 0.01395
-0.05209 0.01208
-0.05079 0.01378
-0.05186 0.01490
-0.05267 0.01600
-0.05165 0.01661
-0.04995 0.01842
-0.04803 0.01887
-0.04632 0.01961
-0.04811 0.01965
-0.04933 0.01929
-0.04895 0.01732
-0.04870 0.01441
-0.04849 0.01267
-0.04945 0.01194
-0.05155 0.01294
-0.05221 0.01534
-0.05180 0.01738
-0.05083 0.01942
-0.05126 0.02120
-0.05021 0.02038
-0.04894 0.01772
-0.04692 0.01523
-0.04772 0.01470
-0.04836 0.01409
-0.05076 0.01408
-0.05081 0.01407
-0.05220 0.01506
-0.05055 0.01688
-0.05054 0.01691
-0.05127 0.01747
-0.05020 0.01540
-0.04901 0.01372
-0.04777 0.01157
-0.04887 0.01152
-0.05015 0.01446
