-0.01079 -0.00818
-0.01085 -0.00818
-0.01149 -0.00722
-0.01049 -0.00526
-0.01048 -0.00523
-0.00880 -0.00563
-0.00969 -0.00567
-0.00927 -0.00544
-0.00908 -0.00552
-0.01083 -0.00704
-0.01159 -0.00829
-0.01121 -0.00567
-0.01198 -0.00870
-0.01051 -0.00818
-0.00843 -0.00892
-0.01127 -0.00518
-0.01089 -0.00449
-0.01000 -0.00812
-0.00999 -0.00817
-0.01061 -0.00964
-0.01041 -0.00562
-0.00945 -0.00441
-0.00837 -0.00527
-0.00936 -0.00605
-0.01002 -0.00782
-0.01018 -0.00828
-0.01086 -0.00738
-0.01179 -0.00784
-0.01065 -0.00813
-0.00804 -0.00698
-0.00798 -0.00695
-0.00894 -0.00535
-0.01017 -0.00530
-0.01067 -0.00724
-0.01068 -0.00729
-0.01017 -0.00713
-0.01091 -0.00724
-0.01094 -0.00629
-0.01037 -0.00668
-0.00936 -0.00680
-0.00923 -0.00666
-0.00921 -0.00953
-0.00896 -0.01072
-0.00805 -0.00951
-0.00414 -0.00646
0.00083 -0.00467
0.00480 -0.00547
0.01302 -0.00384
0.02454 -0.00688
0.02699 -0.00894
0.02661 -0.00471
0.04010 -0.00657
0.04743 -0.00567
0.04763 -0.00561
0.05090 -0.00459
0.05740 -0.00223
0.06204 -0.00055
0.06962 -0.00071
0.06981 -0.00071
0.07355 -0.00089
0.07669 -0.00104
0.07980 -0.00008
0.08438 0.00046
0.08939 0.00159
0.09314 0.00152
0.09652 0.00065
0.09866 0.00264
0.10277 0.00428
0.10611 0.00588
0.10807 0.00597
0.11250 0.00625
0.11806 0.00656
0.12347 0.00543
0.12820 0.00285
0.13092 0.00334
0.13215 0.00519
0.13384 0.00643
0.13720 0.00738
0.14148 0.00901
0.14762 0.01014
0.15265 0.01129
0.15762 0.01132
0.16301 0.01135
0.16604 0.01312
0.16802 0.01284
0.16982 0.01324
0.17249 0.01350
0.17622 0.01494
0.18003 0.01647
0.18595 0.01806
0.19148 0.01793
0.19623 0.01877
0.20102 0.02041
0.20367 0.02152
0.20576 0.02391
0.20801 0.02367
0.21077 0.02428
0.21383 0.02472
0.21882 0.02569
0.22204 0.02690
0.22584 0.02828
0.23099 0.02839
0.23634 0.02798
0.24040 0.02591
0.24402 0.02714
0.24732 0.03027
0.25109 0.03452
0.25656 0.03832
0.25980 0.04105
0.26534 0.04028
0.26854 0.04002
0.27055 0.03960
0.27324 0.04019
0.27742 0.04205
0.28125 0.04490
0.28393 0.04747
0.28660 0.04908
0.28957 0.05082
0.29485 0.05090
0.29839 0.05027
0.30232 0.04992
0.30706 0.05219
0.31102 0.05195
0.31462 0.05451
0.31684 0.05933
0.31980 0.06313
0.32510 0.06441
0.32977 0.06431
0.33504 0.06189
0.33981 0.06208
0.34179 0.06548
0.34443 0.06842
0.34465 0.06824
0.34791 0.06858
0.35068 0.06743
0.35710 0.06876
0.36334 0.07118
0.36788 0.07411
0.37204 0.07688
0.37517 0.07975
0.37804 0.08235
0.38173 0.08391
0.38439 0.08423
0.38814 0.08431
0.39180 0.08456
0.39462 0.08480
0.39736 0.08644
0.40106 0.08988
0.40415 0.09480
0.40768 0.09785
0.41028 0.09833
0.41536 0.09962
0.41549 0.09966
0.42042 0.10135
0.42440 0.10413
0.42831 0.10676
0.43234 0.10787
0.43666 0.11009
0.44056 0.11330
0.44406 0.11702
0.44646 0.11823
0.44899 0.11968
0.45164 0.12026
0.45575 0.12255
0.45869 0.12586
0.46170 0.12667
0.46546 0.12827
0.47997 0.13401
0.48790 0.13936
0.48985 0.13921
0.49187 0.14082
0.49410 0.14131
0.50074 0.14349
0.50089 0.14355
0.50494 0.14705
0.50837 0.14995
0.51398 0.15257
0.52707 0.16014
0.52999 0.16427
0.53163 0.16657
0.53374 0.16961
0.53478 0.17167
0.53690 0.17201
0.54030 0.17358
0.54491 0.17373
0.54889 0.17787
0.55276 0.17981
0.55583 0.18110
0.55833 0.18381
0.56144 0.18638
0.56294 0.18916
0.56418 0.19167
0.56630 0.19486
0.57037 0.19587
0.58036 0.20367
0.58306 0.20782
0.59161 0.21496
0.59183 0.21511
0.59556 0.21411
0.60033 0.21511
0.60801 0.22218
0.60819 0.22235
0.61071 0.22265
0.61378 0.22546
0.61519 0.22764
0.61789 0.23045
0.61796 0.23053
0.62025 0.23175
0.62244 0.23638
0.62530 0.23720
0.62721 0.23972
0.63121 0.24251
0.64678 0.25668
0.65186 0.26020
0.65449 0.26280
0.65510 0.26329
0.65566 0.26462
0.66010 0.26645
0.66265 0.27160
0.66533 0.27588
0.66934 0.27748
0.67400 0.28031
0.67655 0.28400
0.68124 0.28843
0.68528 0.29089
0.68771 0.29528
0.69299 0.30276
0.69685 0.30578
0.70044 0.30586
0.70090 0.30615
0.70215 0.30483
0.70285 0.30649
0.70210 0.30531
0.70349 0.30711
0.70481 0.31048
0.70717 0.31250
0.71130 0.31542
0.71689 0.32028
0.72295 0.32611
0.72413 0.33160
0.72690 0.33627
0.73181 0.34198
0.73605 0.34773
0.74041 0.35060
0.74161 0.35080
0.74169 0.35234
0.73936 0.35438
0.74062 0.35204
0.74240 0.35316
0.74534 0.35754
0.74969 0.36209
0.75459 0.36651
0.75596 0.37093
0.75889 0.37332
0.76154 0.37499
0.76348 0.37559
0.76588 0.37806
0.76937 0.38121
0.77232 0.38478
0.77603 0.39128
0.77800 0.39617
0.77973 0.39927
0.78081 0.40196
0.78215 0.40559
0.78459 0.40685
0.78652 0.40947
0.79007 0.41137
0.79194 0.41510
0.79490 0.41792
0.79558 0.42037
0.79864 0.42229
0.80317 0.42375
0.80575 0.42690
0.80827 0.43306
0.80859 0.43815
0.81015 0.44165
0.81286 0.44453
0.81609 0.44883
0.81851 0.44964
0.82315 0.45165
0.82233 0.45342
0.82439 0.45411
0.82563 0.45702
0.82908 0.46039
0.83044 0.46547
0.83370 0.46881
0.83406 0.47319
0.83527 0.47818
0.83657 0.48060
0.83724 0.48593
0.84066 0.48817
0.84339 0.48905
0.84658 0.49355
0.85097 0.49756
0.85266 0.50166
0.85411 0.50702
0.85649 0.51032
0.85900 0.51585
0.86035 0.52127
0.86341 0.52438
0.86357 0.52754
0.86392 0.52838
0.86177 0.53153
0.86443 0.53149
0.86702 0.53288
0.86854 0.53313
0.87177 0.53538
0.87560 0.54195
0.87791 0.54591
0.88047 0.55442
0.88212 0.56194
0.88244 0.56686
0.88368 0.57050
0.88544 0.57159
0.88586 0.57369
0.88714 0.57587
0.88864 0.58003
0.89046 0.58313
0.89334 0.58591
0.89581 0.58856
0.89806 0.59081
0.90027 0.59465
0.90241 0.59995
0.90125 0.60594
0.90247 0.61251
0.90431 0.61718
0.90713 0.62248
0.90929 0.62367
0.91042 0.62649
0.91111 0.62962
0.91027 0.63367
0.91244 0.63710
0.91448 0.64101
0.91610 0.64478
0.91881 0.64780
0.92017 0.65327
0.92206 0.65769
0.92274 0.66065
0.92281 0.66273
0.92426 0.66730
0.92393 0.67037
0.92353 0.67320
0.92671 0.67578
0.93017 0.68028
0.93146 0.68529
0.93390 0.69035
0.93422 0.69515
0.93307 0.70370
0.93306 0.70392
0.93508 0.70771
0.93909 0.71113
0.94190 0.71151
0.94070 0.71390
0.93915 0.71588
0.94270 0.72402
0.94276 0.72423
0.94424 0.73004
0.94527 0.73470
0.94653 0.73950
0.94812 0.74118
0.94905 0.74368
0.94761 0.74829
0.94977 0.75471
0.95328 0.75865
0.95515 0.76059
0.95607 0.76339
0.95241 0.76786
0.95268 0.77300
0.95332 0.77632
0.95490 0.78441
0.95496 0.78461
0.95713 0.78680
0.95911 0.78897
0.96082 0.79164
0.96206 0.79619
0.96355 0.80548
0.96359 0.80573
0.96394 0.81002
0.96324 0.81380
0.96299 0.81671
0.96545 0.82000
0.96730 0.82408
0.96746 0.82838
0.96814 0.83125
0.96854 0.83268
0.96949 0.83369
0.97185 0.83647
0.97162 0.84098
0.97095 0.84323
0.97190 0.84655
0.97398 0.85117
0.97591 0.85625
0.97644 0.86384
0.97583 0.87175
0.97518 0.87755
0.97678 0.88040
0.97753 0.88402
0.97768 0.88657
0.98198 0.89432
0.98208 0.89450
0.98189 0.89798
0.98111 0.90314
0.98115 0.90695
0.98236 0.91411
0.98240 0.91428
0.98298 0.91757
0.98273 0.91884
0.98184 0.91985
0.98405 0.92308
0.98454 0.92771
0.98639 0.93349
0.98566 0.94708
0.98566 0.94737
0.98466 0.94782
0.98385 0.94775
0.98395 0.95148
0.98435 0.95514
0.98586 0.95955
0.98638 0.96356
0.98623 0.96823
0.98505 0.97037
0.98427 0.97332
0.98612 0.97891
0.98749 0.98263
0.98575 0.98842
0.98726 0.99551
0.98878 1.00029
0.98915 1.00300
0.98983 1.00562
0.98961 1.00741
0.98778 1.00965
0.98550 1.01337
0.98582 1.01775
0.98683 1.02282
0.98778 1.02480
0.98778 1.02757
0.98861 1.03172
0.98729 1.03815
0.98653 1.04269
0.98582 1.04648
0.98621 1.05000
0.98642 1.05563
0.98778 1.06096
0.98737 1.06428
0.98652 1.06717
0.98639 1.07119
0.98660 1.07584
0.98554 1.07838
0.98513 1.08076
0.98560 1.08444
0.98458 1.08871
0.98512 1.09332
0.98587 1.09714
0.98480 1.10124
0.98364 1.10374
0.98406 1.10628
0.98324 1.11177
0.98345 1.11593
0.98371 1.12079
0.98227 1.12439
0.98108 1.12963
0.98074 1.13394
0.98124 1.13613
0.97897 1.13786
0.97892 1.14097
0.98017 1.14570
0.98071 1.14893
0.97835 1.15458
0.97684 1.15859
0.97680 1.16308
0.97557 1.16898
0.97471 1.17546
0.97218 1.17904
0.97142 1.17818
0.97216 1.17972
0.97378 1.18098
0.97385 1.18457
0.97112 1.19138
0.97210 1.19662
0.97242 1.19968
0.97208 1.20285
0.97048 1.20552
0.96644 1.20907
0.96678 1.21223
0.96610 1.21554
0.96484 1.21913
0.96360 1.22153
0.96328 1.22320
0.96294 1.22703
0.96281 1.23062
0.96275 1.23541
0.96259 1.24000
0.96071 1.24287
0.95819 1.24858
0.95577 1.25378
0.95486 1.25999
0.95512 1.26536
0.95453 1.26957
0.95305 1.27301
0.95400 1.27678
0.95265 1.27907
0.95210 1.28215
0.95039 1.28477
0.94984 1.28682
0.94900 1.28716
0.94755 1.28798
0.94618 1.29171
0.94512 1.29676
0.94232 1.30382
0.93946 1.30858
0.93933 1.31624
0.93891 1.32112
0.93845 1.32507
0.93887 1.32858
0.93672 1.32958
0.93674 1.33001
0.93585 1.33217
0.93377 1.33513
0.93183 1.33768
0.92989 1.33942
0.92758 1.34282
0.92652 1.34775
0.92847 1.34909
0.92756 1.34908
0.92348 1.35204
0.91867 1.36932
0.91736 1.38110
0.91364 1.39050
0.91270 1.39162
0.91076 1.39162
0.91069 1.39141
0.90817 1.39416
0.90625 1.39612
0.90675 1.40598
0.90634 1.41195
0.90407 1.41559
0.90026 1.41805
0.89525 1.42267
0.89514 1.42283
0.89619 1.42833
0.89738 1.43525
0.88947 1.45421
0.88626 1.45972
0.88615 1.45989
0.88475 1.46285
0.88421 1.46559
0.88332 1.46741
0.87860 1.47523
0.87410 1.47878
0.87099 1.48734
0.87089 1.48755
0.86847 1.49217
0.86545 1.49653
0.86458 1.50168
0.86478 1.50837
0.86343 1.51372
0.85671 1.51910
0.85317 1.52208
0.85359 1.52647
0.85106 1.52995
0.84495 1.53955
0.83879 1.54866
0.83746 1.55300
0.83487 1.55783
0.83156 1.56346
0.82718 1.56974
0.82707 1.56991
0.82731 1.57376
0.82806 1.57563
0.82679 1.57658
0.82340 1.57950
0.81869 1.58312
0.81417 1.58480
0.81129 1.58915
0.81013 1.59329
0.80997 1.59850
0.80843 1.60146
0.80889 1.60703
0.80609 1.61167
0.79709 1.62203
0.79688 1.62227
0.79401 1.62537
0.79093 1.62816
0.78833 1.63026
0.78744 1.63256
0.78500 1.63446
0.78347 1.63569
0.78321 1.63533
0.78233 1.63505
0.78030 1.63731
0.77841 1.64189
0.77106 1.64408
0.76541 1.65156
0.76280 1.65889
0.76249 1.66599
0.76261 1.67114
0.76169 1.67495
0.75782 1.67935
0.75323 1.67716
0.74982 1.67838
0.74806 1.68003
0.74756 1.68266
0.74631 1.68538
0.74375 1.68975
0.74117 1.69329
0.73841 1.69641
0.73539 1.69958
0.73310 1.70202
0.72918 1.70318
0.72584 1.70444
0.72273 1.70730
0.72204 1.71123
0.72079 1.71526
0.71783 1.71967
0.71525 1.72193
0.71121 1.72458
0.70829 1.72541
0.70593 1.72720
0.70298 1.72757
0.70059 1.72968
0.69776 1.73263
0.69473 1.73601
0.69292 1.74097
0.68975 1.74685
0.68695 1.74887
0.68427 1.75160
0.68070 1.75406
0.67785 1.75891
0.67522 1.76171
0.67252 1.76466
0.67046 1.76497
0.66750 1.76624
0.66323 1.76751
0.65804 1.76960
0.65618 1.77151
0.65586 1.77366
0.65332 1.77372
0.65164 1.77699
0.64933 1.77855
0.64711 1.78296
0.64455 1.78841
0.63862 1.79197
0.63561 1.79615
0.63061 1.79810
0.62829 1.79959
0.62815 1.80180
0.62610 1.80261
0.62306 1.80361
0.61867 1.80432
0.61716 1.80580
0.61375 1.80999
0.60919 1.81388
0.60820 1.81690
0.60712 1.81830
0.60537 1.81903
0.60164 1.81891
0.59786 1.82172
0.59299 1.82624
0.58875 1.83175
0.58340 1.83853
0.57996 1.84014
0.57719 1.84125
0.57583 1.84218
0.57348 1.84407
0.57013 1.84624
0.56707 1.84846
0.56439 1.85185
0.56321 1.85362
0.56165 1.85455
0.55802 1.85574
0.55415 1.85579
0.54933 1.85830
0.54701 1.86258
0.54321 1.86681
0.53796 1.87015
0.53365 1.87330
0.53182 1.87439
0.53093 1.87649
0.52448 1.88401
0.51960 1.88739
0.50412 1.88856
0.50218 1.89015
0.50319 1.89059
0.50022 1.89175
0.49558 1.89577
0.48077 1.90411
0.47761 1.90494
0.47495 1.90569
0.47268 1.90814
0.46648 1.91194
0.45871 1.92212
0.45295 1.92147
0.44814 1.92138
0.44130 1.92405
0.44113 1.92411
0.44011 1.92712
0.43834 1.92930
0.43285 1.93441
0.43271 1.93455
0.42931 1.93630
0.42623 1.93634
0.42061 1.93817
0.41502 1.93944
0.41140 1.94128
0.40869 1.94573
0.40557 1.94879
0.40319 1.95164
0.40099 1.95305
0.39842 1.95392
0.39294 1.95505
0.38262 1.95559
0.37563 1.96283
0.37544 1.96299
0.37010 1.96701
0.36599 1.96777
0.36260 1.96714
0.35656 1.96995
0.35639 1.97002
0.35235 1.97108
0.34922 1.97266
0.34574 1.97252
0.34276 1.97447
0.33863 1.97449
0.33576 1.97567
0.33139 1.97747
0.32729 1.98188
0.32173 1.98438
0.31839 1.98375
0.31335 1.98297
0.31076 1.98320
0.30882 1.98682
0.30696 1.98947
0.29598 1.99284
0.29125 1.99246
0.28794 1.99476
0.28410 1.99724
0.28105 1.99960
0.27793 2.00043
0.27380 2.00167
0.25597 2.00772
0.25432 2.00828
0.25353 2.01013
0.25057 2.01016
0.24790 2.00880
0.24251 2.00891
0.23581 2.00859
0.23117 2.00967
0.22790 2.01061
0.22762 2.01301
0.22482 2.01587
0.22272 2.01787
0.21614 2.01994
0.20980 2.02107
0.20368 2.02099
0.20188 2.01998
0.19759 2.02116
0.19452 2.02108
0.19209 2.02129
0.18914 2.02153
0.18644 2.02287
0.18303 2.02403
0.17883 2.02306
0.17468 2.02400
0.16890 2.02799
0.16281 2.03035
0.15817 2.03181
0.15369 2.03065
0.15300 2.03059
0.15085 2.03133
0.15005 2.03240
0.14728 2.03241
0.14366 2.03151
0.13991 2.03035
0.13638 2.02786
0.12903 2.02812
0.12697 2.03007
0.12388 2.03120
0.11820 2.03441
0.11267 2.03521
0.10694 2.03664
0.10204 2.03685
0.09880 2.03857
0.09618 2.03919
0.09444 2.03917
0.09188 2.03775
0.08787 2.03568
0.08407 2.03410
0.07717 2.03430
0.07106 2.03861
0.06792 2.04343
0.06475 2.04441
0.06327 2.04247
0.06170 2.04035
0.05913 2.03915
0.05601 2.03841
0.05080 2.03917
0.04494 2.04190
0.04018 2.04441
0.03762 2.04497
0.03352 2.04439
0.02956 2.04593
0.02524 2.04397
0.02075 2.04416
0.01712 2.04343
0.01415 2.04470
0.01109 2.04342
0.00425 2.04444
-0.00228 2.04397
-0.00542 2.04476
-0.00580 2.04556
-0.00800 2.04541
-0.01082 2.04580
-0.01655 2.04318
-0.02219 2.04176
-0.02718 2.04478
-0.03006 2.04614
-0.03324 2.04778
-0.03833 2.04794
-0.04202 2.04892
-0.04371 2.04875
-0.04638 2.04748
-0.05045 2.04355
-0.05484 2.04232
-0.05589 2.04273
-0.06079 2.04331
-0.06638 2.04245
-0.07353 2.04327
-0.07962 2.04601
-0.08322 2.04969
-0.08501 2.05098
-0.08622 2.05005
-0.08982 2.04490
-0.09238 2.03952
-0.09668 2.03781
-0.09828 2.04052
-0.10266 2.04259
-0.10810 2.04211
-0.11528 2.04160
-0.12065 2.04240
-0.12582 2.04323
-0.12843 2.04460
-0.13101 2.04430
-0.13417 2.04249
-0.13607 2.04060
-0.13875 2.03817
-0.14283 2.03633
-0.14723 2.03629
-0.15218 2.03631
-0.15718 2.03789
-0.16076 2.03919
-0.16402 2.03881
-0.16661 2.03724
-0.17005 2.03451
-0.17392 2.03326
-0.17607 2.03213
-0.18063 2.03116
-0.18548 2.03231
-0.19087 2.03365
-0.19634 2.03261
-0.20198 2.03080
-0.20591 2.02789
-0.21014 2.02684
-0.21408 2.03086
-0.22341 2.03035
-0.22712 2.02644
-0.23112 2.02405
-0.23620 2.02200
-0.24636 2.02196
-0.24874 2.02318
-0.25490 2.02349
-0.26462 2.01801
-0.26487 2.01791
-0.27552 2.01521
-0.27943 2.01630
-0.28336 2.01573
-0.28705 2.01543
-0.28881 2.01310
-0.30172 2.00734
-0.30597 2.00602
-0.31020 2.00535
-0.31352 2.00414
-0.31833 2.00387
-0.32670 2.00283
-0.32691 2.00279
-0.32933 2.00357
-0.33498 2.00144
-0.33513 2.00137
-0.33790 1.99937
-0.34319 1.99681
-0.35033 1.99097
-0.35070 1.99066
-0.35310 1.98970
-0.35582 1.99219
-0.35944 1.99270
-0.36537 1.99029
-0.36553 1.99025
-0.37124 1.98714
-0.37610 1.98551
-0.38287 1.98164
-0.38305 1.98154
-0.38667 1.97906
-0.38971 1.98001
-0.39202 1.98102
-0.39687 1.98233
-0.40315 1.98159
-0.40806 1.97731
-0.41001 1.97249
-0.41217 1.97018
-0.41582 1.96936
-0.42006 1.96990
-0.42735 1.96785
-0.43219 1.96442
-0.43745 1.96129
-0.44156 1.95845
-0.44445 1.95694
-0.44741 1.95579
-0.44967 1.95475
-0.45476 1.95437
-0.45712 1.95363
-0.46037 1.95077
-0.46457 1.94715
-0.46860 1.94495
-0.47157 1.94378
-0.47489 1.94407
-0.47735 1.94344
-0.48062 1.94154
-0.48560 1.93969
-0.49066 1.93922
-0.49513 1.93784
-0.49964 1.93507
-0.50431 1.93125
-0.50774 1.92935
-0.50996 1.92664
-0.51234 1.92449
-0.51454 1.92515
-0.51655 1.92447
-0.51987 1.92243
-0.52440 1.92079
-0.52816 1.91910
-0.53310 1.91800
-0.53810 1.91662
-0.53900 1.91195
-0.54163 1.90874
-0.54716 1.90953
-0.55333 1.91132
-0.55677 1.90965
-0.56025 1.90481
-0.56074 1.89964
-0.56226 1.89899
-0.56299 1.89731
-0.56521 1.89498
-0.56797 1.89195
-0.57165 1.88862
-0.57713 1.88672
-0.58167 1.88661
-0.58491 1.88592
-0.59209 1.88517
-0.59606 1.88357
-0.59953 1.88123
-0.60185 1.87684
-0.60287 1.87188
-0.60615 1.86923
-0.61016 1.86692
-0.61514 1.86680
-0.61710 1.86553
-0.61769 1.86505
-0.61808 1.86293
-0.62264 1.85638
-0.62858 1.85354
-0.63173 1.85140
-0.63451 1.84920
-0.63446 1.84778
-0.63537 1.84543
-0.63720 1.84165
-0.64245 1.83860
-0.64843 1.83674
-0.65356 1.83505
-0.65706 1.83470
-0.65938 1.83343
-0.66166 1.83106
-0.66445 1.82643
-0.66834 1.82302
-0.67180 1.82085
-0.67403 1.81928
-0.67695 1.81790
-0.67960 1.81618
-0.68327 1.81376
-0.68683 1.81226
-0.69002 1.81045
-0.69263 1.80764
-0.69637 1.80506
-0.69926 1.80032
-0.70142 1.79737
-0.70385 1.79450
-0.70711 1.79334
-0.71235 1.78964
-0.71711 1.78900
-0.71959 1.78540
-0.72062 1.78126
-0.72100 1.77641
-0.72279 1.77541
-0.72513 1.77363
-0.72858 1.77038
-0.73212 1.76823
-0.73532 1.76728
-0.73725 1.76433
-0.74207 1.76243
-0.74610 1.75814
-0.74823 1.75398
-0.74960 1.74977
-0.75129 1.75163
-0.75592 1.75082
-0.76051 1.74969
-0.76351 1.74841
-0.76627 1.74383
-0.77289 1.72975
-0.77513 1.72419
-0.77682 1.72268
-0.77929 1.72222
-0.78038 1.72033
-0.78198 1.71959
-0.78596 1.71528
-0.78936 1.71219
-0.79242 1.70943
-0.79702 1.70769
-0.80251 1.70590
-0.80435 1.70397
-0.80718 1.70087
-0.80955 1.69781
-0.81426 1.68627
-0.81918 1.67629
-0.82109 1.67383
-0.82527 1.67266
-0.83161 1.66588
-0.83175 1.66573
-0.83263 1.66336
-0.83340 1.66060
-0.83563 1.65557
-0.84266 1.64491
-0.84284 1.64464
-0.84571 1.64156
-0.85065 1.64173
-0.85301 1.64044
-0.85375 1.63834
-0.85509 1.62989
-0.85943 1.62736
-0.86375 1.62356
-0.86561 1.61998
-0.86861 1.61483
-0.87494 1.60170
-0.87494 1.60170
-0.87718 1.59872
-0.87916 1.59911
-0.88502 1.59411
-0.88832 1.59019
-0.89056 1.58628
-0.89616 1.57328
-0.89873 1.57038
-0.90201 1.56760
-0.90509 1.56268
-0.90517 1.56255
-0.90666 1.56059
-0.90824 1.55597
-0.90918 1.55104
-0.91077 1.54655
-0.91295 1.54291
-0.91482 1.53964
-0.92286 1.53685
-0.92302 1.53677
-0.92444 1.53622
-0.92553 1.53536
-0.92706 1.53255
-0.92915 1.52858
-0.93340 1.52007
-0.93352 1.51985
-0.93473 1.51526
-0.93748 1.51070
-0.94009 1.50752
-0.94076 1.50607
-0.94104 1.50421
-0.94045 1.50181
-0.94244 1.49756
-0.94284 1.49259
-0.94671 1.48454
-0.94783 1.48032
-0.95011 1.47808
-0.95174 1.47678
-0.95293 1.47273
-0.95602 1.46816
-0.95790 1.46357
-0.96362 1.46254
-0.96399 1.45931
-0.96677 1.45460
-0.96837 1.45242
-0.96740 1.44779
-0.96793 1.44470
-0.96902 1.44137
-0.96908 1.43890
-0.97056 1.43547
-0.97201 1.43023
-0.97319 1.42621
-0.97513 1.41975
-0.97829 1.41414
-0.98194 1.41125
-0.98483 1.41095
-0.98669 1.41248
-0.98807 1.41162
-0.98904 1.40810
-0.98823 1.40375
-0.98888 1.39977
-0.98975 1.39495
-0.99090 1.39007
-0.99184 1.38353
-0.99350 1.37770
-0.99592 1.37240
-0.99775 1.36896
-0.99921 1.36766
-0.99965 1.36524
-1.00137 1.36479
-1.00217 1.36255
-1.00069 1.35766
-1.00087 1.35168
-1.00260 1.34528
-1.00338 1.33979
-1.00422 1.33753
-1.00714 1.33527
-1.01051 1.33082
-1.01270 1.32727
-1.01292 1.32282
-1.01306 1.32030
-1.01232 1.31760
-1.01026 1.31392
-1.00935 1.30953
-1.01286 1.30458
-1.01811 1.30155
-1.02251 1.29704
-1.02512 1.29211
-1.02503 1.28735
-1.02431 1.28406
-1.02251 1.28316
-1.02575 1.28034
-1.02901 1.27676
-1.03146 1.27377
-1.03329 1.26805
-1.03247 1.26215
-1.03128 1.25566
-1.03105 1.24939
-1.03155 1.24691
-1.03391 1.24413
-1.03716 1.24200
-1.03651 1.24178
-1.03850 1.24036
-1.03854 1.23579
-1.03953 1.23061
-1.03760 1.22586
-1.03967 1.22181
-1.04211 1.21893
-1.04401 1.21577
-1.04615 1.21280
-1.04563 1.21008
-1.04535 1.20619
-1.04427 1.20001
-1.04390 1.19434
-1.04523 1.18762
-1.04847 1.18008
-1.04770 1.17575
-1.04895 1.17333
-1.04969 1.16999
-1.04974 1.16733
-1.05005 1.16455
-1.05259 1.16094
-1.05606 1.15835
-1.05650 1.15557
-1.05346 1.13529
-1.05341 1.11997
-1.05843 1.11583
-1.05853 1.11570
-1.05845 1.11295
-1.05978 1.10736
-1.05977 1.10625
-1.06069 1.10308
-1.05934 1.09765
-1.05744 1.09462
-1.05967 1.08872
-1.05972 1.08855
-1.06008 1.08561
-1.05824 1.07948
-1.05941 1.07925
-1.06113 1.07481
-1.06172 1.06961
-1.05966 1.06049
-1.05963 1.06025
-1.05933 1.05688
-1.05859 1.05284
-1.05935 1.04719
-1.06072 1.04222
-1.06126 1.03696
-1.06257 1.03321
-1.06147 1.03071
-1.06076 1.02862
-1.05923 1.02695
-1.05995 1.01930
-1.05996 1.01910
-1.05963 1.01261
-1.05656 0.99881
-1.05774 0.99431
-1.05890 0.98998
-1.05874 0.98815
-1.05902 0.98027
-1.05824 0.97764
-1.05621 0.97446
-1.05611 0.97019
-1.05745 0.96228
-1.05787 0.95548
-1.05839 0.94885
-1.05890 0.94536
-1.05942 0.94323
-1.05765 0.94123
-1.05055 0.93822
-1.05055 0.93822
-1.05423 0.93256
-1.05478 0.92892
-1.05154 0.91998
-1.05009 0.91477
-1.05090 0.91188
-1.05210 0.90913
-1.05280 0.90715
-1.05392 0.90585
-1.05371 0.90104
-1.05195 0.89747
-1.04999 0.89199
-1.04858 0.88667
-1.04523 0.88141
-1.04389 0.87539
-1.04560 0.87096
-1.04492 0.86725
-1.04425 0.86342
-1.04492 0.85998
-1.04412 0.85762
-1.04281 0.85543
-1.04198 0.85242
-1.04061 0.85093
-1.04039 0.84798
-1.04078 0.84503
-1.04120 0.83906
-1.04142 0.83358
-1.04073 0.82594
-1.03824 0.81849
-1.03819 0.81829
-1.03690 0.81500
-1.03395 0.81338
-1.03292 0.81223
-1.03184 0.80657
-1.03072 0.80274
-1.02854 0.79794
-1.02770 0.79330
-1.02805 0.78836
-1.02776 0.78449
-1.02836 0.78079
-1.02759 0.77779
-1.02546 0.77485
-1.02371 0.77131
-1.02495 0.76763
-1.02403 0.76597
-1.02421 0.76419
-1.02389 0.75964
-1.02053 0.75750
-1.01867 0.75223
-1.01696 0.74951
-1.01424 0.74491
-1.01165 0.74001
-1.01225 0.73493
-1.01319 0.72796
-1.01304 0.72454
-1.01296 0.72240
-1.01420 0.72113
-1.00999 0.72089
-1.01045 0.71738
-1.01065 0.71351
-1.00938 0.70990
-1.00756 0.70535
-1.00414 0.70091
-1.00129 0.69571
-1.00081 0.69095
-1.00278 0.68730
-1.00302 0.68207
-0.99933 0.67873
-0.99389 0.67476
-0.99000 0.67072
-0.98780 0.66761
-0.98774 0.66389
-0.98783 0.65998
-0.98797 0.65829
-0.98768 0.65509
-0.98667 0.65150
-0.98470 0.64733
-0.98569 0.64447
-0.98488 0.64298
-0.98197 0.63745
-0.97718 0.63337
-0.97158 0.62813
-0.96970 0.62286
-0.97017 0.61902
-0.96963 0.61427
-0.97034 0.61145
-0.96953 0.60850
-0.96737 0.60521
-0.96438 0.60227
-0.96151 0.59868
-0.95992 0.59612
-0.95820 0.59070
-0.95722 0.58697
-0.95487 0.58001
-0.95364 0.57638
-0.95468 0.56956
-0.95227 0.56533
-0.94943 0.56170
-0.94549 0.56014
-0.94483 0.55671
-0.94239 0.55359
-0.94077 0.55177
-0.94031 0.54977
-0.94012 0.54735
-0.94101 0.54478
-0.93985 0.53560
-0.93982 0.53536
-0.93564 0.53028
-0.93375 0.52863
-0.92415 0.52398
-0.92393 0.52386
-0.92010 0.52262
-0.91728 0.52054
-0.91490 0.51631
-0.91630 0.51101
-0.91841 0.50700
-0.91659 0.50121
-0.90975 0.48569
-0.90799 0.47901
-0.90628 0.47394
-0.90239 0.47187
-0.89703 0.46909
-0.89135 0.46796
-0.89051 0.46064
-0.88672 0.45410
-0.88100 0.44851
-0.87584 0.44329
-0.87501 0.44054
-0.87052 0.42956
-0.87040 0.42933
-0.86856 0.42730
-0.86857 0.42851
-0.86775 0.42729
-0.86440 0.42419
-0.85881 0.41756
-0.85574 0.41359
-0.85224 0.40975
-0.84721 0.40472
-0.84707 0.40459
-0.84470 0.40016
-0.84464 0.40005
-0.84411 0.39655
-0.84461 0.39556
-0.84324 0.39366
-0.84079 0.39166
-0.83742 0.38837
-0.83440 0.38219
-0.83266 0.37761
-0.82861 0.37501
-0.82466 0.37194
-0.82309 0.36843
-0.82090 0.36329
-0.81690 0.35939
-0.81366 0.35051
-0.80972 0.34980
-0.80636 0.34924
-0.80471 0.34608
-0.80315 0.34346
-0.80071 0.34092
-0.79675 0.33763
-0.79137 0.32680
-0.79159 0.32713
-0.78989 0.32441
-0.78765 0.31949
-0.78760 0.31942
-0.78546 0.31859
-0.78171 0.31821
-0.77641 0.31726
-0.77233 0.31460
-0.77016 0.31113
-0.76782 0.30777
-0.76631 0.30448
-0.76461 0.30354
-0.76127 0.30195
-0.75874 0.29899
-0.75614 0.29494
-0.75301 0.29136
-0.75017 0.28800
-0.74678 0.28368
-0.74325 0.28092
-0.73907 0.27659
-0.73715 0.27398
-0.73573 0.27032
-0.73242 0.26814
-0.72894 0.26624
-0.72658 0.26299
-0.72489 0.26150
-0.72313 0.26076
-0.72081 0.25967
-0.71701 0.25642
-0.71240 0.25317
-0.70978 0.24952
-0.70671 0.24658
-0.70360 0.24439
-0.70084 0.24119
-0.69989 0.23831
-0.69736 0.23718
-0.69432 0.23472
-0.69143 0.22987
-0.68665 0.22686
-0.68282 0.22513
-0.68045 0.22407
-0.67997 0.22322
-0.67775 0.22167
-0.67406 0.22002
-0.67137 0.21756
-0.66759 0.21588
-0.66441 0.21246
-0.66378 0.20871
-0.66119 0.20612
-0.65697 0.20375
-0.65371 0.19985
-0.65049 0.20038
-0.64634 0.20000
-0.64192 0.19904
-0.63902 0.19575
-0.63457 0.19277
-0.63352 0.18592
-0.63063 0.18319
-0.63014 0.18119
-0.62592 0.17909
-0.62175 0.17835
-0.62084 0.17752
-0.61740 0.17642
-0.61496 0.17168
-0.61103 0.17091
-0.60654 0.16572
-0.60295 0.16186
-0.59684 0.15849
-0.59328 0.15617
-0.59208 0.15602
-0.58939 0.15482
-0.58631 0.15601
-0.58296 0.15382
-0.57903 0.15139
-0.57361 0.14968
-0.57383 0.14831
-0.56890 0.14680
-0.56523 0.14457
-0.56163 0.14182
-0.55960 0.13914
-0.55681 0.13849
-0.55435 0.13960
-0.55077 0.13938
-0.54541 0.13750
-0.53946 0.13532
-0.53737 0.13190
-0.53651 0.12812
-0.53633 0.12773
-0.53282 0.12474
-0.52914 0.12222
-0.52529 0.12163
-0.52083 0.11971
-0.51599 0.11801
-0.51246 0.11760
-0.50909 0.11571
-0.50643 0.11178
-0.50537 0.10833
-0.50228 0.10476
-0.49784 0.10213
-0.49240 0.09991
-0.48723 0.09990
-0.48222 0.09914
-0.47883 0.09861
-0.47796 0.09817
-0.47648 0.09721
-0.47578 0.09538
-0.47298 0.09347
-0.46730 0.09257
-0.45304 0.08415
-0.44846 0.08272
-0.44834 0.08268
-0.44404 0.08171
-0.43910 0.08087
-0.43553 0.07840
-0.43159 0.07270
-0.42711 0.06620
-0.42698 0.06604
-0.42109 0.06545
-0.41244 0.06873
-0.41223 0.06877
-0.40969 0.07069
-0.40902 0.06812
-0.40636 0.06427
-0.40250 0.06116
-0.39581 0.05921
-0.38215 0.05588
-0.38164 0.05610
-0.38046 0.05481
-0.37882 0.05390
-0.37646 0.05342
-0.36966 0.05292
-0.35420 0.04810
-0.34854 0.04595
-0.34842 0.04590
-0.34608 0.04439
-0.34225 0.04280
-0.33765 0.04113
-0.33034 0.03884
-0.31651 0.03556
-0.31099 0.03436
-0.30690 0.03168
-0.30261 0.02973
-0.30046 0.02890
-0.29216 0.02672
-0.28672 0.02528
-0.28435 0.02313
-0.28357 0.02382
-0.27950 0.02378
-0.27228 0.02348
-0.26640 0.02341
-0.26190 0.02228
-0.25852 0.02047
-0.25040 0.01692
-0.24873 0.01871
-0.24077 0.01700
-0.23947 0.01696
-0.23592 0.01658
-0.22511 0.01472
-0.22544 0.01327
-0.22103 0.01119
-0.21697 0.01062
-0.21344 0.01059
-0.20635 0.01125
-0.20141 0.00933
-0.19407 0.00753
-0.19387 0.00751
-0.19033 0.00752
-0.18584 0.00880
-0.18099 0.00863
-0.17223 0.00691
-0.17200 0.00687
-0.16698 0.00634
-0.16387 0.00563
-0.16108 0.00400
-0.15747 0.00305
-0.15303 0.00136
-0.14765 0.00199
-0.14386 0.00426
-0.13879 0.00561
-0.13450 0.00605
-0.13245 0.00405
-0.13067 0.00323
-0.12635 0.00047
-0.12147 -0.00199
-0.11628 0.00019
-0.11085 0.00100
-0.10518 0.00261
-0.09939 0.00243
-0.09640 0.00099
-0.09708 -0.00152
-0.09499 -0.00409
-0.09310 -0.00419
-0.08955 -0.00487
-0.08675 -0.00460
-0.07960 -0.00232
-0.07381 -0.00276
-0.06880 -0.00194
-0.06475 0.00058
-0.06220 -0.00212
-0.05943 -0.00284
-0.05534 -0.00249
-0.05192 -0.00205
-0.04707 -0.00218
-0.04398 -0.00220
-0.03953 -0.00346
-0.03528 -0.00335
-0.03052 -0.00383
-0.02563 -0.00416
-0.02163 -0.00445
-0.01923 -0.00412
-0.01718 -0.00430
-0.01245 -0.00291
-0.00902 -0.00349
-0.00510 -0.00371
-0.00226 -0.00360
0.00093 -0.00273
0.00113 -0.00331
-0.00061 -0.00231
-0.00209 -0.00132
-0.00628 -0.00057
-0.00984 -0.00191
-0.00897 -0.00290
-0.00584 -0.00464
-0.00284 -0.00442
-0.00051 -0.00428
-0.00195 -0.00207
-0.00494 -0.00148
-0.00778 -0.00149
-0.00840 -0.00162
-0.00821 -0.00320
-0.00697 -0.00411
-0.00428 -0.00320
-0.00266 -0.00343
-0.00251 -0.00244
-0.00178 -0.00303
-0.00118 -0.00498
-0.00323 -0.00495
-0.00492 -0.00525
-0.00650 -0.00424
-0.00630 -0.00330
-0.00524 -0.00282
-0.00443 -0.00136
-0.00425 -0.00138
-0.00490 -0.00235
