-0.01138 0.00072
-0.00867 -0.00065
-0.00868 -0.00333
-0.00989 -0.00539
-0.01088 -0.00630
-0.01074 -0.00155
-0.01053 -0.00116
-0.01018 -0.00184
-0.01054 -0.00330
-0.01120 -0.00398
-0.01064 -0.00281
-0.01011 -0.00216
-0.00910 -0.00059
-0.00939 -0.00117
-0.00936 -0.00167
-0.01009 -0.00224
-0.01120 -0.00296
-0.01270 -0.00313
-0.01259 -0.00257
-0.00986 -0.00249
-0.00849 -0.00259
-0.00732 -0.00183
-0.00818 -0.00185
-0.00972 -0.00199
-0.01092 -0.00283
-0.01270 -0.00368
-0.01329 -0.00278
-0.01348 -0.00214
-0.00955 -0.00248
-0.01086 -0.00109
-0.01140 -0.00087
-0.01163 -0.00238
-0.01252 -0.00271
-0.01218 -0.00338
-0.01138 -0.00357
-0.01066 -0.00436
-0.01060 -0.00112
-0.01072 -0.00172
-0.01049 -0.00182
-0.01013 -0.00306
-0.00854 -0.00404
-0.00807 -0.00252
-0.01089 -0.00062
-0.01093 -0.00056
-0.01264 -0.00129
-0.01116 -0.00050
-0.01115 -0.00047
-0.00893 -0.00111
-0.00774 -0.00282
-0.00903 -0.00342
-0.00942 -0.00515
-0.01203 -0.00436
-0.01121 -0.00250
-0.00876 -0.00238
-0.00390 -0.00264
0.00591 -0.00276
0.01507 -0.00183
0.02600 -0.00168
0.02629 -0.00167
0.02771 -0.00205
0.02630 -0.00173
0.02733 -0.00082
0.03152 -0.00134
0.03418 -0.00341
0.05161 0.00026
0.05620 0.00232
0.06041 0.00369
0.06315 0.00382
0.06592 0.00265
0.06858 0.00028
0.07264 0.00005
0.07648 -0.00000
0.08031 0.00240
0.08525 0.00562
0.08899 0.00604
0.09334 0.00465
0.09715 0.00305
0.09966 0.00359
0.10302 0.00381
0.10636 0.00516
0.10930 0.00552
0.11427 0.00499
0.11810 0.00527
0.12262 0.00607
0.12686 0.00753
0.13069 0.00994
0.13821 0.01241
0.13838 0.01245
0.14407 0.01205
0.14811 0.01238
0.15190 0.01179
0.15434 0.01334
0.16059 0.01524
0.16076 0.01530
0.16395 0.01628
0.16728 0.01737
0.17068 0.01755
0.17837 0.01970
0.17854 0.01975
0.18379 0.02303
0.18784 0.02353
0.19277 0.02422
0.19644 0.02404
0.19852 0.02444
0.20160 0.02542
0.20544 0.02642
0.20931 0.02850
0.21220 0.03074
0.21585 0.03137
0.21823 0.03078
0.22127 0.03131
0.22483 0.03160
0.22931 0.03335
0.23639 0.03380
0.24136 0.03452
0.24644 0.03770
0.24948 0.03890
0.25157 0.03871
0.25456 0.03901
0.25609 0.03885
0.26127 0.04165
0.26423 0.04369
0.26786 0.04509
0.27414 0.04546
0.27862 0.04555
0.28191 0.04709
0.28424 0.04874
0.28959 0.05119
0.29441 0.05335
0.29670 0.05161
0.29826 0.05272
0.30079 0.05490
0.30462 0.05661
0.30880 0.05663
0.31318 0.05718
0.31892 0.05662
0.32183 0.06018
0.32615 0.06351
0.33060 0.06379
0.33167 0.06309
0.33336 0.06369
0.33509 0.06463
0.33638 0.06838
0.34254 0.07313
0.34799 0.07548
0.35286 0.07801
0.35735 0.07792
0.36130 0.07861
0.36568 0.07965
0.36970 0.08084
0.37461 0.08323
0.37819 0.08591
0.38079 0.08690
0.38339 0.08798
0.38608 0.08870
0.38853 0.09054
0.39068 0.09215
0.39333 0.09351
0.39647 0.09627
0.40019 0.09854
0.40422 0.09831
0.40817 0.09849
0.41202 0.10078
0.41653 0.10416
0.42031 0.10810
0.42483 0.10950
0.42855 0.11175
0.43163 0.11314
0.43503 0.11340
0.43754 0.11453
0.44033 0.11602
0.44397 0.12080
0.44674 0.12236
0.44912 0.12422
0.45239 0.12583
0.45587 0.12642
0.46050 0.12665
0.46574 0.12951
0.46999 0.13309
0.47293 0.13878
0.47605 0.14038
0.47859 0.14263
0.48155 0.14393
0.48362 0.14507
0.48763 0.14491
0.49255 0.14590
0.49590 0.14678
0.50059 0.15020
0.50536 0.15288
0.50561 0.15571
0.50694 0.15562
0.51015 0.15338
0.51437 0.15209
0.51736 0.15223
0.52136 0.15758
0.52546 0.16669
0.53025 0.17506
0.53557 0.18039
0.54071 0.18539
0.54490 0.18577
0.54678 0.18621
0.54800 0.18426
0.54885 0.18298
0.55097 0.18171
0.55389 0.18266
0.55863 0.19029
0.55875 0.19044
0.56247 0.19350
0.56616 0.19849
0.57007 0.20082
0.57240 0.20197
0.57743 0.20511
0.58274 0.20712
0.58633 0.20962
0.59070 0.21129
0.59283 0.21532
0.59208 0.21879
0.59334 0.22150
0.59617 0.22247
0.59974 0.22391
0.60239 0.22514
0.60584 0.22659
0.60749 0.22910
0.61117 0.23215
0.61581 0.23493
0.61894 0.23815
0.62254 0.24106
0.62650 0.24379
0.63490 0.25471
0.63637 0.25655
0.64035 0.25898
0.64296 0.26183
0.64592 0.26164
0.64904 0.26324
0.65280 0.26494
0.65796 0.27007
0.65812 0.27021
0.66022 0.27408
0.66239 0.27782
0.66603 0.28396
0.66613 0.28412
0.66852 0.28694
0.67300 0.29052
0.67910 0.29562
0.68489 0.29643
0.68591 0.29665
0.68649 0.29794
0.68742 0.29894
0.68927 0.30142
0.69800 0.30729
0.70046 0.31099
0.70220 0.31383
0.70567 0.31662
0.70920 0.32026
0.71358 0.32417
0.71899 0.33057
0.71914 0.33072
0.71872 0.33564
0.72011 0.33923
0.72208 0.33931
0.72334 0.34062
0.72569 0.34156
0.73007 0.34591
0.73597 0.34976
0.73612 0.34986
0.73807 0.35198
0.74096 0.35776
0.74333 0.36248
0.74845 0.36894
0.75503 0.37665
0.75528 0.37694
0.75828 0.38003
0.76208 0.38315
0.76405 0.38476
0.76462 0.38808
0.76665 0.39092
0.76939 0.39358
0.77103 0.39503
0.77479 0.39994
0.77842 0.40460
0.78108 0.40881
0.78438 0.41304
0.78686 0.41664
0.78994 0.41935
0.79186 0.42125
0.79246 0.42314
0.79415 0.42434
0.79633 0.42557
0.79893 0.42821
0.80119 0.43109
0.80231 0.43522
0.80397 0.44103
0.80575 0.44626
0.80963 0.45174
0.81353 0.45571
0.81583 0.45921
0.81871 0.46096
0.82107 0.46293
0.82340 0.46645
0.82378 0.47007
0.82607 0.47235
0.82662 0.47725
0.82853 0.48286
0.82937 0.48601
0.83024 0.48956
0.83271 0.49045
0.83511 0.49077
0.83662 0.49313
0.83884 0.49713
0.84162 0.50158
0.84590 0.50529
0.84720 0.51076
0.84899 0.51486
0.85249 0.51908
0.85473 0.52197
0.85712 0.52741
0.85834 0.53231
0.85971 0.53613
0.86078 0.53852
0.86168 0.53891
0.86440 0.53931
0.86797 0.54079
0.86968 0.54466
0.87102 0.54899
0.87175 0.55321
0.87392 0.55804
0.87558 0.56204
0.87559 0.56888
0.87802 0.57546
0.88020 0.57949
0.88140 0.58049
0.88293 0.58481
0.88584 0.59109
0.88704 0.59435
0.88872 0.59615
0.88907 0.59805
0.88892 0.60022
0.89013 0.60309
0.89503 0.60546
0.89820 0.60853
0.90044 0.61471
0.90112 0.62043
0.90323 0.62554
0.90418 0.63091
0.90596 0.63643
0.90805 0.64031
0.90809 0.64180
0.90857 0.64554
0.90894 0.64737
0.90731 0.64861
0.91047 0.65102
0.91346 0.65312
0.91506 0.65706
0.91674 0.65945
0.91823 0.66313
0.91878 0.66715
0.92104 0.67073
0.92342 0.67643
0.92557 0.68197
0.92742 0.68663
0.92612 0.69035
0.92688 0.69449
0.92747 0.69673
0.92815 0.69874
0.92900 0.70095
0.93058 0.70330
0.93274 0.70820
0.93359 0.71432
0.93603 0.71954
0.93731 0.72384
0.93725 0.72735
0.93798 0.73126
0.93993 0.73457
0.94035 0.73813
0.94096 0.74220
0.94149 0.74574
0.94138 0.74623
0.94294 0.74861
0.94231 0.75176
0.94239 0.75387
0.94375 0.75846
0.94763 0.76238
0.95442 0.77379
0.95028 0.78103
0.95019 0.78125
0.95783 0.79042
0.95948 0.79583
0.96104 0.80245
0.96220 0.80855
0.96025 0.81350
0.95983 0.81911
0.96122 0.82125
0.96229 0.82451
0.96313 0.82759
0.96321 0.83269
0.96422 0.83539
0.96558 0.83707
0.96836 0.83996
0.96883 0.84404
0.96865 0.85947
0.96753 0.86318
0.96940 0.86751
0.97418 0.87409
0.97283 0.87604
0.97459 0.88090
0.97459 0.89611
0.97334 0.90102
0.97414 0.90564
0.97485 0.90919
0.97720 0.91218
0.97905 0.92303
0.98033 0.92688
0.97943 0.93021
0.97997 0.93736
0.97998 0.93755
0.98092 0.94116
0.98205 0.94535
0.98111 0.95031
0.98099 0.95454
0.98154 0.95869
0.98157 0.96308
0.98263 0.96763
0.98257 0.97169
0.98404 0.97356
0.98332 0.97361
0.98285 0.97510
0.98317 0.97882
0.98249 0.98430
0.98352 0.98957
0.98320 0.99767
0.98306 1.00261
0.98335 1.00711
0.98252 1.01178
0.98401 1.01327
0.98497 1.01544
0.98397 1.01846
0.98387 1.02199
0.98304 1.02526
0.98237 1.02928
0.98154 1.03170
0.98285 1.03374
0.98295 1.03923
0.98396 1.04515
0.98427 1.04934
0.98334 1.05206
0.98284 1.05539
0.98236 1.05991
0.98140 1.06358
0.98297 1.06997
0.98229 1.07271
0.98092 1.07782
0.98354 1.08218
0.98417 1.08450
0.98234 1.08738
0.98272 1.09014
0.98222 1.09372
0.98049 1.09882
0.98007 1.10368
0.97830 1.10841
0.97695 1.11183
0.97697 1.11466
0.97932 1.11801
0.97999 1.12020
0.97926 1.12219
0.97759 1.12519
0.97468 1.13079
0.97406 1.13567
0.97390 1.14092
0.97348 1.14873
0.97404 1.15447
0.97533 1.15932
0.97552 1.16244
0.97601 1.16536
0.97455 1.16904
0.97249 1.17146
0.97020 1.17431
0.96984 1.17726
0.96816 1.18100
0.96838 1.18504
0.96866 1.18692
0.97000 1.19015
0.96949 1.19291
0.96849 1.19832
0.96698 1.20475
0.96548 1.21041
0.96465 1.21435
0.96493 1.21640
0.96368 1.22114
0.96245 1.22429
0.96015 1.22672
0.95864 1.23023
0.95703 1.23219
0.95640 1.23355
0.95679 1.23512
0.95714 1.23920
0.95734 1.24314
0.95679 1.24747
0.95461 1.25213
0.95226 1.25778
0.95031 1.26313
0.94957 1.26907
0.95173 1.27321
0.95117 1.27816
0.94840 1.28417
0.94653 1.28963
0.94619 1.29080
0.94618 1.29197
0.94394 1.29645
0.94472 1.30210
0.94335 1.30473
0.93991 1.30543
0.93842 1.30824
0.93789 1.31095
0.93842 1.31326
0.93634 1.31599
0.93391 1.31966
0.93152 1.32703
0.93178 1.33215
0.93074 1.33582
0.93107 1.33868
0.92895 1.34255
0.92828 1.34235
0.92794 1.34640
0.92496 1.34719
0.92255 1.35051
0.92394 1.35485
0.92255 1.36045
0.92282 1.36857
0.92005 1.37245
0.91824 1.37371
0.91631 1.37872
0.91518 1.37950
0.90997 1.38308
0.90692 1.38724
0.90698 1.39700
0.90702 1.39724
0.90758 1.40415
0.90852 1.40919
0.90723 1.41446
0.90492 1.41722
0.89910 1.42349
0.89897 1.42365
0.89820 1.42638
0.89680 1.43049
0.89568 1.43436
0.89138 1.44222
0.89128 1.44242
0.88847 1.44665
0.88659 1.45111
0.88109 1.46098
0.88096 1.46121
0.88067 1.46542
0.87793 1.47087
0.87784 1.47103
0.87621 1.47496
0.87490 1.47952
0.87495 1.48225
0.86733 1.49233
0.86460 1.49660
0.86453 1.50251
0.86451 1.50266
0.86099 1.50456
0.85777 1.50758
0.85524 1.51347
0.85127 1.52081
0.84940 1.52723
0.84791 1.53053
0.84832 1.53320
0.84831 1.53760
0.84871 1.53881
0.84582 1.54003
0.83336 1.55012
0.83292 1.55277
0.83039 1.55724
0.83052 1.56108
0.83037 1.56525
0.82181 1.57253
0.81959 1.57463
0.81743 1.58192
0.81734 1.58209
0.81519 1.58517
0.81133 1.58823
0.80842 1.59196
0.80153 1.59827
0.80114 1.60233
0.79977 1.60673
0.79759 1.61224
0.79475 1.61707
0.79132 1.62207
0.78715 1.62492
0.78345 1.62740
0.78097 1.63021
0.77954 1.63356
0.77840 1.63596
0.77268 1.64667
0.77067 1.64664
0.76697 1.64820
0.76458 1.65154
0.76236 1.65683
0.76263 1.66156
0.76166 1.66656
0.75776 1.66912
0.75441 1.67106
0.75269 1.67287
0.74961 1.67726
0.74784 1.67865
0.74468 1.68060
0.74252 1.68346
0.74085 1.68662
0.73726 1.68831
0.73493 1.69000
0.72871 1.69258
0.72719 1.69455
0.72536 1.69843
0.72366 1.70277
0.72184 1.70716
0.71930 1.71269
0.71416 1.71782
0.71109 1.71909
0.70729 1.72194
0.70717 1.72330
0.70641 1.72572
0.70562 1.72634
0.70288 1.72846
0.70002 1.73342
0.69614 1.73326
0.69353 1.73434
0.69077 1.73592
0.68882 1.73762
0.68874 1.74492
0.68390 1.74804
0.67870 1.75152
0.67308 1.75616
0.67015 1.75980
0.66916 1.76312
0.66829 1.76629
0.66718 1.76853
0.66530 1.77057
0.66342 1.77046
0.65908 1.77027
0.65475 1.77156
0.65040 1.77439
0.64481 1.78032
0.64328 1.78538
0.64331 1.78986
0.64156 1.79276
0.64007 1.79526
0.63752 1.79593
0.63569 1.79684
0.63092 1.79723
0.62577 1.79895
0.62080 1.80209
0.61734 1.80605
0.61498 1.80904
0.61403 1.81351
0.61244 1.81606
0.60932 1.82055
0.60446 1.82387
0.60198 1.82518
0.60053 1.82647
0.59693 1.82836
0.59273 1.83089
0.58835 1.83350
0.58545 1.83650
0.58111 1.83674
0.57722 1.83947
0.57377 1.84181
0.57236 1.84477
0.57174 1.84999
0.56924 1.85329
0.56825 1.85363
0.56269 1.85240
0.55674 1.85387
0.55184 1.85585
0.55062 1.85869
0.54591 1.86437
0.54377 1.86785
0.54258 1.86982
0.54051 1.87251
0.53775 1.87402
0.53433 1.87496
0.52938 1.87531
0.52457 1.87695
0.51850 1.88134
0.51525 1.88483
0.51254 1.88778
0.51097 1.89081
0.51232 1.89188
0.50391 1.89144
0.50373 1.89146
0.49610 1.89425
0.48926 1.90250
0.48514 1.90547
0.47829 1.90787
0.47187 1.90795
0.46540 1.91249
0.46524 1.91259
0.46195 1.91559
0.45274 1.92543
0.44322 1.92939
0.43417 1.92771
0.43372 1.92769
0.43067 1.92975
0.42604 1.93389
0.41780 1.94132
0.41760 1.94150
0.41574 1.94344
0.41352 1.94424
0.40676 1.94842
0.40659 1.94852
0.40204 1.95163
0.39882 1.95316
0.39500 1.95394
0.39248 1.95618
0.38985 1.96001
0.38530 1.96031
0.37936 1.96209
0.37509 1.96288
0.37187 1.96154
0.36982 1.96139
0.36814 1.96451
0.36807 1.96458
0.36689 1.96751
0.36193 1.97039
0.34818 1.97348
0.34790 1.97357
0.34195 1.97547
0.33838 1.97800
0.33715 1.97930
0.33463 1.98192
0.33368 1.98327
0.33121 1.98543
0.32515 1.98486
0.31389 1.98730
0.31364 1.98735
0.31199 1.98953
0.30838 1.99161
0.30826 1.99168
0.30264 1.99396
0.29834 1.99586
0.29237 2.00097
0.29235 1.99937
0.28991 2.00041
0.28739 1.99958
0.27769 1.99875
0.27732 1.99992
0.27421 2.00203
0.26752 2.00775
0.26733 2.00788
0.26223 2.00800
0.25829 2.00714
0.25436 2.00723
0.25085 2.00866
0.24763 2.01072
0.24337 2.01190
0.23951 2.01208
0.23585 2.01259
0.22998 2.01464
0.22546 2.01785
0.22171 2.01964
0.21899 2.01926
0.21673 2.01932
0.21460 2.01918
0.20981 2.01952
0.20560 2.02103
0.20276 2.02220
0.19945 2.02392
0.19557 2.02541
0.19159 2.02518
0.18774 2.02677
0.18386 2.02752
0.18005 2.02866
0.17650 2.02850
0.17284 2.02791
0.16837 2.02648
0.16432 2.02659
0.16272 2.02888
0.16003 2.02965
0.15707 2.02966
0.15339 2.03198
0.14775 2.03178
0.14186 2.03073
0.13691 2.03143
0.13341 2.03390
0.13073 2.03551
0.12599 2.03614
0.12243 2.03844
0.11865 2.03944
0.11585 2.04095
0.11170 2.04004
0.10643 2.04109
0.10355 2.04125
0.10053 2.04185
0.09624 2.04056
0.09291 2.04153
0.08788 2.04236
0.08718 2.04226
0.08588 2.04424
0.08343 2.04456
0.07812 2.04643
0.07226 2.04762
0.06564 2.04484
0.06265 2.04490
0.05796 2.04335
0.05286 2.04283
0.04899 2.04422
0.04656 2.04871
0.04510 2.05065
0.04108 2.04999
0.03720 2.04845
0.03154 2.04763
0.02660 2.04971
0.02301 2.04934
0.02072 2.04964
0.01676 2.04997
0.01296 2.05143
0.00882 2.05080
0.00059 2.05126
-0.00403 2.05211
-0.00752 2.05325
-0.00865 2.05260
-0.00727 2.05306
-0.01025 2.05296
-0.01614 2.05199
-0.02102 2.05121
-0.02486 2.05109
-0.02895 2.05200
-0.03486 2.05136
-0.03884 2.04936
-0.04284 2.04920
-0.04688 2.04897
-0.05268 2.04980
-0.05713 2.05190
-0.06221 2.05518
-0.06627 2.05443
-0.07008 2.05310
-0.07291 2.05165
-0.07641 2.04968
-0.07793 2.05046
-0.08064 2.05090
-0.08614 2.05010
-0.08986 2.04951
-0.09463 2.04710
-0.10178 2.04375
-0.10197 2.04369
-0.10541 2.04634
-0.10858 2.04738
-0.11105 2.04837
-0.11538 2.04988
-0.12115 2.04968
-0.12592 2.04918
-0.13343 2.04596
-0.13361 2.04588
-0.13649 2.04473
-0.13859 2.04434
-0.14336 2.04445
-0.15992 2.04665
-0.16700 2.04654
-0.16974 2.04401
-0.17069 2.04236
-0.17464 2.04148
-0.18102 2.04086
-0.18102 2.04086
-0.18226 2.03929
-0.19016 2.03760
-0.19034 2.03756
-0.19705 2.03528
-0.20024 2.03591
-0.20304 2.03618
-0.20841 2.03931
-0.21315 2.03778
-0.22791 2.03328
-0.23100 2.03394
-0.23933 2.03235
-0.24518 2.03032
-0.24902 2.02895
-0.25975 2.02913
-0.26386 2.02756
-0.26705 2.02622
-0.27876 2.02355
-0.28226 2.02293
-0.28835 2.02141
-0.28848 2.02135
-0.29200 2.01952
-0.29779 2.01870
-0.30296 2.01848
-0.30769 2.01763
-0.31032 2.01759
-0.31437 2.01873
-0.31713 2.01922
-0.31896 2.01725
-0.32119 2.01433
-0.32254 2.01021
-0.32544 2.00564
-0.32904 2.00510
-0.33239 2.00510
-0.34422 2.00406
-0.34450 2.00403
-0.34894 2.00457
-0.35463 2.00413
-0.36005 2.00464
-0.36865 2.00084
-0.36887 2.00078
-0.36977 1.99855
-0.37350 1.99840
-0.37519 1.99875
-0.37903 1.99753
-0.38215 1.99407
-0.38320 1.99341
-0.38519 1.99102
-0.38847 1.98743
-0.39240 1.98530
-0.39767 1.98339
-0.40669 1.98672
-0.40712 1.98679
-0.41343 1.98435
-0.42000 1.98281
-0.42443 1.97682
-0.42794 1.97543
-0.42832 1.97516
-0.42746 1.97533
-0.42690 1.97575
-0.42947 1.97574
-0.43350 1.97520
-0.44012 1.97086
-0.44882 1.96465
-0.45402 1.96242
-0.45712 1.96165
-0.46066 1.96138
-0.46259 1.96085
-0.46507 1.96160
-0.46854 1.95991
-0.47102 1.95974
-0.47580 1.95574
-0.47944 1.95446
-0.48281 1.95086
-0.48606 1.94924
-0.49090 1.94700
-0.49441 1.94628
-0.49602 1.94633
-0.49857 1.94384
-0.50287 1.94136
-0.50520 1.93925
-0.50953 1.93782
-0.51318 1.93629
-0.51780 1.93312
-0.52372 1.93142
-0.52899 1.92968
-0.53289 1.92776
-0.53546 1.92676
-0.53927 1.92628
-0.54214 1.92446
-0.54500 1.92307
-0.54760 1.92007
-0.54892 1.91770
-0.55214 1.91478
-0.55534 1.91236
-0.55817 1.90968
-0.56097 1.90688
-0.56234 1.90404
-0.56581 1.90453
-0.56974 1.90215
-0.57327 1.89981
-0.57752 1.89730
-0.58150 1.89720
-0.58460 1.89634
-0.58685 1.89433
-0.58946 1.89048
-0.59322 1.88853
-0.59737 1.88556
-0.59997 1.88344
-0.60313 1.88080
-0.60727 1.87751
-0.61067 1.87558
-0.61421 1.87436
-0.61763 1.87387
-0.62201 1.87346
-0.62511 1.86899
-0.62851 1.86762
-0.63107 1.86518
-0.63390 1.86275
-0.63619 1.86051
-0.63952 1.85733
-0.64174 1.85566
-0.64341 1.85592
-0.64731 1.85213
-0.65037 1.85026
-0.65389 1.84931
-0.65588 1.84494
-0.65923 1.84017
-0.66301 1.83637
-0.66605 1.83223
-0.66615 1.83213
-0.67023 1.83136
-0.67224 1.82782
-0.67631 1.82468
-0.68195 1.82292
-0.68695 1.82193
-0.68964 1.81996
-0.69246 1.81446
-0.69620 1.81189
-0.69854 1.80936
-0.69977 1.80732
-0.70265 1.80586
-0.70635 1.80290
-0.71049 1.80127
-0.71181 1.80069
-0.71370 1.79897
-0.71586 1.79676
-0.71830 1.79070
-0.71994 1.78666
-0.72378 1.78296
-0.73003 1.77925
-0.73489 1.77804
-0.73876 1.77786
-0.74336 1.78061
-0.74383 1.77768
-0.74540 1.77287
-0.74804 1.76899
-0.75010 1.76509
-0.75100 1.76137
-0.75184 1.75798
-0.76492 1.75170
-0.76988 1.74892
-0.78102 1.74359
-0.78057 1.74382
-0.77947 1.74156
-0.78202 1.73621
-0.79193 1.71718
-0.79332 1.71555
-0.79640 1.71529
-0.80122 1.71357
-0.80661 1.70965
-0.81641 1.69404
-0.81664 1.69370
-0.81920 1.68980
-0.81971 1.68868
-0.82113 1.68659
-0.82129 1.68765
-0.82352 1.68697
-0.82579 1.68664
-0.82847 1.68326
-0.83326 1.67721
-0.83452 1.67044
-0.83952 1.66547
-0.83967 1.66531
-0.84263 1.66592
-0.84794 1.66457
-0.85000 1.66264
-0.85081 1.66129
-0.85307 1.64816
-0.86088 1.63584
-0.86104 1.63560
-0.86397 1.63441
-0.86856 1.63196
-0.86878 1.63181
-0.87190 1.63006
-0.87467 1.62630
-0.87647 1.62315
-0.87951 1.61853
-0.88127 1.61424
-0.88209 1.61022
-0.88413 1.60796
-0.88648 1.60434
-0.88908 1.60091
-0.89098 1.59751
-0.89199 1.59460
-0.89439 1.59274
-0.89739 1.59020
-0.89880 1.58770
-0.90163 1.58511
-0.90425 1.58252
-0.90768 1.58011
-0.90910 1.57571
-0.90976 1.57225
-0.91176 1.56862
-0.91571 1.56499
-0.91855 1.56288
-0.92033 1.56164
-0.92185 1.56041
-0.92163 1.55765
-0.92178 1.55398
-0.92316 1.54790
-0.92676 1.54373
-0.92859 1.53851
-0.93043 1.53493
-0.93182 1.53020
-0.93460 1.52595
-0.94015 1.52453
-0.94390 1.52230
-0.94642 1.52083
-0.94695 1.51859
-0.94884 1.51597
-0.94901 1.51183
-0.95047 1.50615
-0.95017 1.50318
-0.94968 1.49809
-0.95211 1.49499
-0.95548 1.49184
-0.95856 1.49042
-0.96018 1.48579
-0.96036 1.48179
-0.96150 1.47603
-0.96457 1.47097
-0.96313 1.47105
-0.96544 1.46885
-0.96787 1.46734
-0.97000 1.46565
-0.97381 1.46136
-0.97605 1.45658
-0.97525 1.45195
-0.97479 1.44572
-0.97451 1.44028
-0.97752 1.43572
-0.98012 1.43408
-0.98382 1.43370
-0.98472 1.43054
-0.98546 1.42738
-0.98491 1.42413
-0.98438 1.41927
-0.98558 1.41349
-0.98855 1.40767
-0.99278 1.40193
-0.99350 1.40097
-0.99617 1.39886
-0.99802 1.39504
-0.99889 1.39200
-0.99942 1.38839
-1.00074 1.38492
-1.00227 1.38115
-1.00332 1.37708
-1.00349 1.37518
-1.00435 1.37101
-1.00625 1.36687
-1.00931 1.36167
-1.01172 1.35590
-1.01302 1.35063
-1.01363 1.34618
-1.01481 1.34460
-1.01618 1.34203
-1.01838 1.34007
-1.02104 1.33644
-1.02076 1.33312
-1.02129 1.32985
-1.02267 1.32556
-1.02427 1.32172
-1.02541 1.31816
-1.02520 1.31331
-1.02486 1.31154
-1.02458 1.30913
-1.02593 1.30482
-1.02781 1.30120
-1.03051 1.29711
-1.03307 1.29386
-1.03359 1.29127
-1.03566 1.28869
-1.03544 1.28523
-1.03569 1.28070
-1.03690 1.27436
-1.03729 1.26929
-1.03829 1.26417
-1.03987 1.25892
-1.04152 1.25363
-1.04055 1.24888
-1.03873 1.24379
-1.03871 1.24364
-1.03993 1.24006
-1.04256 1.23707
-1.04761 1.23230
-1.04769 1.23221
-1.04780 1.23106
-1.04794 1.22819
-1.04984 1.22575
-1.05092 1.22010
-1.05295 1.21395
-1.05388 1.19943
-1.05389 1.19909
-1.05349 1.19632
-1.05391 1.19380
-1.05063 1.19208
-1.05059 1.19198
-1.05285 1.18893
-1.05416 1.18384
-1.05551 1.18004
-1.06138 1.16543
-1.06143 1.16094
-1.06344 1.15874
-1.06321 1.15956
-1.06207 1.15700
-1.06126 1.15283
-1.05931 1.14917
-1.06321 1.13019
-1.06425 1.12694
-1.06507 1.12282
-1.06597 1.11876
-1.06631 1.11335
-1.06631 1.11320
-1.06590 1.11015
-1.06408 1.10537
-1.06405 1.10524
-1.06260 1.10037
-1.06168 1.09446
-1.06343 1.08672
-1.06692 1.08118
-1.06835 1.07183
-1.06472 1.07044
-1.06378 1.06674
-1.06370 1.06650
-1.06485 1.06352
-1.06495 1.05393
-1.06494 1.05371
-1.06382 1.04920
-1.06329 1.04328
-1.06698 1.03241
-1.06715 1.02887
-1.06883 1.02463
-1.06742 1.02059
-1.06407 1.01054
-1.06393 1.01007
-1.06232 1.00545
-1.06145 0.99999
-1.06090 0.99529
-1.06075 0.99127
-1.06175 0.98898
-1.06152 0.98323
-1.06155 0.98291
-1.06149 0.98169
-1.06138 0.97874
-1.06331 0.97473
-1.06500 0.96833
-1.06356 0.96334
-1.06450 0.95886
-1.06617 0.95232
-1.06428 0.95050
-1.06294 0.94933
-1.06176 0.94660
-1.05888 0.94413
-1.05781 0.94045
-1.05543 0.93731
-1.05446 0.93433
-1.05517 0.93189
-1.05570 0.92887
-1.05590 0.92615
-1.05763 0.92005
-1.05820 0.91579
-1.05670 0.90955
-1.05370 0.90369
-1.05225 0.89971
-1.05093 0.89588
-1.05042 0.89001
-1.05149 0.88655
-1.05293 0.88261
-1.05206 0.87797
-1.04986 0.87244
-1.04748 0.86707
-1.04600 0.86384
-1.04786 0.86179
-1.05090 0.86029
-1.05157 0.85871
-1.05068 0.85561
-1.04905 0.85162
-1.04700 0.84589
-1.04616 0.84180
-1.04500 0.83624
-1.04474 0.83159
-1.04553 0.82776
-1.04443 0.82345
-1.04485 0.82043
-1.04404 0.81789
-1.04093 0.81480
-1.03772 0.81251
-1.03712 0.81012
-1.03586 0.80753
-1.03546 0.80459
-1.03515 0.80014
-1.03575 0.79432
-1.03468 0.78887
-1.03446 0.78375
-1.03393 0.78172
-1.03415 0.77647
-1.03231 0.77557
-1.02913 0.76929
-1.02683 0.76468
-1.02610 0.75897
-1.02593 0.75336
-1.02558 0.74816
-1.02456 0.74503
-1.02384 0.74429
-1.02257 0.74527
-1.02238 0.74324
-1.02195 0.73838
-1.02094 0.73616
-1.02001 0.72967
-1.01755 0.72365
-1.01463 0.71485
-1.01451 0.70894
-1.01318 0.70528
-1.01206 0.70205
-1.01086 0.70044
-1.00959 0.69769
-1.00818 0.69619
-1.00446 0.69382
-1.00085 0.69248
-1.00092 0.68978
-0.99986 0.68708
-0.99863 0.68304
-1.00179 0.67558
-1.00292 0.66814
-1.00145 0.66146
-0.99918 0.65683
-0.99442 0.65530
-0.99287 0.65221
-0.99036 0.65088
-0.98588 0.63864
-0.98494 0.63401
-0.98488 0.62779
-0.98028 0.61829
-0.97429 0.61032
-0.97394 0.60989
-0.97094 0.60762
-0.97272 0.60193
-0.97277 0.60184
-0.97296 0.60007
-0.96737 0.58936
-0.96720 0.58906
-0.96613 0.58553
-0.96501 0.58372
-0.96415 0.58097
-0.96306 0.57910
-0.95708 0.57016
-0.95377 0.56438
-0.95108 0.56127
-0.94774 0.55730
-0.94391 0.55282
-0.94234 0.54954
-0.94099 0.54333
-0.93920 0.54002
-0.93954 0.53313
-0.94038 0.52999
-0.92914 0.52285
-0.92632 0.51906
-0.92517 0.51623
-0.92403 0.51198
-0.92206 0.51103
-0.92013 0.50863
-0.92021 0.50377
-0.91790 0.49795
-0.91508 0.49306
-0.91235 0.48988
-0.91091 0.48828
-0.90427 0.48384
-0.90427 0.48384
-0.90279 0.48258
-0.90136 0.47690
-0.90055 0.47225
-0.89999 0.46517
-0.89722 0.45728
-0.89506 0.45437
-0.89165 0.45509
-0.89165 0.45315
-0.88846 0.45436
-0.88612 0.45298
-0.88330 0.44868
-0.88108 0.44604
-0.87916 0.44234
-0.87644 0.43713
-0.87289 0.43274
-0.86854 0.42952
-0.86627 0.42538
-0.86576 0.42135
-0.86762 0.41820
-0.86753 0.41572
-0.86405 0.41500
-0.86221 0.41191
-0.85839 0.40715
-0.85400 0.40187
-0.84943 0.39867
-0.84569 0.39536
-0.84285 0.39265
-0.84195 0.39154
-0.84074 0.38889
-0.83969 0.38651
-0.83602 0.37787
-0.83593 0.37765
-0.83372 0.37399
-0.83186 0.37152
-0.82768 0.36892
-0.82396 0.36649
-0.82194 0.36520
-0.81997 0.36241
-0.81754 0.35851
-0.81509 0.35682
-0.81343 0.35612
-0.81194 0.35413
-0.80776 0.34984
-0.80352 0.34429
-0.79916 0.33640
-0.79934 0.33157
-0.79908 0.32914
-0.79921 0.32943
-0.79822 0.32852
-0.79376 0.32559
-0.78816 0.32263
-0.78434 0.32117
-0.78000 0.32028
-0.77750 0.31925
-0.77533 0.31669
-0.77243 0.31203
-0.77124 0.30949
-0.76852 0.30629
-0.76713 0.30252
-0.76199 0.29684
-0.75739 0.29181
-0.75554 0.28842
-0.75378 0.28805
-0.75173 0.28610
-0.75015 0.28632
-0.74611 0.28417
-0.74429 0.28103
-0.74131 0.27945
-0.73768 0.27671
-0.73434 0.27135
-0.73093 0.26837
-0.73027 0.26551
-0.72758 0.26285
-0.72364 0.26129
-0.72017 0.25973
-0.71742 0.25841
-0.71447 0.25612
-0.71079 0.25266
-0.70784 0.24795
-0.70588 0.24292
-0.70356 0.23995
-0.70191 0.23732
-0.69906 0.23583
-0.69624 0.23482
-0.69328 0.23399
-0.69046 0.23316
-0.68630 0.23029
-0.68283 0.22883
-0.67974 0.22496
-0.67674 0.22314
-0.67422 0.22058
-0.67122 0.21769
-0.66843 0.21511
-0.66536 0.21196
-0.66242 0.20940
-0.65988 0.20687
-0.65611 0.20359
-0.65196 0.20332
-0.64812 0.20426
-0.64599 0.20542
-0.64371 0.20449
-0.64324 0.19992
-0.63924 0.19594
-0.63612 0.19227
-0.63246 0.19042
-0.62898 0.18939
-0.62584 0.18691
-0.62397 0.18325
-0.62136 0.17846
-0.61807 0.17486
-0.61364 0.17258
-0.60876 0.17414
-0.60449 0.17565
-0.60231 0.17450
-0.59907 0.17226
-0.59745 0.17034
-0.59391 0.16628
-0.58873 0.16153
-0.58505 0.15585
-0.58330 0.15370
-0.58060 0.15205
-0.57855 0.15020
-0.56822 0.15061
-0.56801 0.15056
-0.56506 0.14538
-0.56288 0.14118
-0.56172 0.13956
-0.56134 0.14374
-0.54604 0.14444
-0.54344 0.14418
-0.54200 0.14037
-0.53860 0.13472
-0.53501 0.12894
-0.53051 0.12354
-0.52713 0.12062
-0.52519 0.12227
-0.52208 0.12329
-0.51553 0.12197
-0.51537 0.12191
-0.51053 0.11975
-0.50732 0.11721
-0.49750 0.11489
-0.49727 0.11483
-0.49437 0.11373
-0.49097 0.10993
-0.48858 0.10599
-0.48734 0.10379
-0.48593 0.10307
-0.48589 0.10302
-0.48039 0.10481
-0.46097 0.09798
-0.45774 0.09099
-0.45647 0.08523
-0.45641 0.08507
-0.45628 0.08310
-0.45433 0.08361
-0.44754 0.08451
-0.43888 0.08570
-0.43421 0.08712
-0.43087 0.08461
-0.42668 0.08276
-0.42517 0.08021
-0.42188 0.07782
-0.41443 0.07413
-0.41286 0.07388
-0.40879 0.07224
-0.40481 0.07188
-0.40344 0.07184
-0.39376 0.06727
-0.38928 0.06503
-0.38495 0.06520
-0.38263 0.06451
-0.37993 0.06473
-0.36869 0.06090
-0.36205 0.05952
-0.35673 0.05703
-0.35243 0.05411
-0.34981 0.05301
-0.34593 0.05157
-0.34324 0.05075
-0.34195 0.05199
-0.33896 0.05193
-0.33013 0.04869
-0.32972 0.04855
-0.32581 0.04639
-0.32190 0.04473
-0.31836 0.04295
-0.31546 0.04130
-0.31467 0.04035
-0.31197 0.03722
-0.30983 0.03612
-0.30604 0.03614
-0.30170 0.03635
-0.29749 0.03605
-0.29183 0.03422
-0.28551 0.03481
-0.28251 0.03442
-0.27798 0.03442
-0.27592 0.03262
-0.27363 0.02953
-0.27128 0.02822
-0.26714 0.02564
-0.26441 0.02562
-0.25922 0.02865
-0.25386 0.02951
-0.24999 0.02906
-0.24473 0.02621
-0.24199 0.02345
-0.23977 0.01989
-0.23502 0.01892
-0.23133 0.01893
-0.22573 0.02122
-0.22093 0.02082
-0.21887 0.02008
-0.21551 0.01974
-0.21270 0.01914
-0.20929 0.01824
-0.20554 0.01576
-0.20243 0.01611
-0.19849 0.01753
-0.19419 0.01809
-0.18922 0.01652
-0.18576 0.01539
-0.18359 0.01618
-0.17983 0.01423
-0.17486 0.01339
-0.16982 0.01032
-0.16533 0.01042
-0.16151 0.01229
-0.15673 0.01315
-0.15266 0.01272
-0.14896 0.01172
-0.14500 0.01153
-0.14114 0.01137
-0.13623 0.00888
-0.13207 0.00748
-0.12946 0.00711
-0.12657 0.00608
-0.12467 0.00540
-0.12136 0.00645
-0.11630 0.00700
-0.11110 0.00725
-0.10669 0.00658
-0.10169 0.00566
-0.09839 0.00548
-0.09512 0.00581
-0.09259 0.00664
-0.08911 0.00630
-0.08594 0.00545
-0.08120 0.00486
-0.07776 0.00469
-0.07424 0.00504
-0.06917 0.00622
-0.06667 0.00733
-0.06274 0.00530
-0.05768 0.00439
-0.05513 0.00161
-0.05003 0.00113
-0.04591 0.00074
-0.04229 0.00237
-0.03744 0.00580
-0.03352 0.00782
-0.02980 0.00752
-0.02411 0.00690
-0.01976 0.00698
-0.01429 0.00551
-0.01206 0.00537
-0.01045 0.00545
-0.00872 0.00547
-0.01026 0.00637
-0.01277 0.00588
-0.01352 0.00622
-0.01623 0.00667
-0.01775 0.00709
-0.01831 0.00657
-0.01967 0.00521
-0.01801 0.00506
-0.01654 0.00552
-0.01394 0.00542
-0.01142 0.00529
-0.01310 0.00661
-0.01574 0.00471
-0.01798 0.00376
-0.01747 0.00572
-0.01315 0.00697
-0.01298 0.00703
-0.01398 0.00648
-0.01390 0.00471
-0.01533 0.00461
-0.01740 0.00652
-0.01476 0.00489
-0.01476 0.00489
-0.01455 0.00303
-0.01663 0.00394
-0.01667 0.00393
-0.01697 0.00505
-0.01639 0.00548
-0.01564 0.00616
-0.01526 0.00541
