-0.00248 0.00915
-0.00329 0.00973
-0.00325 0.00962
-0.00383 0.00974
-0.00510 0.00968
-0.00356 0.00963
-0.00437 0.01055
-0.00430 0.01157
-0.00350 0.01022
-0.00150 0.00918
-0.00104 0.00956
-0.00118 0.00927
-0.00330 0.01066
-0.00643 0.00969
-0.00482 0.00949
-0.00552 0.00782
-0.00474 0.00947
-0.00346 0.00931
-0.00297 0.00886
-0.00387 0.01054
-0.00281 0.01024
-0.00247 0.01049
-0.00389 0.01055
-0.00402 0.01019
-0.00388 0.00836
-0.00286 0.00871
-0.00155 0.00945
-0.00161 0.01008
-0.00350 0.00939
-0.00473 0.00887
-0.00524 0.00887
-0.00432 0.00921
-0.00362 0.00964
-0.00270 0.00997
-0.00115 0.00965
-0.00089 0.00912
-0.00145 0.00891
-0.00318 0.00958
-0.00464 0.01011
-0.00502 0.00942
-0.00309 0.00915
-0.00285 0.00963
-0.00216 0.00968
-0.00279 0.01006
-0.00398 0.01197
-0.00290 0.01211
-0.00237 0.01138
-0.00370 0.01043
-0.00525 0.00864
-0.00637 0.00765
-0.00407 0.00877
0.00099 0.01101
0.00569 0.01224
0.01181 0.01277
0.01703 0.01225
0.02349 0.01169
0.02873 0.01099
0.03206 0.01222
0.03683 0.01382
0.03903 0.01407
0.04102 0.01347
0.04370 0.01129
0.04851 0.00806
0.05202 0.00920
0.05727 0.01491
0.06141 0.01934
0.06661 0.01984
0.07231 0.02026
0.07725 0.01906
0.08033 0.01788
0.08227 0.01745
0.08438 0.01958
0.08693 0.02195
0.08931 0.02162
0.09421 0.02080
0.09903 0.02038
0.10170 0.01990
0.10543 0.02156
0.10946 0.02197
0.11651 0.02295
0.12137 0.02699
0.12596 0.02544
0.12890 0.02500
0.13181 0.02489
0.13463 0.02503
0.13797 0.02800
0.14269 0.02975
0.14577 0.03062
0.15034 0.03092
0.15468 0.03131
0.15958 0.03298
0.16956 0.03502
0.17114 0.03442
0.17264 0.03397
0.17481 0.03493
0.19346 0.03962
0.19984 0.04140
0.20379 0.04406
0.20708 0.04511
0.20876 0.04605
0.21047 0.04561
0.22010 0.04442
0.22462 0.04588
0.23007 0.04767
0.23456 0.04923
0.24248 0.05149
0.24268 0.05155
0.24692 0.05378
0.25145 0.05379
0.25423 0.05372
0.25640 0.05540
0.25875 0.05608
0.26125 0.05843
0.26416 0.06103
0.26981 0.06130
0.27369 0.06230
0.27648 0.06393
0.28123 0.06534
0.28583 0.06635
0.29014 0.06763
0.29481 0.06801
0.29850 0.06798
0.30268 0.06837
0.30628 0.06868
0.31010 0.07287
0.31019 0.07296
0.31095 0.07482
0.31407 0.07724
0.32067 0.07985
0.33660 0.08571
0.33704 0.08778
0.33842 0.08769
0.34074 0.08890
0.34537 0.08997
0.34982 0.09021
0.35499 0.09188
0.35816 0.09300
0.36176 0.09432
0.36813 0.09788
0.37265 0.09916
0.37606 0.10075
0.38007 0.10233
0.38376 0.10678
0.38388 0.10689
0.38632 0.10991
0.38872 0.11040
0.39116 0.11118
0.39311 0.11022
0.39625 0.11155
0.40121 0.11345
0.40686 0.11606
0.41161 0.11716
0.41643 0.11956
0.42064 0.12298
0.42494 0.12641
0.42824 0.12863
0.43094 0.12949
0.43438 0.13344
0.43574 0.13346
0.43889 0.13077
0.44252 0.13112
0.44678 0.13364
0.45172 0.13782
0.45700 0.14207
0.45808 0.14394
0.46107 0.14328
0.46451 0.14296
0.46741 0.14317
0.46699 0.14736
0.46879 0.14985
0.47204 0.15344
0.47632 0.15593
0.48020 0.15778
0.48640 0.15955
0.49169 0.16006
0.49540 0.16187
0.49767 0.16442
0.49979 0.16543
0.50272 0.16831
0.50597 0.17119
0.50966 0.17241
0.51265 0.17305
0.51611 0.17474
0.51874 0.17581
0.52071 0.17855
0.52404 0.18123
0.52804 0.18500
0.53149 0.18919
0.53591 0.19322
0.54086 0.19660
0.54483 0.19872
0.54833 0.20022
0.55363 0.20425
0.55675 0.20464
0.56046 0.20700
0.56130 0.20703
0.56142 0.20914
0.56256 0.21090
0.56510 0.21229
0.56973 0.21300
0.57216 0.21622
0.57652 0.21833
0.57757 0.22181
0.58099 0.22284
0.58649 0.22415
0.58980 0.22961
0.59223 0.23442
0.59456 0.23964
0.59711 0.24303
0.60055 0.24495
0.60428 0.24451
0.60774 0.24803
0.61339 0.24757
0.61804 0.25066
0.61959 0.25332
0.62143 0.25694
0.62341 0.26082
0.62637 0.26231
0.62991 0.26514
0.63241 0.26634
0.63406 0.26860
0.63737 0.27110
0.63991 0.27369
0.64199 0.27644
0.64576 0.27805
0.64824 0.28045
0.65271 0.28362
0.65678 0.28702
0.65973 0.29173
0.66552 0.30007
0.66565 0.30026
0.66859 0.30234
0.67131 0.30403
0.67798 0.30754
0.67830 0.30767
0.68057 0.30864
0.68204 0.31000
0.68400 0.31356
0.68614 0.31641
0.69254 0.32202
0.69271 0.32217
0.69545 0.32659
0.69796 0.32940
0.70141 0.33228
0.70670 0.33867
0.70682 0.33884
0.70926 0.34303
0.71174 0.34429
0.71319 0.34456
0.71504 0.34464
0.72329 0.35127
0.72756 0.35326
0.72994 0.35766
0.73180 0.36405
0.73526 0.36629
0.73726 0.36908
0.74584 0.37932
0.74812 0.38289
0.75003 0.38819
0.75267 0.39100
0.75763 0.39831
0.75763 0.39831
0.76254 0.40043
0.76710 0.40213
0.76985 0.41001
0.77162 0.41323
0.77430 0.41701
0.77631 0.41826
0.77898 0.42037
0.78832 0.43207
0.79291 0.43776
0.79697 0.44828
0.80039 0.45170
0.80914 0.46176
0.81001 0.46436
0.81186 0.46680
0.81389 0.46943
0.81538 0.47094
0.81772 0.47387
0.82070 0.47787
0.82188 0.48403
0.82483 0.48911
0.82706 0.49281
0.82899 0.49316
0.83075 0.49697
0.83194 0.49850
0.83330 0.50135
0.83293 0.50762
0.83473 0.51282
0.83594 0.51421
0.83913 0.51509
0.84109 0.51819
0.84591 0.52350
0.84883 0.52860
0.85015 0.53254
0.85033 0.53574
0.85229 0.53894
0.85420 0.53941
0.85547 0.53992
0.85695 0.54326
0.85841 0.54661
0.85999 0.55032
0.86303 0.55507
0.86544 0.56109
0.86748 0.56683
0.86983 0.57107
0.87223 0.57546
0.87383 0.57996
0.87541 0.58290
0.87786 0.58599
0.87845 0.58929
0.88020 0.59040
0.88220 0.59237
0.88387 0.59581
0.88443 0.59889
0.88532 0.60301
0.88728 0.60731
0.88998 0.61276
0.89250 0.61739
0.89398 0.61912
0.89513 0.62148
0.89578 0.62555
0.89749 0.62827
0.89961 0.63285
0.90046 0.63575
0.90200 0.63914
0.90374 0.64396
0.90595 0.64690
0.90648 0.65183
0.90717 0.65644
0.90906 0.65854
0.90998 0.66030
0.91053 0.66204
0.91158 0.66309
0.91458 0.66851
0.91745 0.67466
0.91848 0.68168
0.92067 0.68672
0.91979 0.69088
0.92094 0.69343
0.92353 0.69368
0.92608 0.69581
0.92933 0.70015
0.92948 0.70424
0.93003 0.70815
0.92914 0.71359
0.93087 0.71644
0.93083 0.72094
0.93591 0.72256
0.93773 0.72354
0.93728 0.72738
0.93692 0.73003
0.93782 0.73411
0.93892 0.73886
0.94099 0.74265
0.94314 0.74531
0.94590 0.74840
0.94693 0.75398
0.94708 0.76034
0.94589 0.76547
0.94731 0.77071
0.94826 0.77418
0.95083 0.77859
0.95180 0.78107
0.95320 0.78598
0.95419 0.79229
0.95669 0.79794
0.95872 0.80049
0.95923 0.80466
0.95859 0.81569
0.95841 0.82030
0.95997 0.82204
0.96276 0.82474
0.96276 0.82694
0.96427 0.84058
0.96560 0.84515
0.96905 0.85913
0.96813 0.86277
0.97203 0.87195
0.97290 0.87657
0.97346 0.87930
0.97298 0.88432
0.97306 0.89032
0.97488 0.90072
0.97376 0.90365
0.97328 0.91287
0.97328 0.91312
0.97506 0.91617
0.97819 0.93383
0.97879 0.93796
0.97924 0.94017
0.97794 0.94290
0.97791 0.94298
0.97822 0.94545
0.97816 0.94863
0.97823 0.95186
0.97811 0.95648
0.97850 0.96241
0.97805 0.96826
0.97962 0.97271
0.98384 0.97515
0.98393 0.97525
0.98353 0.97956
0.98042 0.98523
0.98076 0.99028
0.98099 0.99569
0.98127 1.00118
0.98289 1.00481
0.98273 1.00989
0.98314 1.01407
0.98453 1.01721
0.98285 1.01938
0.98036 1.02792
0.98032 1.03299
0.98111 1.03925
0.98318 1.04504
0.98454 1.05035
0.98498 1.05491
0.98411 1.05738
0.98315 1.06095
0.98164 1.06545
0.98212 1.06896
0.98267 1.07116
0.98440 1.07411
0.98365 1.07685
0.98154 1.08165
0.98113 1.08616
0.98232 1.09067
0.98400 1.09373
0.98619 1.09723
0.98683 1.10013
0.98524 1.10466
0.98096 1.10846
0.97902 1.11219
0.97715 1.11418
0.98046 1.11751
0.98006 1.12041
0.97957 1.12494
0.97927 1.13140
0.98007 1.13693
0.97958 1.14413
0.97949 1.14772
0.97838 1.15020
0.97685 1.15502
0.97706 1.15943
0.97600 1.16123
0.97631 1.16169
0.97651 1.16452
0.97659 1.16937
0.97571 1.16956
0.97376 1.17370
0.97346 1.17911
0.97254 1.18470
0.97085 1.19263
0.97088 1.19718
0.96998 1.20163
0.96888 1.20555
0.96811 1.21033
0.97040 1.21327
0.97042 1.21572
0.96996 1.21675
0.96817 1.21768
0.96690 1.22028
0.96475 1.22228
0.96655 1.22760
0.96793 1.23179
0.96813 1.23747
0.96697 1.23964
0.96216 1.24119
0.95832 1.24640
0.95942 1.25012
0.95991 1.25374
0.96101 1.25652
0.95974 1.26015
0.95805 1.26563
0.95734 1.26852
0.95715 1.27420
0.95546 1.27844
0.95531 1.28197
0.95464 1.28626
0.95382 1.29009
0.95152 1.29321
0.95011 1.29699
0.94699 1.30052
0.94547 1.30479
0.94585 1.30788
0.94629 1.31105
0.94539 1.31430
0.94582 1.31911
0.94449 1.32324
0.94399 1.32865
0.94175 1.33591
0.93924 1.34051
0.93835 1.34236
0.93735 1.34282
0.93714 1.34456
0.93531 1.34934
0.93497 1.35219
0.93278 1.35800
0.93307 1.36291
0.93189 1.36596
0.92955 1.36872
0.92688 1.37424
0.92567 1.37791
0.92467 1.38281
0.92605 1.38791
0.92533 1.39200
0.92008 1.39807
0.91998 1.39825
0.91754 1.40254
0.91544 1.41500
0.91832 1.41822
0.91330 1.42078
0.90767 1.42440
0.90524 1.42848
0.90522 1.43358
0.89971 1.44154
0.89818 1.44527
0.89768 1.45114
0.89765 1.45137
0.89516 1.45630
0.88940 1.47118
0.88678 1.47257
0.88506 1.47291
0.88390 1.47649
0.88267 1.48245
0.88063 1.48891
0.87718 1.50076
0.87413 1.50322
0.87177 1.50451
0.87170 1.50457
0.86802 1.50803
0.86607 1.51316
0.86267 1.52512
0.85469 1.53442
0.85234 1.54007
0.85106 1.54459
0.85223 1.54902
0.84741 1.55502
0.84729 1.55518
0.84601 1.55676
0.84304 1.55952
0.83693 1.56448
0.83680 1.56460
0.83553 1.56770
0.83547 1.57237
0.83379 1.57700
0.83233 1.58018
0.83227 1.58310
0.83022 1.58660
0.82764 1.59133
0.82352 1.59397
0.82017 1.59465
0.81825 1.59715
0.81750 1.59991
0.81673 1.60238
0.81546 1.60447
0.81215 1.60854
0.80877 1.61224
0.80613 1.61583
0.80486 1.62077
0.80277 1.62740
0.80181 1.63400
0.79920 1.63735
0.79625 1.63781
0.79265 1.63847
0.78971 1.64060
0.78789 1.64357
0.78652 1.64714
0.78549 1.64942
0.78367 1.65203
0.78070 1.65561
0.77726 1.65985
0.77299 1.66455
0.77035 1.67047
0.76940 1.67215
0.76721 1.67421
0.76746 1.67604
0.76435 1.67905
0.76228 1.67880
0.76012 1.68042
0.75501 1.68180
0.75357 1.68536
0.75315 1.68866
0.74807 1.69068
0.74183 1.69666
0.73903 1.70450
0.73623 1.70884
0.73597 1.71321
0.73703 1.71642
0.73399 1.71771
0.72910 1.71931
0.72398 1.71868
0.72332 1.72028
0.72264 1.72142
0.72137 1.72271
0.72022 1.73086
0.71605 1.73472
0.71156 1.73688
0.70780 1.73946
0.70597 1.74197
0.70575 1.74377
0.70379 1.74778
0.69962 1.75095
0.69491 1.75443
0.69114 1.75650
0.68846 1.75885
0.68866 1.76029
0.68657 1.76161
0.68402 1.76380
0.68132 1.76779
0.67817 1.77265
0.67491 1.77656
0.67187 1.78083
0.66957 1.78466
0.66710 1.78590
0.66332 1.78604
0.66149 1.78732
0.65874 1.78855
0.65487 1.79079
0.65374 1.79334
0.65300 1.79549
0.64816 1.79801
0.64498 1.80308
0.64024 1.80802
0.63642 1.81282
0.62973 1.81693
0.62509 1.81873
0.62387 1.81933
0.62486 1.81835
0.62235 1.82073
0.62042 1.82569
0.61720 1.82894
0.61524 1.83073
0.61163 1.83233
0.60681 1.83543
0.60271 1.83745
0.59820 1.83949
0.59440 1.84066
0.59194 1.84200
0.59261 1.84517
0.59040 1.85000
0.58866 1.85540
0.58413 1.85826
0.58077 1.85884
0.57606 1.85956
0.57276 1.86176
0.57179 1.86273
0.56808 1.86370
0.56540 1.86477
0.56073 1.86978
0.55804 1.87352
0.55529 1.87648
0.55291 1.87802
0.54956 1.87987
0.54575 1.88477
0.54240 1.88782
0.53952 1.88940
0.53611 1.89071
0.53343 1.89104
0.53075 1.89158
0.52723 1.89368
0.52383 1.89532
0.51503 1.90169
0.51483 1.90185
0.51143 1.90532
0.50801 1.90780
0.50716 1.90906
0.50531 1.90943
0.50405 1.91076
0.49709 1.91381
0.49709 1.91381
0.49237 1.91630
0.48820 1.91788
0.48355 1.92030
0.48006 1.92281
0.47634 1.92653
0.47312 1.92847
0.47054 1.93029
0.46795 1.93291
0.46606 1.93577
0.46484 1.93732
0.46223 1.93729
0.45755 1.93531
0.45198 1.93738
0.44676 1.94260
0.44451 1.94760
0.44361 1.95089
0.43510 1.95590
0.43208 1.95649
0.42905 1.95669
0.42116 1.95853
0.42092 1.95859
0.41726 1.95987
0.41228 1.96364
0.40862 1.96716
0.40157 1.97355
0.40144 1.97365
0.39929 1.97600
0.39320 1.97803
0.39303 1.97808
0.39054 1.97866
0.38649 1.97930
0.38249 1.97915
0.37952 1.97975
0.37553 1.98144
0.37226 1.98521
0.36797 1.98831
0.36295 1.99145
0.35914 1.99426
0.35462 1.99696
0.35031 1.99930
0.34760 2.00106
0.34550 2.00242
0.34280 2.00330
0.33929 2.00278
0.33549 2.00283
0.32897 2.00392
0.32448 2.00526
0.32209 2.00696
0.31944 2.00834
0.31685 2.00989
0.31573 2.01047
0.31261 2.01197
0.30770 2.01367
0.30212 2.01730
0.29775 2.01979
0.29513 2.02245
0.29254 2.02326
0.29021 2.02446
0.28758 2.02407
0.28626 2.02212
0.28292 2.02120
0.27900 2.02241
0.27027 2.02540
0.26871 2.02716
0.26135 2.02861
0.25576 2.02902
0.25121 2.03239
0.24783 2.03519
0.24529 2.03588
0.24179 2.03790
0.23969 2.03744
0.23711 2.03685
0.23472 2.03676
0.22945 2.03387
0.22720 2.03627
0.22398 2.04065
0.22058 2.04353
0.21523 2.04481
0.20805 2.04585
0.20060 2.04431
0.19570 2.04412
0.19573 2.04639
0.19340 2.04921
0.19136 2.05256
0.18777 2.05333
0.18384 2.05211
0.18013 2.04998
0.17531 2.04709
0.17247 2.04707
0.16811 2.04836
0.16429 2.05090
0.15895 2.05402
0.15352 2.05828
0.15088 2.05994
0.14852 2.05948
0.14512 2.05935
0.14129 2.05911
0.13823 2.05871
0.13339 2.05858
0.12871 2.05909
0.12540 2.06020
0.12257 2.06117
0.11961 2.06179
0.11531 2.06404
0.11348 2.06447
0.11092 2.06454
0.10641 2.06474
0.10335 2.06630
0.09876 2.06614
0.09276 2.06600
0.07761 2.06581
0.07184 2.06650
0.06681 2.07068
0.06666 2.07075
0.06446 2.07195
0.04906 2.06848
0.04546 2.07051
0.04522 2.07114
0.04291 2.07206
0.03334 2.07120
0.03321 2.07119
0.02772 2.06980
0.02307 2.06953
0.01572 2.07552
0.01551 2.07563
0.01088 2.07713
0.00782 2.07859
0.00276 2.07834
-0.00070 2.07822
-0.00386 2.07650
-0.00957 2.07199
-0.00974 2.07189
-0.01398 2.07198
-0.01916 2.07243
-0.02501 2.07276
-0.02937 2.07172
-0.04091 2.07410
-0.04837 2.07656
-0.04854 2.07662
-0.05315 2.07503
-0.06319 2.07980
-0.06598 2.07776
-0.07677 2.07125
-0.07699 2.07113
-0.08164 2.06944
-0.08179 2.06938
-0.08609 2.06783
-0.08837 2.06664
-0.09748 2.07233
-0.09748 2.07233
-0.10418 2.07023
-0.11499 2.07616
-0.11933 2.07675
-0.12448 2.07383
-0.12835 2.06597
-0.12845 2.06580
-0.13052 2.06611
-0.13525 2.06688
-0.14493 2.06620
-0.14515 2.06617
-0.14949 2.06372
-0.16650 2.06880
-0.17105 2.06894
-0.17454 2.06653
-0.17794 2.06450
-0.18588 2.06197
-0.19014 2.06245
-0.19196 2.06144
-0.19456 2.05963
-0.19747 2.05775
-0.20193 2.05558
-0.20694 2.05690
-0.21383 2.05482
-0.21989 2.05351
-0.22512 2.05303
-0.22909 2.05302
-0.23094 2.05622
-0.23570 2.05699
-0.23865 2.05595
-0.24070 2.05521
-0.24387 2.05248
-0.24568 2.04936
-0.24738 2.04802
-0.25307 2.04683
-0.26120 2.04623
-0.26649 2.04380
-0.26979 2.04077
-0.27336 2.04064
-0.27645 2.04350
-0.27912 2.04692
-0.28202 2.04926
-0.28503 2.04962
-0.28955 2.04872
-0.29245 2.04471
-0.29595 2.04035
-0.30030 2.03517
-0.30393 2.03215
-0.30820 2.03140
-0.31169 2.03265
-0.31408 2.03380
-0.31620 2.03356
-0.31925 2.03450
-0.32233 2.03334
-0.32712 2.03120
-0.33363 2.02852
-0.34078 2.02636
-0.34539 2.02474
-0.35023 2.02413
-0.35234 2.02398
-0.35343 2.02433
-0.35356 2.02357
-0.35497 2.02305
-0.35865 2.01888
-0.36328 2.01648
-0.36976 2.01425
-0.37578 2.01291
-0.38092 2.01280
-0.38390 2.01334
-0.38669 2.01289
-0.39013 2.01132
-0.39532 2.01077
-0.40024 2.00916
-0.40436 2.00965
-0.40762 2.01023
-0.40999 2.01011
-0.41409 2.00738
-0.41725 2.00263
-0.42171 1.99876
-0.42350 1.99479
-0.42632 1.99300
-0.42893 1.99072
-0.43181 1.98778
-0.43375 1.98928
-0.43750 1.98841
-0.44115 1.98846
-0.44528 1.98665
-0.45012 1.98611
-0.45351 1.98690
-0.45834 1.98659
-0.46222 1.98471
-0.46536 1.98044
-0.46708 1.97905
-0.46787 1.97812
-0.46962 1.97749
-0.47300 1.97160
-0.47595 1.96526
-0.47777 1.96309
-0.48293 1.96112
-0.48757 1.96134
-0.49307 1.95857
-0.49773 1.95616
-0.50171 1.95583
-0.50584 1.95776
-0.50913 1.95914
-0.51286 1.95887
-0.51673 1.95615
-0.52041 1.95368
-0.52273 1.94923
-0.52472 1.94473
-0.52770 1.94093
-0.52942 1.93897
-0.53539 1.93716
-0.53554 1.93710
-0.53966 1.93590
-0.55047 1.93279
-0.55073 1.93271
-0.55578 1.93065
-0.56642 1.92920
-0.57307 1.91744
-0.57480 1.91262
-0.57752 1.90941
-0.57917 1.90686
-0.58563 1.90492
-0.59011 1.90809
-0.59857 1.90735
-0.61115 1.89456
-0.61487 1.89443
-0.62024 1.89149
-0.62357 1.88817
-0.62452 1.88468
-0.62712 1.88016
-0.62721 1.88003
-0.63095 1.87716
-0.63408 1.87208
-0.63408 1.87208
-0.63536 1.86727
-0.63725 1.86407
-0.64226 1.86304
-0.64740 1.86172
-0.65460 1.85925
-0.65477 1.85918
-0.65853 1.85593
-0.66795 1.85088
-0.66819 1.85075
-0.67353 1.85062
-0.67719 1.85056
-0.68283 1.84886
-0.68502 1.84372
-0.69046 1.83464
-0.69058 1.83442
-0.69426 1.83088
-0.69752 1.82600
-0.70127 1.82090
-0.70136 1.82075
-0.70296 1.82068
-0.70693 1.81783
-0.71835 1.80977
-0.72111 1.80766
-0.72389 1.80434
-0.72730 1.80146
-0.73240 1.79904
-0.73466 1.79688
-0.73752 1.79633
-0.74048 1.79476
-0.74222 1.79340
-0.74464 1.78886
-0.74554 1.78413
-0.74733 1.77947
-0.74813 1.77622
-0.75020 1.76804
-0.75133 1.76506
-0.75479 1.76470
-0.75888 1.76404
-0.76188 1.76034
-0.76671 1.75621
-0.77181 1.75177
-0.77560 1.75133
-0.77803 1.74941
-0.78115 1.74687
-0.78574 1.74608
-0.78965 1.74348
-0.78899 1.74016
-0.78732 1.73600
-0.78861 1.73384
-0.79127 1.73085
-0.79428 1.72714
-0.79736 1.72521
-0.80249 1.72415
-0.80724 1.72302
-0.81052 1.72020
-0.81282 1.71652
-0.81459 1.71344
-0.81836 1.71090
-0.82183 1.70975
-0.82487 1.70830
-0.82619 1.70622
-0.82732 1.70209
-0.82965 1.69872
-0.83123 1.69203
-0.83227 1.68930
-0.83554 1.68619
-0.83777 1.68241
-0.84120 1.67858
-0.84319 1.67607
-0.84578 1.67476
-0.84826 1.67420
-0.85029 1.67125
-0.85168 1.66685
-0.85401 1.66262
-0.85563 1.65752
-0.85778 1.65336
-0.85990 1.64952
-0.86123 1.64742
-0.86414 1.64651
-0.86531 1.64484
-0.86759 1.64335
-0.87114 1.64008
-0.87527 1.63607
-0.87766 1.63251
-0.87976 1.62907
-0.88246 1.62616
-0.88508 1.62389
-0.88733 1.62150
-0.89010 1.61970
-0.89201 1.61640
-0.89555 1.61377
-0.89600 1.60983
-0.89764 1.60516
-0.89835 1.60080
-0.89991 1.59673
-0.90080 1.59317
-0.90056 1.59052
-0.90205 1.58953
-0.90577 1.58655
-0.90810 1.58062
-0.91638 1.57156
-0.91658 1.57134
-0.91952 1.56912
-0.92157 1.56665
-0.92140 1.56379
-0.92096 1.56219
-0.92301 1.55981
-0.92301 1.55981
-0.92656 1.55786
-0.92986 1.55239
-0.93087 1.54114
-0.93088 1.54102
-0.93148 1.53667
-0.93216 1.53108
-0.93532 1.52974
-0.93876 1.52863
-0.94191 1.52717
-0.94229 1.52294
-0.94391 1.51723
-0.94632 1.51249
-0.94925 1.50830
-0.95193 1.50541
-0.95439 1.50344
-0.95451 1.49982
-0.95440 1.49746
-0.95512 1.49465
-0.95900 1.49035
-0.96190 1.48616
-0.96319 1.48141
-0.96520 1.47752
-0.96798 1.46881
-0.97056 1.46291
-0.97560 1.44912
-0.97489 1.44851
-0.97315 1.44747
-0.97448 1.44362
-0.97841 1.43779
-0.98122 1.43175
-0.98437 1.42452
-0.98638 1.42019
-0.98772 1.41905
-0.98791 1.41808
-0.99067 1.41142
-0.99074 1.41125
-0.99549 1.40864
-0.99815 1.40371
-0.99593 1.39527
-0.99593 1.39507
-0.99549 1.39229
-0.99630 1.39006
-0.99802 1.38673
-1.00242 1.37639
-1.00250 1.37612
-1.00404 1.36975
-1.00363 1.36392
-1.00586 1.36245
-1.00865 1.35973
-1.00872 1.35964
-1.01122 1.35613
-1.01683 1.34751
-1.01869 1.34289
-1.01915 1.33877
-1.02004 1.33266
-1.02086 1.32839
-1.02296 1.32223
-1.02302 1.32207
-1.02363 1.31910
-1.02388 1.31609
-1.02512 1.31319
-1.02480 1.31066
-1.02477 1.30786
-1.02706 1.30331
-1.02904 1.29795
-1.03033 1.29422
-1.03162 1.29021
-1.03170 1.28694
-1.03216 1.28243
-1.03216 1.27897
-1.03319 1.27350
-1.03436 1.26815
-1.03828 1.26244
-1.03967 1.25802
-1.03954 1.25684
-1.03884 1.25508
-1.03949 1.25490
-1.03731 1.25236
-1.03929 1.24981
-1.03951 1.24627
-1.04160 1.24046
-1.04427 1.23459
-1.04675 1.23002
-1.04596 1.22584
-1.04587 1.22123
-1.04693 1.21424
-1.04772 1.21135
-1.04756 1.20611
-1.04838 1.20229
-1.04865 1.20183
-1.04808 1.19980
-1.05081 1.19646
-1.05068 1.19438
-1.04963 1.19054
-1.05006 1.18597
-1.05334 1.18051
-1.05254 1.17359
-1.05413 1.16962
-1.05373 1.16587
-1.05439 1.15952
-1.05376 1.15629
-1.05271 1.15497
-1.05334 1.15184
-1.05442 1.14983
-1.05516 1.14643
-1.05578 1.14371
-1.05606 1.13919
-1.05634 1.13614
-1.05655 1.13250
-1.05705 1.12987
-1.05787 1.12585
-1.05877 1.12130
-1.05908 1.11643
-1.06051 1.11098
-1.06080 1.10576
-1.06097 1.10155
-1.05723 1.09809
-1.05299 1.09458
-1.05183 1.09130
-1.05325 1.08925
-1.05378 1.08773
-1.05490 1.08512
-1.05360 1.08144
-1.05417 1.07618
-1.05352 1.06940
-1.05507 1.06168
-1.05668 1.05669
-1.05789 1.05281
-1.05956 1.04932
-1.05877 1.04841
-1.05681 1.04620
-1.05497 1.04361
-1.05464 1.03999
-1.05464 1.03523
-1.05592 1.03124
-1.05525 1.02785
-1.05180 1.01387
-1.05218 1.01011
-1.05276 1.00573
-1.05404 0.99726
-1.05406 0.99705
-1.05378 0.99440
-1.05370 0.98825
-1.05369 0.98807
-1.05175 0.98546
-1.05134 0.98031
-1.04866 0.97230
-1.04861 0.97208
-1.04920 0.96751
-1.05123 0.96425
-1.05026 0.96104
-1.05018 0.95774
-1.04990 0.95278
-1.04758 0.93994
-1.04783 0.93524
-1.04669 0.93196
-1.04625 0.92943
-1.04561 0.92361
-1.04559 0.92347
-1.04419 0.91933
-1.04289 0.91127
-1.04286 0.91106
-1.04342 0.90713
-1.04318 0.90297
-1.04304 0.89754
-1.04258 0.89364
-1.04140 0.89050
-1.04093 0.88778
-1.03986 0.87568
-1.03862 0.86769
-1.03862 0.86769
-1.03853 0.86456
-1.03836 0.85675
-1.03834 0.85656
-1.03593 0.85357
-1.03430 0.85064
-1.03086 0.85015
-1.03008 0.84687
-1.02960 0.84176
-1.03013 0.83720
-1.02990 0.83364
-1.02898 0.82951
-1.02898 0.82362
-1.02837 0.81857
-1.02628 0.81281
-1.02553 0.80986
-1.02412 0.80638
-1.02195 0.80537
-1.02170 0.80387
-1.02115 0.80091
-1.01910 0.79694
-1.01990 0.79317
-1.01988 0.79037
-1.01768 0.78509
-1.01717 0.77802
-1.01633 0.77234
-1.01283 0.76615
-1.01143 0.76477
-1.01307 0.76387
-1.01347 0.76321
-1.01225 0.76011
-1.01144 0.75774
-1.00823 0.75131
-1.00661 0.74567
-1.00487 0.73886
-1.00418 0.73398
-1.00449 0.73040
-1.00332 0.72790
-1.00245 0.72560
-1.00188 0.72256
-0.99973 0.71931
-0.99702 0.71497
-0.99482 0.70962
-0.99386 0.70614
-0.99156 0.70092
-0.99042 0.69742
-0.99019 0.69410
-0.99008 0.69293
-0.98854 0.69057
-0.98650 0.68697
-0.98494 0.68311
-0.98242 0.67920
-0.98099 0.67628
-0.97953 0.67320
-0.97564 0.66980
-0.97462 0.66584
-0.97349 0.66144
-0.97330 0.65751
-0.97067 0.65461
-0.96891 0.65063
-0.96748 0.64641
-0.96580 0.64427
-0.96443 0.64204
-0.96634 0.63664
-0.96379 0.63102
-0.96034 0.62743
-0.95745 0.62530
-0.95636 0.62431
-0.95547 0.62091
-0.95462 0.61643
-0.95240 0.61238
-0.95072 0.60668
-0.94570 0.59986
-0.94311 0.59542
-0.94280 0.59280
-0.94286 0.59264
-0.94018 0.59260
-0.93878 0.58978
-0.93717 0.58458
-0.93462 0.58002
-0.93432 0.57584
-0.93219 0.57101
-0.92981 0.56462
-0.92504 0.55922
-0.92184 0.55712
-0.92294 0.55424
-0.92373 0.55257
-0.92315 0.54944
-0.91999 0.54615
-0.91584 0.54354
-0.91017 0.54009
-0.91001 0.53734
-0.90888 0.53448
-0.90775 0.53047
-0.90587 0.52922
-0.90347 0.52734
-0.90100 0.52241
-0.89855 0.51635
-0.89727 0.51025
-0.89516 0.50536
-0.89295 0.50232
-0.89015 0.50045
-0.88681 0.49710
-0.88457 0.49491
-0.88283 0.49336
-0.88040 0.48967
-0.87700 0.48459
-0.87553 0.47738
-0.87297 0.46882
-0.87099 0.46168
-0.86999 0.45900
-0.86749 0.45860
-0.86562 0.45718
-0.86364 0.45503
-0.86131 0.45077
-0.85852 0.44411
-0.85607 0.44068
-0.85659 0.44127
-0.85744 0.44207
-0.85862 0.43977
-0.85660 0.43872
-0.84587 0.43208
-0.84562 0.43193
-0.84267 0.42807
-0.84067 0.42544
-0.83696 0.42297
-0.83675 0.41807
-0.83511 0.41166
-0.83588 0.40429
-0.83426 0.40068
-0.83038 0.39856
-0.82615 0.39717
-0.82336 0.39803
-0.82220 0.39613
-0.82036 0.39375
-0.81771 0.38821
-0.81466 0.38645
-0.81111 0.38423
-0.80826 0.38250
-0.80635 0.38057
-0.80210 0.37618
-0.79950 0.37148
-0.79763 0.36714
-0.79476 0.36293
-0.79268 0.35730
-0.78996 0.35514
-0.78891 0.35278
-0.78573 0.35074
-0.78229 0.34446
-0.78031 0.34445
-0.77711 0.34301
-0.77336 0.34185
-0.77012 0.34244
-0.76813 0.34240
-0.76752 0.33907
-0.76617 0.33710
-0.76363 0.33246
-0.75898 0.32907
-0.75482 0.32505
-0.75138 0.32006
-0.75068 0.31743
-0.74905 0.31465
-0.74701 0.31277
-0.74290 0.31110
-0.74020 0.30872
-0.73835 0.30614
-0.73551 0.30189
-0.73370 0.29958
-0.73042 0.29846
-0.72608 0.29665
-0.71614 0.28651
-0.71258 0.28226
-0.70682 0.27238
-0.70665 0.27213
-0.70586 0.27067
-0.70265 0.26767
-0.69946 0.26616
-0.69648 0.26711
-0.69123 0.26309
-0.68866 0.26043
-0.68669 0.25570
-0.68573 0.25434
-0.68389 0.25204
-0.67987 0.24921
-0.67608 0.24875
-0.67134 0.24925
-0.66848 0.24765
-0.66608 0.24586
-0.66316 0.24351
-0.66069 0.24034
-0.65740 0.23729
-0.65428 0.23517
-0.65281 0.23319
-0.64805 0.23187
-0.64280 0.22847
-0.63956 0.22293
-0.63521 0.21965
-0.63496 0.21535
-0.63156 0.21324
-0.62897 0.21347
-0.62785 0.21164
-0.62490 0.21178
-0.62017 0.21059
-0.61728 0.20982
-0.61128 0.20639
-0.60990 0.20257
-0.60571 0.20026
-0.60215 0.19991
-0.59999 0.19780
-0.59787 0.19489
-0.59649 0.18945
-0.59433 0.18781
-0.59052 0.18527
-0.58665 0.18423
-0.58356 0.18295
-0.58123 0.18016
-0.57647 0.17907
-0.57227 0.17797
-0.56931 0.17686
-0.56589 0.17534
-0.56219 0.17390
-0.55841 0.17242
-0.55696 0.17000
-0.55572 0.16729
-0.55232 0.16348
-0.54839 0.16143
-0.54393 0.15895
-0.54013 0.15760
-0.53806 0.15632
-0.53399 0.15469
-0.52863 0.15189
-0.52493 0.14901
-0.52155 0.14527
-0.51784 0.14330
-0.51437 0.14316
-0.51168 0.14271
-0.50797 0.14205
-0.50480 0.14028
-0.50202 0.13894
-0.49878 0.13707
-0.49571 0.13626
-0.49339 0.13560
-0.49112 0.13479
-0.48699 0.13270
-0.48273 0.13076
-0.47787 0.12691
-0.47418 0.12350
-0.47074 0.12266
-0.46965 0.12151
-0.46735 0.11910
-0.46337 0.11951
-0.46012 0.11976
-0.45533 0.12020
-0.45119 0.11943
-0.44609 0.11761
-0.44173 0.11608
-0.43918 0.11430
-0.43650 0.11121
-0.43517 0.10693
-0.43168 0.10469
-0.42885 0.10162
-0.42540 0.10188
-0.42172 0.10133
-0.41675 0.10171
-0.41105 0.10034
-0.40124 0.09180
-0.39780 0.09055
-0.39362 0.08847
-0.38207 0.08937
-0.37927 0.08816
-0.37603 0.08576
-0.37258 0.08354
-0.36275 0.07999
-0.35868 0.07980
-0.35449 0.08003
-0.35077 0.07985
-0.34595 0.07859
-0.34091 0.07464
-0.33360 0.07041
-0.33341 0.07030
-0.33158 0.06968
-0.32901 0.06840
-0.32447 0.06697
-0.31231 0.06418
-0.30226 0.06529
-0.30202 0.06529
-0.30036 0.06249
-0.29772 0.05949
-0.29410 0.05630
-0.29110 0.05463
-0.28879 0.05475
-0.28555 0.05474
-0.28189 0.05430
-0.27879 0.05505
-0.27380 0.05581
-0.26974 0.05404
-0.26367 0.05182
-0.25974 0.04672
-0.25614 0.04315
-0.25602 0.04395
-0.24153 0.04251
-0.23688 0.04134
-0.23365 0.03965
-0.23097 0.03960
-0.22134 0.04199
-0.21820 0.04151
-0.20861 0.03867
-0.20813 0.03852
-0.20420 0.03736
-0.20020 0.03559
-0.19827 0.03426
-0.19632 0.03426
-0.19058 0.03291
-0.18493 0.03188
-0.18003 0.03205
-0.17536 0.03132
-0.17305 0.03108
-0.17106 0.03175
-0.16832 0.03397
-0.16537 0.03169
-0.16084 0.02898
-0.15664 0.02785
-0.15197 0.02671
-0.14713 0.02628
-0.14159 0.02749
-0.13884 0.02801
-0.13513 0.02513
-0.13394 0.02486
-0.13246 0.02507
-0.12783 0.02505
-0.12353 0.02600
-0.11672 0.02323
-0.10993 0.02150
-0.10482 0.02010
-0.10008 0.02141
-0.09883 0.02284
-0.09972 0.02311
-0.09920 0.02317
-0.09541 0.02211
-0.08948 0.01960
-0.08062 0.01737
-0.07628 0.01842
-0.07098 0.01862
-0.06622 0.01992
-0.06407 0.02058
-0.05980 0.01935
-0.05578 0.02010
-0.05350 0.01811
-0.04741 0.01765
-0.04385 0.01735
-0.03980 0.01872
-0.03712 0.01936
-0.03417 0.01912
-0.03140 0.01844
-0.02795 0.01961
-0.02413 0.01947
-0.01959 0.02106
-0.01515 0.02154
-0.01183 0.02141
-0.00814 0.02075
-0.00508 0.02057
-0.00119 0.02013
0.00381 0.01978
0.00870 0.01973
0.01319 0.01958
0.01598 0.01904
