-0.01169 -0.00390
-0.01173 -0.00389
-0.00965 -0.00349
-0.00718 -0.00191
-0.00760 -0.00406
-0.00760 -0.00410
-0.00820 -0.00279
-0.00904 -0.00491
-0.01117 -0.00506
-0.00900 -0.00187
-0.00787 -0.00129
-0.01064 -0.00397
-0.00902 -0.00446
-0.00977 -0.00296
-0.00972 -0.00061
-0.00776 -0.00119
-0.00834 -0.00311
-0.00927 -0.00613
-0.00968 -0.00742
-0.00956 -0.00034
-0.00821 -0.00099
-0.00851 -0.00193
-0.00837 -0.00330
-0.00829 -0.00413
-0.00797 -0.00376
-0.00720 -0.00462
-0.00736 -0.00472
-0.00688 -0.00331
-0.00840 -0.00382
-0.01005 -0.00354
-0.01051 -0.00402
-0.01131 -0.00456
-0.01033 -0.00363
-0.00780 -0.00316
-0.00368 -0.00315
0.00087 -0.00375
0.00735 -0.00527
0.01213 -0.00598
0.01634 -0.00493
0.02026 -0.00327
0.02401 -0.00337
0.02742 -0.00157
0.03076 0.00034
0.03275 -0.00031
0.03703 -0.00028
0.04117 0.00027
0.04464 0.00140
0.04896 0.00241
0.05155 0.00077
0.05502 -0.00068
0.05850 -0.00061
0.06276 -0.00055
0.06866 0.00059
0.07413 0.00116
0.07971 0.00235
0.08414 0.00385
0.08773 0.00441
0.08911 0.00425
0.09146 0.00494
0.09415 0.00647
0.09689 0.00587
0.09999 0.00599
0.10335 0.00590
0.10904 0.00726
0.11570 0.00855
0.11994 0.00988
0.12472 0.01053
0.12969 0.01041
0.13273 0.01032
0.13691 0.01083
0.13922 0.01280
0.14181 0.01374
0.14347 0.01383
0.14833 0.01404
0.15166 0.01488
0.15732 0.01492
0.16195 0.01821
0.16742 0.01938
0.17110 0.01955
0.17264 0.01795
0.17379 0.01848
0.17822 0.01916
0.18168 0.02076
0.18563 0.02257
0.19174 0.02309
0.19908 0.02456
0.20544 0.02822
0.20919 0.02879
0.20973 0.02967
0.21163 0.02993
0.21351 0.02908
0.21322 0.02920
0.21389 0.02919
0.21748 0.03118
0.22546 0.03445
0.23480 0.03606
0.24083 0.03797
0.24604 0.03920
0.24807 0.03881
0.24935 0.03886
0.25125 0.03953
0.25268 0.04038
0.25599 0.04079
0.25970 0.04167
0.26412 0.04325
0.26752 0.04388
0.27084 0.04677
0.27534 0.04912
0.28037 0.04949
0.28539 0.04919
0.28774 0.04979
0.29091 0.05163
0.29477 0.05397
0.29788 0.05581
0.30237 0.05840
0.30595 0.06020
0.30897 0.06237
0.31248 0.06264
0.31586 0.06161
0.31937 0.06162
0.32318 0.06312
0.32680 0.06445
0.33025 0.06587
0.33266 0.06827
0.33745 0.07071
0.34160 0.07133
0.34534 0.07341
0.34856 0.07538
0.35456 0.07635
0.35830 0.07815
0.36195 0.07839
0.36511 0.08090
0.36867 0.08249
0.37427 0.08415
0.37727 0.08605
0.38133 0.08905
0.38464 0.09073
0.38542 0.09097
0.38766 0.09157
0.39046 0.09312
0.39493 0.09559
0.39868 0.09878
0.40355 0.10014
0.40846 0.10026
0.41186 0.10119
0.41571 0.10402
0.41880 0.10818
0.42153 0.10848
0.42552 0.10984
0.42847 0.11093
0.43191 0.11089
0.43220 0.11173
0.43285 0.11270
0.43641 0.11522
0.44404 0.11775
0.45027 0.12247
0.45759 0.12556
0.46118 0.12759
0.46392 0.12914
0.46687 0.13131
0.47002 0.13224
0.47482 0.13367
0.47496 0.13371
0.47808 0.13290
0.47953 0.13497
0.48699 0.14064
0.48714 0.14075
0.48925 0.14305
0.49527 0.14354
0.49764 0.14615
0.49978 0.15043
0.50223 0.15380
0.50684 0.15587
0.50922 0.15652
0.51405 0.15832
0.51831 0.15962
0.52293 0.16511
0.52303 0.16522
0.52469 0.16702
0.53716 0.17162
0.53892 0.17320
0.54099 0.17515
0.54367 0.17804
0.54687 0.17956
0.55140 0.17966
0.55849 0.18603
0.55867 0.18616
0.56163 0.19063
0.56457 0.19562
0.57859 0.20594
0.58669 0.20996
0.58777 0.21248
0.59459 0.21433
0.59658 0.21562
0.60290 0.21970
0.60306 0.21979
0.60789 0.22323
0.61242 0.22979
0.62128 0.23811
0.62150 0.23832
0.62434 0.23902
0.62523 0.23759
0.62638 0.24421
0.62638 0.24421
0.62931 0.24597
0.63417 0.24492
0.63877 0.24517
0.64846 0.25878
0.65175 0.26209
0.65380 0.26550
0.65643 0.27088
0.65960 0.27419
0.66300 0.27705
0.66590 0.27787
0.66959 0.27944
0.67325 0.28035
0.67366 0.28167
0.67439 0.28377
0.67593 0.28625
0.67812 0.29003
0.68097 0.29380
0.68422 0.29798
0.68845 0.30106
0.69442 0.30328
0.69927 0.30801
0.70262 0.31011
0.70282 0.31350
0.70487 0.31448
0.70587 0.31584
0.70684 0.31766
0.70691 0.31962
0.71007 0.32404
0.71233 0.32778
0.71647 0.33057
0.71975 0.33295
0.72287 0.33480
0.72665 0.33715
0.73064 0.34152
0.73410 0.34537
0.73455 0.34978
0.73698 0.35280
0.74105 0.35524
0.74437 0.35677
0.74893 0.36101
0.74993 0.36082
0.75122 0.36403
0.75407 0.36789
0.75511 0.37255
0.75679 0.37516
0.75699 0.37707
0.75823 0.37992
0.76069 0.38406
0.76360 0.38730
0.76878 0.39107
0.77466 0.39514
0.77910 0.39909
0.78269 0.40163
0.78395 0.40451
0.78464 0.40891
0.78492 0.41087
0.78621 0.41062
0.78452 0.41012
0.78593 0.41062
0.78891 0.41296
0.79342 0.41627
0.79932 0.42295
0.80039 0.43110
0.80244 0.43490
0.80385 0.43708
0.80643 0.43868
0.80870 0.44048
0.81314 0.44337
0.81528 0.44805
0.81743 0.45279
0.81916 0.45648
0.82050 0.45868
0.82268 0.46099
0.82430 0.46239
0.82583 0.46454
0.82758 0.46849
0.82981 0.47250
0.83186 0.47673
0.83538 0.48024
0.83965 0.48631
0.84234 0.49191
0.84395 0.49596
0.84555 0.50055
0.84728 0.50277
0.84718 0.50564
0.84749 0.50732
0.84789 0.50823
0.85077 0.50930
0.85276 0.51211
0.85595 0.51637
0.85819 0.52051
0.85924 0.52507
0.86113 0.53066
0.86445 0.53656
0.86706 0.54036
0.86916 0.54577
0.87008 0.54757
0.87186 0.54782
0.87217 0.54890
0.87482 0.55217
0.87552 0.55574
0.87743 0.55924
0.88033 0.56209
0.88140 0.56791
0.88363 0.57234
0.88670 0.57694
0.88782 0.58240
0.88738 0.58752
0.88964 0.59287
0.89232 0.59662
0.89511 0.59726
0.89731 0.59938
0.89788 0.60317
0.89898 0.60714
0.90121 0.60969
0.90437 0.61201
0.90569 0.61525
0.90627 0.61808
0.90845 0.62434
0.90787 0.63179
0.90954 0.63420
0.90992 0.63925
0.91444 0.64235
0.91669 0.64553
0.91434 0.64903
0.91493 0.65125
0.91515 0.65278
0.91767 0.65570
0.91967 0.65913
0.92409 0.66296
0.92649 0.66719
0.92726 0.67079
0.92634 0.67572
0.92641 0.68052
0.92679 0.68427
0.92871 0.68924
0.93309 0.69334
0.93642 0.69516
0.93814 0.69968
0.93854 0.70493
0.93659 0.71415
0.94024 0.71618
0.94136 0.71902
0.94422 0.72072
0.94388 0.72446
0.94390 0.72458
0.94583 0.72984
0.94640 0.73531
0.94612 0.74118
0.94849 0.75238
0.94858 0.75295
0.95029 0.75867
0.95313 0.76251
0.95362 0.76336
0.95529 0.76740
0.95533 0.76751
0.95582 0.76935
0.95729 0.77405
0.95893 0.77787
0.96162 0.78369
0.96169 0.78385
0.96313 0.78948
0.96258 0.79373
0.96252 0.79711
0.96565 0.79987
0.96481 0.80804
0.96428 0.81517
0.96221 0.81841
0.96273 0.82125
0.96316 0.82262
0.96521 0.82416
0.96791 0.83252
0.96794 0.83270
0.96807 0.83569
0.96892 0.83838
0.96933 0.84276
0.97213 0.84814
0.97478 0.85465
0.97521 0.85874
0.97354 0.86270
0.97231 0.86449
0.97197 0.86529
0.97331 0.86834
0.97529 0.87106
0.97579 0.87380
0.97686 0.87787
0.97659 0.88281
0.97839 0.89801
0.98030 0.90180
0.98031 0.90473
0.98027 0.90981
0.97969 0.91587
0.98166 0.92142
0.98273 0.92882
0.98168 0.93656
0.98174 0.94172
0.98227 0.94487
0.98318 0.94732
0.98327 0.95224
0.98408 0.95739
0.98553 0.96118
0.98606 0.96504
0.98655 0.96758
0.98597 0.97479
0.98573 0.97651
0.98619 0.98143
0.98549 0.99309
0.98568 0.99303
0.98597 0.99745
0.98525 1.00295
0.98566 1.01342
0.98567 1.01364
0.98494 1.01757
0.98543 1.01999
0.98685 1.02104
0.98715 1.02117
0.98774 1.02307
0.98708 1.02821
0.98631 1.03370
0.98444 1.03827
0.98385 1.04326
0.98550 1.04751
0.98782 1.05154
0.98807 1.05740
0.98727 1.06270
0.98645 1.06726
0.98575 1.07161
0.98415 1.07536
0.98475 1.07750
0.98421 1.08035
0.98419 1.08321
0.98450 1.08831
0.98539 1.09408
0.98719 1.09886
0.98667 1.10309
0.98491 1.10845
0.98396 1.11049
0.98300 1.11395
0.98130 1.11603
0.98224 1.11874
0.98140 1.12198
0.98082 1.12591
0.98338 1.13118
0.98340 1.13677
0.98081 1.14199
0.97957 1.14565
0.97769 1.14972
0.97821 1.15095
0.97905 1.15378
0.98173 1.15529
0.97972 1.15624
0.97986 1.16073
0.97695 1.16831
0.97443 1.17367
0.97225 1.18149
0.97507 1.18591
0.97749 1.18732
0.97645 1.18815
0.97217 1.18728
0.97068 1.18707
0.97002 1.19192
0.96894 1.19969
0.96854 1.20525
0.96719 1.21260
0.96830 1.21693
0.96603 1.21799
0.96574 1.22185
0.96642 1.22589
0.96694 1.22914
0.96572 1.23350
0.96350 1.23822
0.96222 1.24230
0.96152 1.24592
0.96109 1.24957
0.96046 1.25198
0.96042 1.25530
0.95914 1.25750
0.95735 1.25821
0.95554 1.25690
0.95402 1.25760
0.95341 1.26188
0.95238 1.26963
0.95389 1.27608
0.95347 1.28337
0.95172 1.28901
0.95019 1.29040
0.94760 1.29550
0.94502 1.29481
0.94438 1.29390
0.94396 1.29182
0.94150 1.29336
0.93958 1.30123
0.93731 1.30970
0.93819 1.31811
0.93858 1.33329
0.93979 1.33567
0.93702 1.34104
0.93267 1.34586
0.92978 1.35039
0.92817 1.35307
0.92782 1.35489
0.92701 1.35848
0.92825 1.36212
0.92569 1.36256
0.92527 1.36321
0.92539 1.36574
0.92181 1.36688
0.91694 1.37111
0.91220 1.37665
0.91378 1.38425
0.91672 1.39071
0.91461 1.39550
0.91361 1.40007
0.91211 1.40148
0.90926 1.40458
0.90593 1.40994
0.90787 1.41386
0.90747 1.41721
0.90631 1.41824
0.89385 1.43369
0.89254 1.43682
0.89561 1.44136
0.89210 1.44352
0.89141 1.44922
0.88647 1.45612
0.88335 1.46284
0.88107 1.46900
0.88073 1.47469
0.87923 1.48068
0.87918 1.48084
0.88025 1.48287
0.87761 1.48194
0.87755 1.48195
0.87586 1.48328
0.87297 1.48607
0.87019 1.49177
0.86700 1.49802
0.86608 1.50526
0.86583 1.50877
0.86372 1.51263
0.86247 1.51724
0.86067 1.52133
0.85883 1.52589
0.85554 1.52832
0.85457 1.53290
0.85388 1.53739
0.85340 1.54022
0.85170 1.54233
0.85023 1.54447
0.84547 1.54860
0.84536 1.54871
0.84293 1.55075
0.83836 1.55224
0.83386 1.55742
0.83167 1.56246
0.83010 1.57234
0.83010 1.57234
0.82916 1.57818
0.82662 1.57891
0.82490 1.58091
0.82261 1.58282
0.82055 1.58542
0.81871 1.58882
0.81700 1.59217
0.81409 1.59598
0.81019 1.59978
0.80733 1.60295
0.80446 1.60562
0.80242 1.60987
0.80211 1.61478
0.80265 1.61915
0.79805 1.62538
0.79792 1.62552
0.79480 1.62739
0.79091 1.63102
0.78820 1.63467
0.78666 1.63851
0.77846 1.64596
0.77690 1.64786
0.77239 1.65852
0.77027 1.66430
0.76680 1.66859
0.76257 1.67248
0.75807 1.67557
0.75623 1.67975
0.75453 1.68338
0.75378 1.68433
0.75176 1.68273
0.75020 1.68261
0.74560 1.68455
0.74376 1.68530
0.73978 1.69075
0.73576 1.69736
0.73324 1.70390
0.73157 1.70845
0.72860 1.71087
0.72774 1.71319
0.72567 1.71738
0.72417 1.72045
0.72018 1.72190
0.71544 1.72252
0.71193 1.72403
0.71046 1.72380
0.71175 1.72520
0.71120 1.72730
0.70894 1.73097
0.70450 1.73426
0.69956 1.73951
0.69601 1.74395
0.69167 1.75061
0.68840 1.75455
0.68621 1.75770
0.68377 1.75992
0.68157 1.76007
0.68044 1.75986
0.68053 1.75926
0.67871 1.75981
0.67425 1.76153
0.67106 1.76422
0.66676 1.76833
0.66011 1.77436
0.65509 1.78193
0.65327 1.78714
0.65238 1.78990
0.65199 1.78960
0.65065 1.78995
0.64680 1.79036
0.64533 1.79056
0.64107 1.79186
0.63701 1.79326
0.63381 1.79653
0.63184 1.80241
0.62776 1.80810
0.62465 1.81448
0.62124 1.81959
0.61766 1.82118
0.61354 1.82084
0.61058 1.82024
0.61066 1.82304
0.60646 1.82366
0.60372 1.82598
0.60392 1.82961
0.60082 1.83179
0.59749 1.83175
0.59384 1.83277
0.59170 1.83302
0.58783 1.83463
0.58700 1.83757
0.58529 1.84109
0.58108 1.84481
0.57647 1.84967
0.56960 1.85270
0.56460 1.85568
0.56094 1.85909
0.56280 1.86043
0.56099 1.86097
0.55997 1.86227
0.55698 1.86261
0.55164 1.86477
0.54565 1.86557
0.53817 1.86951
0.53623 1.87402
0.53444 1.87767
0.53258 1.88082
0.53076 1.88220
0.52749 1.88358
0.52388 1.88524
0.51967 1.88720
0.51711 1.89022
0.51315 1.89123
0.50903 1.89233
0.50477 1.89424
0.50126 1.89896
0.50044 1.90146
0.49904 1.90288
0.49586 1.90354
0.49193 1.90644
0.48754 1.91006
0.48041 1.91295
0.47668 1.91526
0.47560 1.91684
0.47444 1.91886
0.46962 1.92117
0.46949 1.92123
0.46509 1.92235
0.46057 1.92456
0.45509 1.92843
0.45481 1.92861
0.45075 1.93094
0.44373 1.93353
0.44356 1.93361
0.43919 1.93500
0.43563 1.93640
0.43174 1.93779
0.42975 1.93840
0.42910 1.94004
0.42568 1.94682
0.42092 1.94856
0.41712 1.95148
0.40933 1.95183
0.40332 1.95202
0.39712 1.95247
0.39513 1.95490
0.39503 1.95496
0.39718 1.95698
0.39845 1.95887
0.39511 1.96002
0.38743 1.96101
0.37899 1.96138
0.37129 1.96601
0.36128 1.97253
0.36101 1.97267
0.35912 1.97546
0.35940 1.97770
0.35357 1.97585
0.35357 1.97585
0.35103 1.97448
0.34749 1.97439
0.34342 1.97546
0.33839 1.97886
0.32995 1.98700
0.32972 1.98720
0.32674 1.98973
0.32535 1.99080
0.32179 1.99022
0.31056 1.99334
0.30358 1.99162
0.30321 1.99158
0.29983 1.99318
0.29341 1.99706
0.28293 2.00420
0.27765 2.00438
0.27749 2.00438
0.27398 2.00534
0.27001 2.00544
0.26464 2.00549
0.26057 2.00675
0.25546 2.00859
0.25153 2.01132
0.25003 2.01279
0.24753 2.01236
0.24360 2.01070
0.24038 2.01298
0.23539 2.01541
0.23129 2.01736
0.22860 2.02088
0.22472 2.02335
0.22094 2.02366
0.21739 2.02191
0.21355 2.02143
0.20912 2.02092
0.20762 2.02110
0.20439 2.02289
0.20109 2.02486
0.19403 2.02613
0.18946 2.02725
0.18390 2.02786
0.17945 2.02876
0.17592 2.03139
0.17353 2.03269
0.17125 2.03258
0.16823 2.03265
0.16490 2.03192
0.16206 2.03188
0.15623 2.03198
0.15131 2.03342
0.14697 2.03578
0.14460 2.03806
0.14232 2.03785
0.13804 2.03922
0.13418 2.03961
0.13126 2.03913
0.12885 2.04030
0.12349 2.03996
0.11818 2.03892
0.11290 2.04052
0.10837 2.04204
0.10430 2.04451
0.10136 2.04607
0.09829 2.04499
0.09457 2.04504
0.09181 2.04564
0.08678 2.04652
0.08491 2.04652
0.08170 2.04816
0.07838 2.04816
0.07354 2.04955
0.06663 2.04818
0.06238 2.04931
0.05848 2.05087
0.05531 2.05259
0.05208 2.05256
0.04974 2.05323
0.04581 2.05113
0.03952 2.05169
0.03491 2.05167
0.03303 2.05280
0.02993 2.05411
0.02676 2.05485
0.02198 2.05361
0.02064 2.05022
0.01543 2.04907
0.00926 2.04654
0.00641 2.04772
0.00171 2.04954
-0.00270 2.05159
-0.00744 2.05544
-0.00998 2.05835
-0.01523 2.05629
-0.01915 2.05264
-0.01962 2.05327
-0.02194 2.05328
-0.02669 2.05232
-0.03301 2.05095
-0.04081 2.05101
-0.04406 2.05324
-0.04587 2.05446
-0.04790 2.05663
-0.05272 2.05757
-0.05566 2.05646
-0.06053 2.05648
-0.06467 2.05385
-0.06652 2.05169
-0.06830 2.05096
-0.07351 2.04872
-0.07901 2.04820
-0.08485 2.04829
-0.08862 2.04927
-0.09250 2.05086
-0.09661 2.05352
-0.10171 2.05404
-0.10511 2.05213
-0.10990 2.05088
-0.11326 2.04944
-0.11762 2.04905
-0.12167 2.04896
-0.12434 2.04745
-0.12886 2.04873
-0.13192 2.04708
-0.13500 2.04631
-0.13943 2.04680
-0.14426 2.04712
-0.14847 2.04763
-0.15222 2.04778
-0.15490 2.04590
-0.15923 2.04643
-0.16488 2.04591
-0.16759 2.04490
-0.17449 2.04438
-0.17982 2.04255
-0.18277 2.04317
-0.18378 2.04302
-0.18480 2.04341
-0.19026 2.04113
-0.19535 2.04117
-0.19910 2.04208
-0.20234 2.04307
-0.20804 2.04060
-0.21259 2.03790
-0.21601 2.03672
-0.21782 2.03540
-0.22246 2.03402
-0.22493 2.03080
-0.22675 2.03125
-0.22986 2.03287
-0.23637 2.03263
-0.25016 2.03263
-0.25809 2.02987
-0.25829 2.02980
-0.26423 2.02981
-0.26599 2.02762
-0.26988 2.02536
-0.27170 2.02520
-0.27846 2.02540
-0.27875 2.02541
-0.28336 2.02354
-0.28861 2.02378
-0.29989 2.02008
-0.30316 2.01882
-0.30628 2.01714
-0.30917 2.01636
-0.31152 2.01664
-0.31336 2.01532
-0.31589 2.01280
-0.31922 2.01177
-0.32571 2.01012
-0.33130 2.00928
-0.34237 2.00542
-0.34508 2.00422
-0.34907 2.00524
-0.35283 2.00657
-0.35621 2.00546
-0.35979 2.00526
-0.36365 2.00248
-0.36611 1.99842
-0.36663 1.99426
-0.37622 1.98806
-0.37642 1.98792
-0.38237 1.99048
-0.38627 1.99390
-0.39016 1.99424
-0.39374 1.99477
-0.39827 1.98912
-0.40174 1.98637
-0.40420 1.98380
-0.40547 1.98225
-0.41424 1.97461
-0.42381 1.97722
-0.42403 1.97728
-0.42853 1.97682
-0.43405 1.97647
-0.44050 1.97406
-0.44563 1.97156
-0.44937 1.96783
-0.45275 1.96720
-0.45283 1.96716
-0.45395 1.96685
-0.45496 1.96436
-0.45826 1.96221
-0.46283 1.95838
-0.46661 1.95545
-0.47110 1.95464
-0.47991 1.95697
-0.48011 1.95699
-0.48508 1.95470
-0.49487 1.94643
-0.49791 1.94502
-0.49799 1.94496
-0.50014 1.94403
-0.50319 1.94282
-0.50490 1.94016
-0.50846 1.93560
-0.51110 1.93094
-0.51529 1.92623
-0.53205 1.92558
-0.53666 1.92697
-0.54007 1.92637
-0.54391 1.92544
-0.54691 1.92487
-0.54898 1.91954
-0.55222 1.91482
-0.55531 1.91143
-0.55799 1.91013
-0.56118 1.90844
-0.56461 1.90715
-0.56786 1.90612
-0.57215 1.90409
-0.57528 1.90182
-0.57704 1.89857
-0.57837 1.89766
-0.58151 1.89557
-0.58585 1.89235
-0.59048 1.88994
-0.59305 1.88765
-0.59617 1.88599
-0.60074 1.88346
-0.60473 1.88144
-0.60758 1.87887
-0.61095 1.87707
-0.61238 1.87695
-0.61371 1.87368
-0.61528 1.87115
-0.61768 1.86653
-0.62225 1.86103
-0.62851 1.85970
-0.63339 1.85873
-0.63679 1.85969
-0.64006 1.85871
-0.64504 1.85833
-0.64646 1.85594
-0.64854 1.85333
-0.65204 1.84986
-0.65521 1.84576
-0.65815 1.84209
-0.66125 1.84091
-0.66545 1.83695
-0.66748 1.83396
-0.66878 1.83225
-0.67143 1.83081
-0.67588 1.82892
-0.67874 1.82897
-0.68394 1.82583
-0.68742 1.82069
-0.69078 1.81653
-0.69435 1.81421
-0.69888 1.81458
-0.70260 1.81305
-0.70531 1.81211
-0.70616 1.80823
-0.70730 1.80516
-0.70855 1.80038
-0.71167 1.79606
-0.71523 1.79293
-0.71900 1.79093
-0.72314 1.78870
-0.72598 1.78687
-0.72902 1.78412
-0.73121 1.78235
-0.73322 1.78141
-0.73567 1.77861
-0.73719 1.77661
-0.74106 1.77364
-0.74484 1.77068
-0.74973 1.76569
-0.75411 1.76349
-0.75980 1.76163
-0.76285 1.75993
-0.76349 1.75951
-0.76395 1.75884
-0.76467 1.75691
-0.76609 1.75254
-0.76797 1.74637
-0.77067 1.73877
-0.77352 1.73349
-0.77548 1.72997
-0.77911 1.72704
-0.78194 1.72576
-0.78428 1.72542
-0.78582 1.72524
-0.78842 1.72478
-0.79252 1.72234
-0.79601 1.71929
-0.80044 1.71469
-0.80500 1.71058
-0.80723 1.70866
-0.80924 1.70612
-0.80837 1.70236
-0.80871 1.69925
-0.80861 1.69572
-0.81045 1.69148
-0.81309 1.68780
-0.81627 1.68395
-0.82084 1.68175
-0.82495 1.67797
-0.83356 1.67062
-0.83661 1.67164
-0.83852 1.67079
-0.84641 1.66257
-0.84660 1.66241
-0.84907 1.65651
-0.85001 1.64978
-0.85272 1.64287
-0.85280 1.64266
-0.85466 1.63948
-0.85776 1.64006
-0.85794 1.63995
-0.85727 1.63872
-0.85878 1.63467
-0.85965 1.63002
-0.86779 1.61964
-0.86779 1.61964
-0.87237 1.61569
-0.88084 1.61344
-0.88079 1.61461
-0.88398 1.61392
-0.88627 1.61406
-0.88712 1.61269
-0.88742 1.60695
-0.88894 1.59626
-0.88900 1.59600
-0.89091 1.59162
-0.89237 1.58771
-0.89833 1.57904
-0.90089 1.57801
-0.90497 1.57696
-0.90793 1.57585
-0.90982 1.57159
-0.91317 1.56692
-0.91981 1.55571
-0.92277 1.54917
-0.92822 1.53927
-0.92833 1.53904
-0.92982 1.53350
-0.93177 1.52751
-0.93253 1.52361
-0.93437 1.52177
-0.93924 1.51563
-0.94167 1.51288
-0.94448 1.50875
-0.94972 1.49643
-0.95251 1.49154
-0.95318 1.48956
-0.95527 1.48772
-0.95745 1.48408
-0.95910 1.48080
-0.96085 1.47754
-0.96080 1.47153
-0.96281 1.46610
-0.96361 1.46011
-0.96495 1.45536
-0.96781 1.44989
-0.96788 1.44975
-0.97064 1.44926
-0.97260 1.44779
-0.97605 1.44553
-0.97751 1.44319
-0.97948 1.43902
-0.97971 1.43454
-0.97890 1.42721
-0.98051 1.42126
-0.98277 1.41624
-0.98462 1.41266
-0.98550 1.41149
-0.98579 1.40779
-0.98743 1.40556
-0.98791 1.40460
-0.99022 1.39957
-0.99014 1.39558
-0.99317 1.39064
-0.99501 1.38653
-0.99704 1.38282
-0.99936 1.37783
-1.00157 1.37579
-1.00471 1.37249
-1.00585 1.37194
-1.00440 1.37044
-1.00304 1.36681
-1.00325 1.36071
-1.00456 1.35307
-1.00568 1.34743
-1.00831 1.34377
-1.01010 1.34304
-1.01230 1.34171
-1.01225 1.34095
-1.01344 1.33816
-1.01621 1.33257
-1.01812 1.32666
-1.01920 1.32217
-1.02009 1.31695
-1.02115 1.31323
-1.02295 1.31067
-1.02502 1.30741
-1.02442 1.30516
-1.02369 1.30157
-1.02362 1.29816
-1.02486 1.29459
-1.02655 1.28696
-1.02687 1.28002
-1.02736 1.27397
-1.02841 1.27074
-1.02974 1.26841
-1.03094 1.26539
-1.03202 1.26258
-1.03347 1.26047
-1.03606 1.25895
-1.03746 1.25689
-1.03489 1.25250
-1.03527 1.24695
-1.03515 1.24119
-1.03670 1.23466
-1.03723 1.23091
-1.03702 1.22769
-1.03990 1.22289
-1.04260 1.21976
-1.04163 1.21819
-1.04320 1.21364
-1.04471 1.20993
-1.04499 1.20539
-1.04423 1.20378
-1.04390 1.19985
-1.04388 1.19684
-1.04493 1.19334
-1.04807 1.18903
-1.05064 1.18608
-1.05188 1.18010
-1.05256 1.17700
-1.05133 1.17396
-1.05100 1.17105
-1.05062 1.16704
-1.05010 1.16333
-1.05186 1.15896
-1.05381 1.15567
-1.05437 1.15258
-1.05419 1.14828
-1.05374 1.14322
-1.05200 1.13849
-1.05184 1.13355
-1.05470 1.12868
-1.05767 1.12514
-1.05698 1.12223
-1.05730 1.11751
-1.05550 1.11363
-1.05539 1.10930
-1.05591 1.10593
-1.05619 1.10241
-1.05921 1.09896
-1.06038 1.09631
-1.05769 1.09258
-1.05681 1.08864
-1.05495 1.08572
-1.05659 1.08133
-1.05763 1.07650
-1.05956 1.07265
-1.06059 1.06825
-1.06080 1.06427
-1.05906 1.06129
-1.05691 1.06006
-1.05441 1.05657
-1.05388 1.05069
-1.05425 1.04421
-1.05715 1.03892
-1.05871 1.03433
-1.05961 1.03216
-1.06080 1.03020
-1.06091 1.02838
-1.06021 1.02513
-1.05946 1.01666
-1.05945 1.01625
-1.05972 1.01201
-1.06104 1.00797
-1.05797 0.99039
-1.05451 0.98280
-1.05443 0.98260
-1.05370 0.98174
-1.05602 0.98383
-1.05999 0.98459
-1.06068 0.97815
-1.06072 0.97801
-1.05802 0.97035
-1.05616 0.96140
-1.05645 0.95182
-1.05797 0.94699
-1.06172 0.93629
-1.05904 0.93480
-1.05448 0.93351
-1.05086 0.93080
-1.05165 0.93043
-1.05566 0.92643
-1.05624 0.92041
-1.05426 0.90632
-1.05334 0.90240
-1.05330 0.89867
-1.05311 0.89475
-1.05132 0.88953
-1.05006 0.88609
-1.05072 0.88217
-1.05076 0.87907
-1.05135 0.87495
-1.05067 0.87162
-1.04937 0.86736
-1.04934 0.86726
-1.04892 0.86463
-1.04911 0.85978
-1.04740 0.85414
-1.04468 0.84122
-1.04519 0.83656
-1.04239 0.82912
-1.04233 0.82894
-1.04024 0.82564
-1.04034 0.82294
-1.03757 0.81553
-1.03751 0.81536
-1.03787 0.81160
-1.03704 0.80335
-1.03704 0.80315
-1.03647 0.80066
-1.03564 0.79665
-1.03549 0.79146
-1.03571 0.78718
-1.03195 0.78444
-1.02845 0.78190
-1.02485 0.77717
-1.02441 0.77240
-1.02667 0.76566
-1.02852 0.75860
-1.03022 0.75277
-1.02966 0.75179
-1.02510 0.74975
-1.02124 0.74910
-1.01835 0.74639
-1.01586 0.74191
-1.01528 0.73738
-1.01595 0.73387
-1.01720 0.72892
-1.02015 0.72494
-1.01901 0.72014
-1.01633 0.71548
-1.01465 0.71336
-1.01343 0.71151
-1.01153 0.70979
-1.00878 0.70810
-1.00460 0.70641
-1.00484 0.69738
-1.00638 0.69168
-1.00707 0.68833
-1.00603 0.68444
-1.00412 0.67969
-1.00314 0.67553
-1.00058 0.67426
-0.99841 0.67078
-0.99527 0.66548
-0.99442 0.66008
-0.99340 0.65687
-0.99272 0.65402
-0.99062 0.65232
-0.98819 0.65134
-0.98698 0.64759
-0.98662 0.64341
-0.98663 0.63946
-0.98713 0.63534
-0.98643 0.63144
-0.98417 0.62971
-0.98143 0.62724
-0.97642 0.62357
-0.97304 0.61815
-0.97049 0.61186
-0.96963 0.60800
-0.96866 0.60361
-0.96822 0.60020
-0.96791 0.59730
-0.96628 0.59513
-0.96371 0.59269
-0.96150 0.58836
-0.95924 0.58489
-0.95716 0.58280
-0.95689 0.57872
-0.95545 0.57302
-0.95430 0.56585
-0.95229 0.56049
-0.95005 0.55460
-0.94779 0.55171
-0.94561 0.55026
-0.94331 0.54832
-0.93927 0.54351
-0.93986 0.54188
-0.93756 0.53933
-0.93605 0.53722
-0.93420 0.53553
-0.93137 0.53214
-0.92894 0.52815
-0.92766 0.52298
-0.92673 0.51704
-0.92332 0.50993
-0.92187 0.50539
-0.92002 0.50330
-0.91919 0.50249
-0.91672 0.50091
-0.91375 0.49832
-0.91206 0.49447
-0.90935 0.49145
-0.90583 0.48919
-0.90140 0.48604
-0.89952 0.48201
-0.89991 0.47680
-0.89990 0.47441
-0.89870 0.46665
-0.89536 0.46199
-0.89213 0.45558
-0.88907 0.45087
-0.88657 0.44823
-0.88416 0.44428
-0.88418 0.44477
-0.88197 0.44494
-0.88000 0.44164
-0.87408 0.44107
-0.87234 0.44087
-0.86974 0.43928
-0.86656 0.43482
-0.86661 0.42926
-0.86672 0.42408
-0.86133 0.41638
-0.85634 0.40989
-0.85050 0.40211
-0.85179 0.39880
-0.85017 0.39823
-0.84893 0.39588
-0.84996 0.39719
-0.84962 0.39551
-0.84539 0.39106
-0.84176 0.38966
-0.83875 0.38827
-0.83422 0.38827
-0.83189 0.38450
-0.83085 0.38053
-0.82968 0.37565
-0.82864 0.37009
-0.82616 0.36484
-0.82198 0.36235
-0.81916 0.35899
-0.81579 0.35815
-0.81347 0.35679
-0.81126 0.35416
-0.80941 0.35242
-0.80682 0.34619
-0.80672 0.34604
-0.80501 0.34152
-0.80075 0.33842
-0.79211 0.33019
-0.79194 0.33002
-0.78942 0.32939
-0.78877 0.32729
-0.78660 0.32587
-0.78528 0.32237
-0.78059 0.31858
-0.77941 0.31479
-0.77678 0.31251
-0.77167 0.31050
-0.76881 0.30901
-0.76294 0.30681
-0.75667 0.30164
-0.75423 0.29689
-0.75356 0.28623
-0.75351 0.28599
-0.75096 0.28199
-0.74813 0.27854
-0.74122 0.27585
-0.74105 0.27578
-0.73822 0.27508
-0.73408 0.27316
-0.73086 0.27065
-0.72834 0.26784
-0.72492 0.26363
-0.72482 0.26353
-0.72161 0.25991
-0.71712 0.25671
-0.71470 0.25398
-0.70525 0.24521
-0.70560 0.24173
-0.69483 0.23799
-0.69062 0.23614
-0.68862 0.23269
-0.68410 0.22962
-0.68289 0.22907
-0.68188 0.22797
-0.67787 0.22424
-0.67239 0.21947
-0.67020 0.21420
-0.66754 0.20952
-0.66590 0.20800
-0.66407 0.20564
-0.66043 0.20392
-0.65718 0.20414
-0.64635 0.19987
-0.64311 0.19663
-0.64100 0.19293
-0.63871 0.19020
-0.63568 0.18719
-0.63254 0.18422
-0.62779 0.18226
-0.62431 0.18100
-0.62121 0.18057
-0.61876 0.17782
-0.61579 0.17748
-0.61059 0.17477
-0.60668 0.17169
-0.60425 0.16861
-0.60140 0.16562
-0.59904 0.16351
-0.59777 0.16217
-0.59551 0.16081
-0.59119 0.16001
-0.58502 0.15852
-0.58225 0.15593
-0.57920 0.15291
-0.57586 0.14980
-0.57389 0.14643
-0.57091 0.14344
-0.56747 0.14252
-0.56393 0.13977
-0.55942 0.13819
-0.55759 0.13624
-0.55469 0.13446
-0.55131 0.13151
-0.54924 0.12999
-0.54772 0.12774
-0.54272 0.12624
-0.53726 0.12601
-0.53308 0.12512
-0.53102 0.12531
-0.52978 0.12420
-0.52798 0.12212
-0.52488 0.11837
-0.51835 0.11774
-0.51373 0.11387
-0.51062 0.11181
-0.50541 0.11172
-0.50124 0.11021
-0.50004 0.11005
-0.49935 0.10739
-0.49720 0.10784
-0.49227 0.10707
-0.48744 0.10551
-0.48028 0.10147
-0.47694 0.09740
-0.47478 0.09367
-0.47314 0.08943
-0.47157 0.08890
-0.46887 0.08983
-0.46531 0.09150
-0.45997 0.09331
-0.45574 0.09324
-0.45234 0.09107
-0.44990 0.08841
-0.44591 0.08535
-0.44224 0.08154
-0.43717 0.07764
-0.43216 0.07407
-0.42796 0.07225
-0.42587 0.07138
-0.42501 0.07085
-0.42327 0.06992
-0.41908 0.07237
-0.41425 0.07229
-0.40870 0.07061
-0.40390 0.06992
-0.39994 0.06768
-0.39777 0.06533
-0.39437 0.06164
-0.39092 0.05866
-0.38714 0.05636
-0.38254 0.05526
-0.37921 0.05669
-0.37641 0.05493
-0.37480 0.05307
-0.37241 0.05147
-0.36623 0.04992
-0.35996 0.04817
-0.35582 0.04606
-0.35368 0.04380
-0.35132 0.04373
-0.34962 0.04758
-0.34751 0.04816
-0.34224 0.04844
-0.33643 0.04720
-0.33083 0.04332
-0.32799 0.04089
-0.32661 0.03789
-0.32465 0.03403
-0.32091 0.03551
-0.31620 0.03656
-0.31162 0.03450
-0.30468 0.03361
-0.29927 0.03274
-0.29571 0.03179
-0.29166 0.03210
-0.29025 0.02943
-0.28807 0.02792
-0.28631 0.02951
-0.28157 0.03228
-0.27520 0.03078
-0.27021 0.03009
-0.26636 0.02815
-0.26398 0.02551
-0.26209 0.02199
-0.26099 0.01908
-0.25819 0.01877
-0.25488 0.01891
-0.24949 0.01991
-0.24444 0.02097
-0.23608 0.02235
-0.23586 0.02238
-0.23263 0.02121
-0.22908 0.01934
-0.22669 0.01878
-0.22251 0.01706
-0.21256 0.01536
-0.20800 0.01458
-0.20431 0.01461
-0.20012 0.01457
-0.18800 0.01108
-0.17821 0.01082
-0.17564 0.01188
-0.17264 0.01259
-0.16986 0.01220
-0.15610 0.00665
-0.15579 0.00654
-0.14883 0.00590
-0.14514 0.00604
-0.13802 0.00237
-0.13677 0.00264
-0.13550 0.00215
-0.13185 0.00390
-0.12032 0.00676
-0.12002 0.00683
-0.11266 0.00687
-0.10051 0.00420
-0.10022 0.00413
-0.09729 0.00151
-0.09428 -0.00171
-0.09418 -0.00180
-0.09334 -0.00135
-0.09102 -0.00047
-0.07377 0.00261
-0.06557 -0.00049
-0.06492 -0.00072
-0.06151 0.00006
-0.05929 0.00072
-0.05679 0.00189
-0.04878 0.00171
-0.04112 -0.00069
-0.03612 -0.00087
-0.03153 0.00025
-0.02632 0.00210
-0.02248 0.00396
-0.01918 0.00416
-0.02040 0.00194
-0.02487 -0.00076
-0.03565 0.00301
-0.03585 0.00307
-0.03289 0.00182
-0.02944 0.00185
-0.02661 0.00319
-0.02624 0.00195
-0.02525 -0.00013
-0.02654 0.00077
-0.02766 0.00218
-0.02912 0.00638
-0.03033 0.00133
-0.03179 0.00032
-0.03193 -0.00051
-0.03094 -0.00037
-0.02821 0.00109
-0.02719 0.00342
-0.02610 0.00346
-0.02704 0.00299
-0.02769 0.00153
-0.02756 0.00095
-0.02797 -0.00081
-0.02789 -0.00084
-0.02787 -0.00104
-0.02834 0.00007
-0.02882 0.00125
-0.02893 0.00238
-0.02951 0.00359
-0.03141 0.00287
-0.02997 0.00191
-0.02967 0.00079
-0.02837 0.00149
-0.02736 0.00022
-0.02553 0.00027
-0.02439 0.00140
-0.02539 0.00228
-0.02734 0.00259
-0.02937 0.00074
-0.03132 -0.00133
-0.03198 -0.00130
-0.03163 0.00019
-0.03003 0.00147
-0.03085 0.00390
-0.02950 0.00306
-0.02614 0.00403
-0.02501 0.00223
-0.02713 0.00139
-0.02895 -0.00055
-0.02974 -0.00071
-0.02911 -0.00152
-0.02856 0.00007
-0.02865 0.00155
-0.02950 0.00134
-0.02879 0.00356
-0.02906 0.00427
-0.02877 0.00388
-0.02780 0.00047
