-0.00978 0.00121
-0.01226 0.00143
-0.01218 0.00074
-0.01098 -0.00112
-0.00997 -0.00386
-0.01061 -0.00054
-0.01330 0.00217
-0.01426 0.00213
-0.01265 0.00238
-0.01207 0.00134
-0.00948 -0.00018
-0.01061 0.00159
-0.01041 0.00213
-0.01186 0.00051
-0.01261 -0.00003
-0.01308 0.00028
-0.01537 0.00071
-0.01314 0.00075
-0.01247 0.00143
-0.01283 0.00255
-0.01325 0.00160
-0.01369 0.00036
-0.01384 0.00068
-0.01273 -0.00044
-0.01147 -0.00099
-0.01039 0.00071
-0.01047 0.00169
-0.01149 0.00165
-0.01308 0.00087
-0.01313 0.00176
-0.01043 -0.00085
-0.01037 -0.00092
-0.01012 -0.00061
-0.01158 0.00030
-0.01159 0.00032
-0.01116 -0.00027
-0.01112 -0.00175
-0.01178 -0.00204
-0.01325 -0.00022
-0.01331 -0.00063
-0.01314 0.00067
-0.01215 -0.00049
-0.01140 -0.00005
-0.01060 -0.00050
-0.01233 -0.00020
-0.01236 -0.00020
-0.01281 0.00004
-0.01327 0.00149
-0.01289 0.00077
-0.01124 0.00149
-0.01038 0.00097
-0.01036 0.00096
-0.01022 -0.00064
-0.01189 -0.00058
-0.01379 -0.00259
-0.01306 -0.00139
-0.01165 -0.00157
-0.01103 0.00360
-0.01102 0.00372
-0.01261 0.00473
-0.01295 0.00385
-0.01209 0.00018
-0.01310 -0.00124
-0.01084 -0.00186
-0.01097 -0.00040
-0.01276 -0.00014
-0.01420 0.00069
-0.01495 0.00078
-0.01442 -0.00038
-0.01269 -0.00088
-0.01221 -0.00146
-0.01218 -0.00018
-0.01277 0.00109
-0.01261 0.00113
-0.01361 0.00115
-0.01268 0.00024
-0.01191 0.00019
-0.01232 0.00131
-0.01231 0.00131
-0.01281 0.00088
-0.01047 0.00012
-0.00964 -0.00144
-0.01280 -0.00047
-0.01374 0.00125
-0.01308 0.00198
-0.01306 0.00070
-0.01285 0.00143
-0.01203 0.00121
-0.01174 0.00133
-0.01121 0.00134
-0.01193 -0.00107
-0.01090 -0.00174
-0.01234 -0.00025
-0.01212 0.00042
-0.01237 0.00207
-0.01279 0.00257
-0.01138 -0.00145
-0.01179 -0.00184
-0.01524 0.00233
-0.01437 0.00255
-0.01384 0.00189
-0.01140 -0.00121
-0.00944 -0.00061
-0.01263 0.00080
-0.01267 0.00085
-0.01343 0.00077
-0.01380 -0.00025
-0.01250 0.00079
-0.01244 0.00266
-0.01199 0.00262
-0.01248 -0.00026
-0.01261 -0.00058
-0.01104 -0.00080
-0.00720 -0.00005
-0.00121 0.00258
0.00348 0.00302
0.00913 0.00327
0.01608 0.00229
0.02005 0.00072
0.02573 0.00120
0.02945 0.00298
0.03273 0.00341
0.03310 0.00324
0.03639 0.00370
0.03824 0.00302
0.04107 0.00484
0.04264 0.00499
0.04550 0.00465
0.05158 0.00514
0.05877 0.00578
0.06539 0.00630
0.06962 0.00745
0.07483 0.00627
0.07654 0.00418
0.07747 0.00373
0.07756 0.00355
0.07963 0.00678
0.08231 0.00969
0.08814 0.01185
0.09622 0.01273
0.10409 0.01378
0.10820 0.01202
0.11227 0.01113
0.11436 0.01128
0.11755 0.01205
0.12004 0.01385
0.12233 0.01623
0.12453 0.01544
0.12813 0.01563
0.13157 0.01724
0.13523 0.01723
0.14069 0.01871
0.14453 0.01945
0.15072 0.02010
0.15513 0.02008
0.15874 0.02192
0.16203 0.02276
0.16647 0.02355
0.17079 0.02432
0.17405 0.02500
0.17659 0.02426
0.17872 0.02540
0.18099 0.02706
0.18497 0.02899
0.18950 0.03073
0.19368 0.03129
0.19988 0.03205
0.20467 0.03324
0.20871 0.03371
0.21031 0.03518
0.21446 0.03604
0.21803 0.03612
0.22053 0.03646
0.22472 0.03709
0.22784 0.03869
0.23105 0.04104
0.23370 0.04328
0.23825 0.04549
0.24319 0.04717
0.24812 0.04802
0.25241 0.04780
0.25659 0.04918
0.25890 0.04962
0.26169 0.04896
0.26382 0.04880
0.26571 0.04918
0.26882 0.04955
0.27114 0.05014
0.27507 0.05290
0.28142 0.05455
0.28659 0.05780
0.29101 0.06011
0.29538 0.06019
0.29916 0.06136
0.30314 0.06143
0.30642 0.06189
0.31611 0.06592
0.32047 0.06936
0.32283 0.07051
0.32675 0.07188
0.33004 0.07311
0.33401 0.07559
0.33824 0.08042
0.34090 0.08158
0.34195 0.08286
0.34441 0.08397
0.34850 0.08486
0.35306 0.08403
0.35871 0.08305
0.36503 0.08395
0.36780 0.08636
0.36913 0.09019
0.37319 0.09367
0.37640 0.09784
0.38203 0.09746
0.38791 0.09708
0.38826 0.09713
0.39142 0.10196
0.39379 0.10588
0.39803 0.10674
0.40224 0.10683
0.40235 0.10686
0.40556 0.10972
0.41974 0.11393
0.42387 0.11649
0.42934 0.12068
0.43539 0.12352
0.43419 0.12311
0.43634 0.12430
0.43927 0.12656
0.44597 0.12673
0.44590 0.12720
0.44843 0.12830
0.45156 0.12964
0.45644 0.13571
0.46053 0.13890
0.46507 0.14071
0.46808 0.14200
0.47074 0.14248
0.48050 0.14732
0.48331 0.14953
0.49119 0.15379
0.49139 0.15388
0.49544 0.15682
0.49832 0.15914
0.50070 0.16055
0.50551 0.16455
0.50562 0.16464
0.50998 0.16580
0.51258 0.16762
0.51680 0.16892
0.52080 0.17048
0.52414 0.17272
0.53256 0.18092
0.53279 0.18110
0.53617 0.18330
0.53869 0.18465
0.54382 0.18580
0.54397 0.18583
0.54664 0.18846
0.54917 0.19170
0.55295 0.19591
0.55842 0.19986
0.57037 0.20641
0.57239 0.20939
0.57413 0.21149
0.57480 0.21243
0.57734 0.21335
0.58041 0.21589
0.58584 0.21883
0.58976 0.22213
0.59168 0.22549
0.59447 0.22809
0.59620 0.23011
0.60019 0.23283
0.60445 0.23459
0.60802 0.23555
0.60856 0.23786
0.60930 0.23980
0.61161 0.24128
0.61506 0.24320
0.62065 0.24566
0.62677 0.25116
0.62945 0.25512
0.63129 0.25848
0.63206 0.26026
0.63430 0.26254
0.63800 0.26433
0.64270 0.26713
0.64730 0.26942
0.64965 0.27257
0.65214 0.27573
0.65303 0.27980
0.65383 0.28388
0.65797 0.28474
0.65954 0.28417
0.66154 0.28326
0.66198 0.28276
0.66419 0.28500
0.66792 0.28700
0.67344 0.29146
0.67953 0.29814
0.68568 0.30507
0.68860 0.30895
0.68988 0.31371
0.69213 0.31458
0.69165 0.31597
0.69373 0.31450
0.69451 0.31358
0.69568 0.31487
0.69766 0.31767
0.70101 0.32333
0.70619 0.32841
0.70923 0.33196
0.71322 0.33686
0.71505 0.34263
0.71760 0.34631
0.72028 0.34762
0.72266 0.34943
0.72650 0.35137
0.72937 0.35343
0.73274 0.35726
0.73481 0.36087
0.73676 0.36593
0.73854 0.37021
0.74016 0.37186
0.74227 0.37316
0.74442 0.37555
0.74766 0.37763
0.75161 0.38137
0.75426 0.38657
0.75643 0.38998
0.76035 0.39503
0.76283 0.39834
0.76551 0.40041
0.76733 0.40228
0.76958 0.40309
0.77148 0.40630
0.77229 0.41000
0.77377 0.41329
0.77620 0.41812
0.77697 0.42145
0.77915 0.42465
0.78218 0.42602
0.78573 0.42947
0.78880 0.43258
0.79234 0.43647
0.79573 0.44139
0.79647 0.44437
0.79763 0.44787
0.80029 0.44801
0.80342 0.44930
0.80493 0.45475
0.80577 0.45876
0.80755 0.46192
0.80938 0.46527
0.81146 0.46813
0.81277 0.47118
0.81494 0.47521
0.81835 0.48013
0.82300 0.48488
0.82751 0.48710
0.83027 0.49145
0.83052 0.49375
0.83140 0.49508
0.83139 0.49785
0.83154 0.49812
0.83492 0.50171
0.83655 0.50485
0.83888 0.50925
0.83982 0.51491
0.84128 0.51888
0.84704 0.52332
0.85054 0.52961
0.85195 0.53151
0.85358 0.53561
0.85416 0.53799
0.85473 0.53937
0.85425 0.54016
0.85663 0.54374
0.85926 0.54693
0.86372 0.55270
0.86622 0.55661
0.86870 0.56063
0.86921 0.56556
0.87049 0.56864
0.87221 0.57319
0.87438 0.57992
0.87444 0.58011
0.87477 0.58434
0.87862 0.59126
0.87871 0.59144
0.88073 0.59351
0.88337 0.59513
0.88453 0.59762
0.88852 0.60180
0.88863 0.60192
0.88957 0.60450
0.88842 0.60906
0.88955 0.61756
0.89167 0.62164
0.89481 0.62691
0.89620 0.63304
0.89866 0.63760
0.89980 0.63841
0.89926 0.64020
0.90206 0.64279
0.90300 0.64686
0.90668 0.65015
0.90834 0.65503
0.90984 0.65858
0.90997 0.66226
0.91320 0.67446
0.91447 0.67800
0.91506 0.68077
0.91672 0.68320
0.91725 0.68455
0.91902 0.68757
0.92177 0.69335
0.92608 0.70373
0.92618 0.70399
0.92847 0.70676
0.92949 0.70974
0.92962 0.71225
0.92942 0.71572
0.93155 0.71903
0.93188 0.72306
0.93275 0.72695
0.93438 0.73380
0.93548 0.73677
0.93568 0.74008
0.93712 0.74545
0.94132 0.75129
0.94156 0.75161
0.94298 0.75444
0.94146 0.76492
0.94203 0.76989
0.94419 0.77165
0.94735 0.77196
0.94920 0.77482
0.94934 0.78006
0.94948 0.79192
0.94948 0.79219
0.95049 0.79645
0.95302 0.79988
0.95350 0.80362
0.95335 0.80765
0.95353 0.81249
0.95467 0.81784
0.95618 0.81983
0.95731 0.82248
0.95832 0.82682
0.95925 0.83090
0.96032 0.83276
0.95913 0.83489
0.96169 0.83746
0.96237 0.84312
0.96176 0.85042
0.96136 0.85463
0.96136 0.85812
0.96213 0.85932
0.96416 0.86164
0.96668 0.86688
0.96709 0.87220
0.96759 0.87372
0.96664 0.87666
0.96547 0.88308
0.96557 0.88926
0.96604 0.89332
0.96749 0.89540
0.97131 0.89867
0.97286 0.90057
0.97153 0.90329
0.96927 0.90666
0.96869 0.91022
0.96678 0.91297
0.96616 0.91791
0.96878 0.92341
0.97393 0.93088
0.97500 0.93679
0.97313 0.94202
0.97122 0.94529
0.97188 0.94720
0.97361 0.94939
0.97596 0.95304
0.97678 0.95491
0.97410 0.95884
0.97378 0.96319
0.97449 0.96764
0.97487 0.97153
0.97785 0.97413
0.97690 0.97613
0.97628 0.97886
0.97565 0.98180
0.97569 0.98397
0.97605 0.98780
0.97643 0.99395
0.97760 1.00106
0.97831 1.00669
0.98061 1.01223
0.98119 1.01604
0.98132 1.02005
0.97991 1.02460
0.97926 1.02864
0.97905 1.03088
0.97743 1.03313
0.97621 1.03463
0.97598 1.03704
0.97680 1.04188
0.97682 1.04770
0.97726 1.05295
0.97755 1.05631
0.97871 1.05910
0.97786 1.06258
0.97653 1.06632
0.97524 1.07048
0.97598 1.07594
0.97563 1.08086
0.97626 1.08586
0.97712 1.09030
0.97621 1.09444
0.97553 1.09786
0.97488 1.10199
0.97407 1.10410
0.97325 1.10755
0.97292 1.11276
0.97456 1.11804
0.97496 1.12497
0.97592 1.12752
0.97636 1.13211
0.97435 1.13419
0.97157 1.13758
0.96952 1.14013
0.97020 1.14251
0.96989 1.14616
0.97131 1.15028
0.97054 1.15442
0.97017 1.15882
0.96754 1.16154
0.96742 1.16549
0.96732 1.16840
0.96782 1.17132
0.97001 1.17553
0.96786 1.17999
0.96535 1.18427
0.96341 1.18821
0.96150 1.19101
0.96076 1.19591
0.96120 1.20288
0.96034 1.20991
0.96192 1.21168
0.96158 1.21825
0.96034 1.22238
0.96031 1.22253
0.95937 1.22318
0.95735 1.22719
0.95623 1.23026
0.95448 1.23329
0.95566 1.23529
0.95492 1.23827
0.95476 1.24255
0.95358 1.24524
0.95197 1.25841
0.95197 1.25869
0.94880 1.26386
0.94740 1.26892
0.94859 1.27297
0.95048 1.27785
0.94737 1.28109
0.94731 1.28121
0.94475 1.28372
0.94252 1.28885
0.94246 1.28897
0.94434 1.28620
0.94353 1.28797
0.93970 1.29255
0.93729 1.29689
0.93423 1.30449
0.93449 1.31920
0.93665 1.31812
0.93746 1.32295
0.93565 1.32844
0.93220 1.33267
0.93218 1.33276
0.93208 1.33329
0.92999 1.33474
0.92852 1.33600
0.92486 1.33937
0.92157 1.35128
0.91761 1.36826
0.91513 1.37401
0.91190 1.38501
0.91222 1.39015
0.90915 1.39098
0.89940 1.40669
0.90166 1.41099
0.89833 1.42570
0.89727 1.43006
0.89415 1.42965
0.89002 1.44012
0.88989 1.44526
0.88796 1.45198
0.88177 1.45669
0.88117 1.46032
0.87837 1.46530
0.87682 1.46885
0.87686 1.47131
0.87727 1.47319
0.87251 1.47896
0.87063 1.48283
0.86590 1.49429
0.86366 1.49663
0.86165 1.49901
0.85974 1.50074
0.85825 1.50609
0.85821 1.50622
0.85677 1.50954
0.85530 1.51492
0.85169 1.51947
0.84965 1.52371
0.84671 1.52784
0.84473 1.53100
0.84350 1.53422
0.84196 1.53724
0.83956 1.54009
0.83923 1.54311
0.83749 1.54686
0.83581 1.54967
0.83301 1.55216
0.82984 1.55705
0.82877 1.56181
0.82945 1.56617
0.82956 1.56930
0.82637 1.57258
0.82139 1.57449
0.81701 1.57689
0.81392 1.58112
0.81131 1.58494
0.81174 1.58847
0.81215 1.59202
0.80969 1.59504
0.80800 1.59758
0.80666 1.60038
0.80404 1.60381
0.80031 1.60911
0.79515 1.61283
0.79386 1.61443
0.79257 1.61615
0.79118 1.61815
0.79058 1.62366
0.78834 1.62828
0.78567 1.63147
0.78485 1.63323
0.78179 1.63725
0.77792 1.64082
0.77678 1.63999
0.77536 1.64091
0.77406 1.64231
0.76717 1.64638
0.76131 1.65336
0.75992 1.66142
0.76048 1.66768
0.75830 1.67164
0.75640 1.67353
0.75450 1.67501
0.75416 1.67811
0.75176 1.67878
0.74574 1.68034
0.74211 1.68011
0.73780 1.68276
0.73289 1.68581
0.73108 1.68967
0.72959 1.69454
0.73102 1.69956
0.73197 1.70267
0.73071 1.70470
0.72509 1.70556
0.72101 1.70771
0.71797 1.71110
0.71341 1.71347
0.71222 1.71770
0.70791 1.72158
0.70814 1.72380
0.70431 1.72868
0.70171 1.73174
0.70019 1.73493
0.69778 1.73813
0.69597 1.73992
0.69256 1.74155
0.68768 1.74173
0.68506 1.74430
0.68272 1.74708
0.68054 1.74943
0.67879 1.75148
0.67732 1.75395
0.67534 1.75748
0.67232 1.76015
0.66815 1.76364
0.66331 1.76685
0.65898 1.77056
0.65742 1.77471
0.65610 1.77776
0.65391 1.78069
0.65097 1.78214
0.64878 1.78405
0.64633 1.78668
0.64329 1.78876
0.63655 1.79262
0.63294 1.79651
0.62967 1.79931
0.62786 1.80264
0.62667 1.80439
0.62288 1.80531
0.62217 1.80781
0.61885 1.81007
0.61662 1.81204
0.61263 1.81546
0.61081 1.81600
0.60775 1.81743
0.60359 1.81997
0.60116 1.82469
0.59406 1.83044
0.59388 1.83056
0.59210 1.83311
0.59012 1.83579
0.58347 1.83930
0.58331 1.83940
0.57928 1.84129
0.57293 1.84617
0.56943 1.84919
0.56614 1.85088
0.56182 1.85463
0.55847 1.85767
0.55606 1.85906
0.54971 1.86146
0.54957 1.86152
0.54454 1.86472
0.53649 1.87295
0.53631 1.87315
0.53560 1.87602
0.53539 1.87797
0.53451 1.87769
0.53082 1.87794
0.52691 1.88047
0.52234 1.88144
0.51221 1.88692
0.51197 1.88705
0.50815 1.89085
0.50486 1.89620
0.50159 1.89716
0.50058 1.89890
0.49947 1.90228
0.49313 1.90404
0.49299 1.90409
0.48301 1.90503
0.48277 1.90509
0.47802 1.90716
0.47702 1.90933
0.47434 1.91203
0.47148 1.91536
0.46611 1.91910
0.46190 1.92422
0.45731 1.92580
0.45382 1.92718
0.45077 1.93077
0.44596 1.93122
0.44584 1.93125
0.44323 1.93206
0.43939 1.93171
0.43811 1.93378
0.43586 1.93611
0.43275 1.93922
0.42905 1.93919
0.42255 1.93975
0.41663 1.94146
0.41354 1.94329
0.41035 1.94631
0.40404 1.95351
0.40458 1.95209
0.40219 1.95382
0.40234 1.95416
0.38903 1.95629
0.38876 1.95637
0.38436 1.95761
0.38236 1.96072
0.38009 1.96284
0.37765 1.96424
0.37471 1.96573
0.37142 1.96685
0.36793 1.96765
0.36531 1.96942
0.36200 1.97021
0.35098 1.97477
0.34597 1.97675
0.34078 1.97948
0.33572 1.98266
0.33052 1.98528
0.32612 1.98672
0.32233 1.98678
0.31951 1.98675
0.31858 1.98711
0.31748 1.98830
0.31524 1.98919
0.31256 1.98990
0.30792 1.99219
0.30277 1.99404
0.29452 1.99744
0.28856 1.99997
0.28374 2.00238
0.28182 2.00354
0.28073 2.00425
0.27918 2.00438
0.27702 2.00363
0.27360 2.00387
0.26988 2.00583
0.26629 2.00634
0.26286 2.00690
0.25833 2.00643
0.25293 2.00793
0.24902 2.01031
0.24665 2.01139
0.24372 2.01342
0.23998 2.01591
0.23825 2.01736
0.23474 2.01722
0.23002 2.01892
0.22473 2.01966
0.22089 2.02012
0.21840 2.02052
0.21387 2.02062
0.20933 2.02082
0.20542 2.02287
0.20197 2.02222
0.19809 2.02344
0.19541 2.02451
0.19258 2.02544
0.18989 2.02616
0.18677 2.02799
0.18288 2.02882
0.17757 2.03079
0.17249 2.03046
0.16860 2.03144
0.16532 2.03247
0.16180 2.03138
0.15794 2.03053
0.15280 2.03176
0.14656 2.03515
0.14169 2.03874
0.13943 2.04168
0.13723 2.04289
0.13496 2.04047
0.13314 2.04030
0.13106 2.03766
0.12709 2.03663
0.12101 2.03818
0.11465 2.03996
0.10872 2.04276
0.10147 2.04530
0.09980 2.04866
0.09813 2.04899
0.09541 2.04755
0.09238 2.04601
0.08824 2.04538
0.08308 2.04434
0.07901 2.04354
0.07179 2.04760
0.06878 2.04890
0.06644 2.04915
0.06444 2.05011
0.06152 2.05061
0.05681 2.05179
0.05163 2.05062
0.04755 2.05009
0.04370 2.05081
0.04046 2.05154
0.03665 2.05417
0.03238 2.05387
0.02970 2.05440
0.02547 2.05565
0.02151 2.05428
0.01895 2.05479
0.01485 2.05687
0.01117 2.05713
0.00746 2.05563
0.00486 2.05469
0.00031 2.05389
-0.00296 2.05539
-0.00709 2.05734
-0.01839 2.05864
-0.01865 2.05865
-0.02358 2.05558
-0.02930 2.04877
-0.02945 2.04861
-0.03020 2.04841
-0.03409 2.04932
-0.03852 2.05190
-0.04393 2.05636
-0.05132 2.05938
-0.06246 2.05798
-0.06653 2.05700
-0.07157 2.05453
-0.07173 2.05447
-0.07532 2.05428
-0.08022 2.05311
-0.08774 2.05512
-0.09000 2.05656
-0.09250 2.05685
-0.09258 2.05686
-0.09723 2.05565
-0.11392 2.04931
-0.11575 2.04882
-0.11845 2.05149
-0.12853 2.05461
-0.13447 2.05105
-0.13961 2.04786
-0.14459 2.04642
-0.14923 2.04654
-0.15528 2.04810
-0.16046 2.04900
-0.16397 2.05270
-0.16755 2.05316
-0.16851 2.05075
-0.17162 2.04909
-0.18649 2.04003
-0.18986 2.04043
-0.19134 2.04357
-0.19442 2.04568
-0.19770 2.04639
-0.20427 2.04518
-0.20971 2.04158
-0.21363 2.03985
-0.21521 2.03934
-0.21799 2.03786
-0.22074 2.03660
-0.22501 2.03452
-0.23003 2.03384
-0.23235 2.03295
-0.23693 2.03342
-0.24170 2.03299
-0.24600 2.03452
-0.24938 2.03572
-0.25287 2.03501
-0.25557 2.03329
-0.26396 2.02651
-0.26417 2.02633
-0.26929 2.02505
-0.27337 2.02560
-0.27808 2.02818
-0.28240 2.02977
-0.28600 2.02915
-0.28989 2.02788
-0.29209 2.02573
-0.29546 2.02436
-0.29853 2.02149
-0.30827 2.01562
-0.31272 2.01446
-0.31694 2.01433
-0.32157 2.01527
-0.32606 2.01520
-0.32950 2.01396
-0.33322 2.01251
-0.33664 2.01099
-0.34155 2.00762
-0.34672 2.00456
-0.34957 2.00517
-0.35294 2.00665
-0.35524 2.00929
-0.35749 2.00813
-0.35964 2.00609
-0.36115 2.00420
-0.36405 2.00067
-0.36922 1.99756
-0.37430 1.99543
-0.37782 1.99521
-0.38274 1.99424
-0.38725 1.99350
-0.39005 1.99151
-0.39266 1.99199
-0.39791 1.99252
-0.40297 1.98976
-0.40627 1.98942
-0.40829 1.98805
-0.41058 1.98613
-0.41522 1.98335
-0.41848 1.98271
-0.42439 1.98101
-0.42992 1.98097
-0.43413 1.97945
-0.43584 1.97773
-0.43847 1.97654
-0.44146 1.97538
-0.44381 1.97435
-0.44449 1.97059
-0.44567 1.96750
-0.45449 1.96438
-0.45859 1.96297
-0.46162 1.96298
-0.46434 1.96312
-0.46645 1.96331
-0.47121 1.96262
-0.47491 1.95882
-0.47897 1.95741
-0.48449 1.95410
-0.48938 1.95124
-0.49506 1.94970
-0.49926 1.94955
-0.50199 1.95088
-0.50359 1.94972
-0.50522 1.94624
-0.50830 1.94245
-0.51179 1.94018
-0.51547 1.93885
-0.51764 1.93831
-0.51856 1.93670
-0.52013 1.93257
-0.52292 1.92951
-0.52737 1.92533
-0.53292 1.92606
-0.53850 1.92653
-0.54313 1.92577
-0.54639 1.92436
-0.55056 1.92222
-0.55483 1.91849
-0.55924 1.91481
-0.56226 1.91405
-0.56562 1.91500
-0.56875 1.91536
-0.57005 1.91411
-0.57164 1.90959
-0.57361 1.90604
-0.57413 1.90158
-0.57768 1.89860
-0.58155 1.89453
-0.58501 1.89408
-0.58826 1.89486
-0.59379 1.89438
-0.59943 1.89483
-0.60364 1.89103
-0.60754 1.88675
-0.61077 1.88427
-0.61417 1.88217
-0.61451 1.88031
-0.61383 1.88024
-0.61569 1.87834
-0.61949 1.87427
-0.62245 1.86999
-0.62586 1.86474
-0.62830 1.86224
-0.63397 1.85997
-0.63898 1.86093
-0.64477 1.86039
-0.64789 1.85924
-0.65195 1.85530
-0.65560 1.85249
-0.65990 1.85027
-0.66055 1.84946
-0.66277 1.84673
-0.66633 1.84402
-0.66817 1.84082
-0.66945 1.83706
-0.67082 1.83411
-0.67335 1.83097
-0.67735 1.82732
-0.68183 1.82497
-0.68589 1.82297
-0.68886 1.82043
-0.69314 1.81830
-0.69546 1.81568
-0.69764 1.81431
-0.69955 1.81549
-0.70308 1.81421
-0.70727 1.81209
-0.71120 1.80679
-0.71428 1.80218
-0.71892 1.79704
-0.72240 1.79553
-0.72243 1.79634
-0.72446 1.79423
-0.72738 1.79268
-0.72972 1.79083
-0.73293 1.78820
-0.73817 1.78320
-0.74119 1.77734
-0.74231 1.77370
-0.74464 1.77014
-0.74685 1.76924
-0.75119 1.76923
-0.75731 1.76979
-0.75987 1.76736
-0.76177 1.76324
-0.76296 1.75648
-0.76561 1.75133
-0.76702 1.74685
-0.77837 1.74555
-0.78312 1.74702
-0.78580 1.74479
-0.78657 1.74064
-0.78676 1.73713
-0.78729 1.72972
-0.78824 1.72341
-0.79159 1.71996
-0.79416 1.71752
-0.79770 1.71587
-0.80102 1.71739
-0.80774 1.71531
-0.81158 1.71095
-0.81203 1.70629
-0.81360 1.70097
-0.81552 1.69558
-0.81712 1.69209
-0.81844 1.69302
-0.81922 1.69575
-0.82316 1.69315
-0.82503 1.69166
-0.82847 1.68534
-0.83509 1.67511
-0.83523 1.67493
-0.83815 1.67125
-0.84289 1.66716
-0.84303 1.66705
-0.84651 1.66591
-0.85027 1.66443
-0.85283 1.66058
-0.85441 1.65888
-0.85976 1.64519
-0.86025 1.64048
-0.86249 1.63866
-0.86455 1.63584
-0.86776 1.63316
-0.87194 1.63047
-0.87560 1.62744
-0.87777 1.62515
-0.87998 1.62279
-0.88959 1.61539
-0.89032 1.61070
-0.88845 1.60678
-0.88946 1.60091
-0.89175 1.59719
-0.89536 1.59466
-0.89830 1.59182
-0.90019 1.59069
-0.90199 1.58801
-0.90182 1.58522
-0.90479 1.58129
-0.90709 1.57849
-0.90912 1.57513
-0.91163 1.57222
-0.91444 1.57107
-0.91785 1.57000
-0.92193 1.56589
-0.92438 1.56196
-0.92677 1.55487
-0.92707 1.55134
-0.92812 1.54857
-0.92774 1.54670
-0.92819 1.54488
-0.92893 1.54104
-0.93132 1.53681
-0.93522 1.53432
-0.94074 1.53026
-0.94410 1.52771
-0.94419 1.52163
-0.94585 1.51731
-0.94702 1.51390
-0.94807 1.51161
-0.94769 1.50951
-0.94916 1.50576
-0.95156 1.50245
-0.95391 1.49878
-0.95589 1.49590
-0.95863 1.49194
-0.96062 1.48709
-0.96232 1.48338
-0.96348 1.48089
-0.96400 1.47871
-0.96422 1.47572
-0.96494 1.47181
-0.96604 1.46617
-0.96905 1.46125
-0.97204 1.45659
-0.97551 1.45238
-0.97676 1.45217
-0.97741 1.45089
-0.97756 1.44926
-0.97887 1.44684
-0.98138 1.44170
-0.98386 1.43467
-0.98537 1.42776
-0.98721 1.42253
-0.98879 1.42029
-0.99061 1.41749
-0.99146 1.41393
-0.99277 1.41128
-0.99406 1.40731
-0.99580 1.40336
-0.99751 1.40020
-0.99900 1.39728
-1.00037 1.39526
-1.00186 1.39100
-1.00383 1.38844
-1.00457 1.38384
-1.00466 1.38062
-1.00551 1.37724
-1.00844 1.37350
-1.01038 1.36961
-1.01308 1.36552
-1.01387 1.36006
-1.01476 1.35359
-1.01492 1.34808
-1.01517 1.34622
-1.01623 1.34324
-1.01974 1.33891
-1.02027 1.33590
-1.02024 1.33430
-1.02219 1.33164
-1.02407 1.32772
-1.02638 1.32512
-1.02899 1.32103
-1.02911 1.31631
-1.02996 1.31232
-1.03131 1.30691
-1.03155 1.30470
-1.03229 1.30381
-1.03370 1.29914
-1.03446 1.29629
-1.03433 1.29282
-1.03482 1.28862
-1.03605 1.28183
-1.03695 1.27641
-1.04078 1.27113
-1.04422 1.26602
-1.04403 1.26406
-1.04382 1.26272
-1.04335 1.26241
-1.04349 1.26033
-1.04398 1.25584
-1.04468 1.24889
-1.05041 1.23563
-1.05054 1.23533
-1.05054 1.23376
-1.05164 1.23171
-1.05130 1.22870
-1.05290 1.22263
-1.05295 1.22248
-1.05410 1.21987
-1.05433 1.21587
-1.05552 1.21189
-1.05513 1.19885
-1.05512 1.19854
-1.05638 1.19374
-1.05816 1.19040
-1.05980 1.18699
-1.05982 1.18690
-1.05990 1.18502
-1.06116 1.18214
-1.06204 1.17801
-1.06145 1.17245
-1.06036 1.16445
-1.06154 1.15878
-1.06344 1.15468
-1.06479 1.15308
-1.06573 1.15051
-1.06514 1.14858
-1.06582 1.14647
-1.06572 1.14527
-1.06836 1.13206
-1.06870 1.12597
-1.06972 1.12244
-1.06810 1.11759
-1.06734 1.11342
-1.06846 1.10423
-1.06848 1.10400
-1.07000 1.09742
-1.06957 1.09309
-1.07024 1.09207
-1.07133 1.08995
-1.07218 1.07663
-1.07203 1.06672
-1.07204 1.06647
-1.07239 1.06253
-1.06997 1.05737
-1.06861 1.05508
-1.06768 1.05293
-1.06901 1.05139
-1.07074 1.04914
-1.07339 1.04546
-1.07460 1.04179
-1.07247 1.03479
-1.07243 1.03462
-1.06936 1.03140
-1.06788 1.02657
-1.06622 1.02149
-1.06734 1.00902
-1.06736 1.00872
-1.06788 1.00329
-1.07058 0.99802
-1.07246 0.99694
-1.07021 0.99711
-1.07017 0.99710
-1.06809 0.99607
-1.06674 0.99452
-1.06829 0.98974
-1.06888 0.97863
-1.06888 0.97839
-1.06877 0.97043
-1.06714 0.95716
-1.06711 0.95684
-1.06710 0.95144
-1.06893 0.94771
-1.06925 0.94597
-1.06625 0.94462
-1.06536 0.94502
-1.06567 0.94489
-1.06566 0.94198
-1.06416 0.93646
-1.06470 0.92970
-1.06624 0.92086
-1.06677 0.91158
-1.06682 0.90414
-1.06651 0.90024
-1.06382 0.89594
-1.06002 0.89232
-1.05748 0.89034
-1.05496 0.89035
-1.05537 0.89102
-1.05731 0.89001
-1.05961 0.88691
-1.06065 0.88426
-1.06250 0.87964
-1.06020 0.87556
-1.05878 0.86776
-1.05686 0.86242
-1.05713 0.85535
-1.05637 0.85175
-1.05464 0.84775
-1.05471 0.84228
-1.05398 0.83798
-1.05303 0.83654
-1.05415 0.83574
-1.05350 0.83479
-1.05032 0.83426
-1.04903 0.83339
-1.04851 0.82801
-1.04971 0.82329
-1.04979 0.81607
-1.04981 0.81017
-1.04754 0.80460
-1.04608 0.80040
-1.04382 0.79593
-1.04142 0.79237
-1.04080 0.78870
-1.04060 0.78503
-1.04018 0.78166
-1.03875 0.77852
-1.03871 0.77481
-1.03871 0.76889
-1.03909 0.76581
-1.04012 0.76434
-1.03845 0.76191
-1.03701 0.75796
-1.03295 0.75319
-1.03081 0.74578
-1.03009 0.73908
-1.03012 0.73487
-1.02914 0.73027
-1.02753 0.72799
-1.02397 0.72395
-1.02276 0.72041
-1.02186 0.71706
-1.02145 0.71461
-1.02142 0.71230
-1.02077 0.71032
-1.01986 0.70594
-1.01960 0.70295
-1.02037 0.69717
-1.02031 0.69409
-1.01801 0.68974
-1.01488 0.68296
-1.01182 0.67992
-1.00934 0.67780
-1.00603 0.67511
-1.00478 0.67346
-1.00493 0.67153
-1.00167 0.66734
-1.00036 0.66105
-1.00161 0.65368
-1.00419 0.65070
-1.00512 0.64744
-1.00193 0.64476
-0.99985 0.64279
-0.99833 0.64174
-0.98899 0.62869
-0.98883 0.62140
-0.98595 0.61166
-0.98595 0.61166
-0.98556 0.61183
-0.98322 0.61235
-0.98362 0.60913
-0.97575 0.59455
-0.97350 0.59088
-0.97167 0.58737
-0.97127 0.58162
-0.97092 0.57897
-0.96687 0.57613
-0.96504 0.57515
-0.95782 0.56467
-0.95678 0.55925
-0.95572 0.55634
-0.95079 0.54799
-0.94704 0.54469
-0.94562 0.53858
-0.94429 0.53254
-0.94136 0.52795
-0.93866 0.52175
-0.93884 0.51773
-0.93627 0.51455
-0.93319 0.51082
-0.92778 0.50514
-0.92769 0.50501
-0.92849 0.50399
-0.92998 0.50304
-0.92838 0.49986
-0.92339 0.49592
-0.91865 0.48809
-0.91633 0.48426
-0.91294 0.48083
-0.91187 0.47604
-0.90878 0.46999
-0.90868 0.46982
-0.90817 0.46770
-0.90662 0.46835
-0.90240 0.46332
-0.90230 0.46320
-0.89886 0.45748
-0.89431 0.45057
-0.89175 0.44344
-0.89068 0.43832
-0.88891 0.43633
-0.88528 0.43996
-0.88528 0.43996
-0.88452 0.44002
-0.88264 0.43602
-0.87884 0.43385
-0.87550 0.42455
-0.87320 0.41573
-0.86524 0.40649
-0.86489 0.40640
-0.86513 0.40571
-0.86258 0.40409
-0.85710 0.40064
-0.85287 0.39577
-0.85050 0.39004
-0.84862 0.38510
-0.84739 0.38098
-0.84750 0.37851
-0.84632 0.37776
-0.84354 0.37726
-0.83989 0.37628
-0.83713 0.37237
-0.83371 0.36727
-0.83098 0.36259
-0.82759 0.35819
-0.82202 0.35166
-0.82189 0.35149
-0.82171 0.34934
-0.82084 0.34554
-0.81843 0.34208
-0.81516 0.33877
-0.81227 0.33645
-0.80872 0.33722
-0.80324 0.33824
-0.80142 0.33786
-0.80011 0.33523
-0.79773 0.32889
-0.79766 0.32417
-0.79384 0.31887
-0.78796 0.31499
-0.78594 0.31210
-0.78508 0.30962
-0.78458 0.30721
-0.78270 0.30769
-0.77891 0.30560
-0.77572 0.30170
-0.77124 0.29838
-0.76939 0.29437
-0.76789 0.29060
-0.76717 0.28816
-0.76647 0.28506
-0.76547 0.28336
-0.76145 0.28089
-0.75347 0.28073
-0.74892 0.27991
-0.74556 0.27586
-0.74240 0.27390
-0.74133 0.26953
-0.74152 0.26550
-0.73929 0.26262
-0.73354 0.26119
-0.73087 0.25914
-0.72882 0.25812
-0.72698 0.25510
-0.72249 0.24997
-0.71694 0.24753
-0.71571 0.24392
-0.71308 0.24286
-0.71148 0.24163
-0.71008 0.23988
-0.70858 0.23843
-0.70565 0.23506
-0.70087 0.23180
-0.69754 0.22902
-0.69485 0.22503
-0.69028 0.22184
-0.68546 0.21794
-0.68269 0.21553
-0.68131 0.21437
-0.68034 0.21414
-0.68002 0.21419
-0.67677 0.21415
-0.67302 0.21507
-0.66730 0.21253
-0.66171 0.20711
-0.65965 0.20155
-0.65701 0.19506
-0.65409 0.19060
-0.65312 0.18820
-0.65072 0.18590
-0.64931 0.18540
-0.64621 0.18571
-0.64464 0.18633
-0.63822 0.18506
-0.63302 0.18233
-0.62771 0.17871
-0.62351 0.17558
-0.62145 0.17231
-0.61838 0.16990
-0.61745 0.16908
-0.61536 0.16847
-0.61230 0.16563
-0.60955 0.16417
-0.60307 0.15925
-0.59811 0.15370
-0.59575 0.14996
-0.59480 0.14864
-0.59216 0.14784
-0.58683 0.14993
-0.58232 0.15055
-0.57783 0.15049
-0.57422 0.14891
-0.57147 0.14447
-0.56909 0.14094
-0.56615 0.13700
-0.56185 0.13312
-0.56174 0.12976
-0.56017 0.12747
-0.55732 0.12572
-0.55167 0.12616
-0.54703 0.12565
-0.54405 0.12216
-0.54116 0.12030
-0.53836 0.12188
-0.53528 0.12213
-0.52541 0.11842
-0.52676 0.11705
-0.52393 0.11468
-0.52150 0.11259
-0.51915 0.11113
-0.51588 0.11047
-0.51239 0.10935
-0.50827 0.10824
-0.50304 0.10645
-0.49932 0.10579
-0.49583 0.10229
-0.49419 0.09826
-0.48207 0.09603
-0.47425 0.09664
-0.47407 0.09665
-0.47316 0.09617
-0.46236 0.08966
-0.46042 0.08645
-0.45782 0.08533
-0.45363 0.08373
-0.45080 0.08275
-0.44505 0.08200
-0.43921 0.08286
-0.43424 0.08219
-0.42615 0.07382
-0.42273 0.07211
-0.42132 0.06979
-0.41651 0.06844
-0.40980 0.06489
-0.40514 0.06325
-0.40112 0.06068
-0.39094 0.05623
-0.38997 0.05605
-0.38892 0.05558
-0.38382 0.05671
-0.37249 0.05719
-0.37249 0.05719
-0.37097 0.05449
-0.36843 0.04994
-0.36425 0.04881
-0.35263 0.04557
-0.34916 0.04310
-0.34597 0.04096
-0.34230 0.04021
-0.33788 0.03971
-0.33580 0.04039
-0.33161 0.03994
-0.32732 0.03890
-0.31374 0.02815
-0.31023 0.02620
-0.30723 0.02639
-0.30305 0.02643
-0.29900 0.02706
-0.29121 0.02574
-0.28587 0.02336
-0.28070 0.02366
-0.27573 0.02277
-0.27267 0.02115
-0.27041 0.01905
-0.26896 0.01730
-0.26740 0.01784
-0.26438 0.01806
-0.25976 0.01729
-0.25428 0.01525
-0.24843 0.01512
-0.24197 0.01486
-0.23590 0.01365
-0.23357 0.01038
-0.23371 0.00921
-0.23205 0.01023
-0.22715 0.01035
-0.22421 0.01154
-0.21808 0.01299
-0.21330 0.01265
-0.21102 0.01086
-0.20659 0.00939
-0.20129 0.00723
-0.19477 0.00613
-0.19017 0.00627
-0.18966 0.00800
-0.18789 0.00727
-0.18784 0.00573
-0.18600 0.00345
-0.18161 0.00332
-0.17493 0.00442
-0.16633 0.00414
-0.16006 0.00375
-0.15596 0.00271
-0.15208 0.00204
-0.14870 0.00144
-0.14632 -0.00021
-0.14324 0.00008
-0.14008 0.00160
-0.13639 0.00236
-0.13243 0.00247
-0.12758 0.00164
-0.12233 -0.00137
-0.11726 -0.00274
-0.11321 -0.00254
-0.10975 -0.00096
-0.10706 0.00145
-0.10435 0.00193
-0.10074 0.00016
-0.09688 -0.00180
-0.09272 -0.00432
-0.08923 -0.00531
-0.08645 -0.00578
-0.08256 -0.00557
-0.07722 -0.00501
-0.07350 -0.00310
-0.07139 -0.00347
-0.06997 -0.00235
-0.06657 -0.00263
-0.06099 -0.00411
-0.05545 -0.00361
-0.04935 -0.00268
-0.04311 -0.00575
-0.03986 -0.00697
-0.03779 -0.00616
-0.03547 -0.00456
-0.03219 -0.00360
-0.02965 -0.00006
-0.02593 0.00093
-0.02129 -0.00107
-0.01607 -0.00280
-0.01388 -0.00494
-0.00925 -0.00538
-0.00558 -0.00403
-0.00124 -0.00502
0.00328 -0.00405
0.00567 -0.00159
0.00881 0.00035
0.01237 -0.00173
0.01593 -0.00091
0.02048 0.00143
0.02674 0.00289
0.02663 0.00231
0.02025 -0.00147
0.01480 -0.00111
0.00784 -0.00147
0.00403 -0.00157
0.00481 -0.00072
0.00870 -0.00058
0.01296 -0.00035
0.01770 0.00175
0.01677 0.00241
0.01689 0.00226
0.01622 0.00088
0.01497 0.00037
0.01369 -0.00185
0.01305 -0.00325
0.01308 -0.00067
0.01220 0.00053
0.01387 0.00252
0.01468 0.00158
0.01447 0.00137
0.01496 0.00231
0.01498 0.00233
0.01428 0.00144
0.01291 0.00074
0.01310 -0.00011
0.01318 -0.00016
0.01583 -0.00167
0.01492 0.00124
0.01231 0.00046
0.01184 0.00030
0.01165 0.00220
0.01279 -0.00058
0.01390 -0.00063
0.01536 -0.00051
0.01580 0.00093
0.01544 0.00208
0.01407 0.00108
0.01215 -0.00037
0.01242 -0.00091
0.01349 0.00043
0.01492 0.00178
