-0.01658 0.00249
-0.01836 0.00178
-0.01825 0.00296
-0.01627 0.00533
-0.01499 0.00638
-0.01570 0.00582
-0.01600 0.00694
-0.01638 0.00711
-0.01658 0.00610
-0.01669 0.00674
-0.01613 0.00597
-0.01583 0.00469
-0.01593 0.00419
-0.01580 0.00373
-0.01686 0.00449
-0.01851 0.00436
-0.01813 0.00723
-0.01721 0.00842
-0.01673 0.00819
-0.01505 0.00686
-0.01513 0.00668
-0.01478 0.00495
-0.01587 0.00310
-0.01665 0.00200
-0.01595 0.00619
-0.01660 0.00701
-0.01752 0.00769
-0.01789 0.00783
-0.01737 0.00686
-0.01698 0.00613
-0.01671 0.00469
-0.01666 0.00455
-0.01632 0.00424
-0.01621 0.00300
-0.01574 0.00451
-0.01577 0.00628
-0.01544 0.00727
-0.01552 0.00721
-0.01596 0.00718
-0.01634 0.00668
-0.01647 0.00642
-0.01591 0.00514
-0.01487 0.00617
-0.01530 0.00702
-0.01559 0.00596
-0.01618 0.00615
-0.01663 0.00505
-0.01670 0.00399
-0.01651 0.00354
-0.01593 0.00605
-0.01468 0.00855
-0.01567 0.00792
-0.01534 0.00701
-0.01518 0.00732
-0.01580 0.00730
-0.01560 0.00612
-0.01449 0.00640
-0.01612 0.00447
-0.01865 0.00652
-0.01869 0.00834
-0.01533 0.00839
-0.00933 0.00861
-0.00108 0.00769
0.00459 0.00565
0.00889 0.00589
0.01387 0.00646
0.01610 0.00665
0.02090 0.00902
0.02544 0.00994
0.02861 0.00977
0.03192 0.00936
0.03245 0.00996
0.03571 0.01062
0.03980 0.01224
0.04495 0.01341
0.04851 0.01246
0.05025 0.01160
0.05408 0.01112
0.06157 0.01282
0.06157 0.01282
0.06697 0.01281
0.08270 0.01571
0.08612 0.01666
0.08887 0.01746
0.09304 0.01787
0.09681 0.01779
0.10024 0.01933
0.10334 0.01999
0.10644 0.01998
0.11068 0.02104
0.12369 0.02189
0.12952 0.02371
0.12962 0.02373
0.13258 0.02573
0.13587 0.02674
0.14062 0.02733
0.14531 0.02699
0.14998 0.02743
0.15322 0.02729
0.15703 0.02831
0.16074 0.02959
0.16325 0.03050
0.16604 0.03193
0.17001 0.03319
0.17360 0.03201
0.17623 0.03348
0.17847 0.03334
0.18230 0.03213
0.18850 0.03498
0.19437 0.03737
0.19889 0.03758
0.20422 0.03863
0.20778 0.03826
0.20929 0.03757
0.21065 0.03819
0.21197 0.03968
0.21538 0.04174
0.21895 0.04338
0.22298 0.04657
0.22833 0.04961
0.23352 0.05119
0.23805 0.05249
0.24144 0.05153
0.24820 0.05467
0.25199 0.05678
0.25634 0.05764
0.26276 0.05739
0.27555 0.05832
0.27454 0.05951
0.27752 0.06045
0.28648 0.06718
0.28872 0.06734
0.29184 0.06925
0.29526 0.07137
0.29824 0.07379
0.30213 0.07454
0.30645 0.07595
0.31138 0.07719
0.32018 0.07716
0.32040 0.07717
0.32294 0.07921
0.32944 0.08409
0.32960 0.08421
0.33301 0.08619
0.33998 0.08791
0.34018 0.08798
0.34540 0.08833
0.35133 0.09152
0.35147 0.09161
0.35441 0.09438
0.35663 0.09566
0.35928 0.09725
0.36238 0.09966
0.36755 0.10283
0.37175 0.10214
0.37557 0.10284
0.38069 0.10282
0.38343 0.10463
0.38643 0.10794
0.38980 0.11159
0.39433 0.11402
0.40010 0.11480
0.40384 0.11443
0.40684 0.11481
0.40982 0.11662
0.41212 0.11813
0.41363 0.11927
0.41628 0.11993
0.41989 0.12101
0.42263 0.12554
0.42583 0.12886
0.42960 0.13279
0.43287 0.13521
0.43792 0.13411
0.44291 0.13440
0.44848 0.13563
0.45161 0.13876
0.45428 0.14194
0.45473 0.14399
0.45619 0.14748
0.46005 0.15062
0.46466 0.14844
0.46734 0.15121
0.47046 0.15208
0.47444 0.15236
0.47799 0.15425
0.48088 0.15826
0.48366 0.16044
0.48676 0.16283
0.49169 0.16637
0.49664 0.16989
0.50204 0.17268
0.50590 0.17437
0.50786 0.17557
0.50985 0.17767
0.51272 0.17885
0.51522 0.18215
0.51795 0.18529
0.52104 0.18744
0.52523 0.18964
0.53110 0.19074
0.53374 0.19099
0.53522 0.19160
0.53624 0.19352
0.53812 0.19489
0.54110 0.19669
0.54408 0.20126
0.54635 0.20571
0.54818 0.20971
0.55095 0.21206
0.55799 0.21432
0.56421 0.21372
0.56841 0.21555
0.57146 0.21749
0.57320 0.22105
0.57498 0.22552
0.57650 0.22918
0.57909 0.23177
0.58310 0.23399
0.58626 0.23446
0.58872 0.23486
0.59083 0.23675
0.59286 0.23908
0.59629 0.24305
0.60161 0.24835
0.60891 0.24991
0.61265 0.25384
0.61613 0.25786
0.61560 0.25765
0.61690 0.25835
0.61894 0.25870
0.62151 0.25998
0.62424 0.26283
0.62764 0.26593
0.63177 0.27273
0.63458 0.27795
0.63709 0.27955
0.63952 0.27899
0.64202 0.27805
0.64407 0.28202
0.64796 0.28596
0.65333 0.29192
0.65485 0.29463
0.65769 0.29646
0.66012 0.29833
0.66381 0.30081
0.66602 0.30336
0.66682 0.30625
0.66894 0.30936
0.67178 0.31105
0.67417 0.31361
0.67840 0.31638
0.68108 0.32009
0.68318 0.32433
0.68679 0.32813
0.69156 0.33245
0.69497 0.33650
0.69844 0.33900
0.70143 0.34100
0.70256 0.34207
0.70459 0.34365
0.70742 0.34656
0.70965 0.34926
0.71125 0.35234
0.71581 0.35607
0.71882 0.36045
0.72158 0.36470
0.72472 0.37040
0.72481 0.37054
0.72768 0.37339
0.73033 0.37555
0.73536 0.37918
0.73548 0.37928
0.73784 0.38308
0.74513 0.39381
0.74790 0.39505
0.75034 0.39786
0.75106 0.40038
0.75240 0.40390
0.75494 0.40939
0.75868 0.41409
0.76289 0.41726
0.76703 0.41831
0.76893 0.41955
0.76944 0.42397
0.76979 0.42812
0.77698 0.43801
0.78084 0.44320
0.78840 0.45072
0.79002 0.45284
0.79042 0.45536
0.79059 0.45927
0.79579 0.46656
0.79600 0.46682
0.79977 0.46963
0.80318 0.47170
0.80536 0.47306
0.80846 0.48437
0.81169 0.48830
0.81384 0.49277
0.81636 0.50250
0.81643 0.50276
0.81949 0.50462
0.82475 0.50898
0.82487 0.50911
0.82721 0.51395
0.83129 0.52567
0.83576 0.52540
0.83938 0.52542
0.83822 0.52942
0.83653 0.53422
0.83782 0.53824
0.84488 0.54506
0.84504 0.54525
0.84909 0.55068
0.85254 0.55650
0.85462 0.56320
0.85605 0.56681
0.85760 0.57552
0.86077 0.57754
0.86226 0.57885
0.86291 0.58215
0.86401 0.58548
0.86587 0.58759
0.86665 0.58912
0.86703 0.59201
0.86916 0.59555
0.87177 0.60148
0.87438 0.60854
0.87678 0.61502
0.87819 0.61910
0.88016 0.62071
0.88146 0.62334
0.88248 0.62537
0.88309 0.62856
0.88463 0.62980
0.88745 0.63219
0.89067 0.63787
0.89244 0.64227
0.89368 0.64779
0.89457 0.65169
0.89520 0.65543
0.89592 0.65913
0.89696 0.66192
0.89947 0.66491
0.90046 0.66686
0.90118 0.67262
0.90130 0.67611
0.90334 0.67922
0.90385 0.68234
0.90583 0.68146
0.90775 0.68516
0.91069 0.68988
0.91270 0.69598
0.91366 0.70161
0.91502 0.70699
0.91605 0.71173
0.91506 0.71615
0.91455 0.71607
0.91778 0.71833
0.92060 0.72255
0.92079 0.72561
0.92063 0.72856
0.92046 0.73225
0.92153 0.73548
0.92323 0.73879
0.92530 0.74270
0.92576 0.74593
0.92653 0.74871
0.92768 0.75281
0.92653 0.75596
0.92651 0.75868
0.92785 0.76333
0.93065 0.76892
0.93167 0.77110
0.92987 0.77107
0.92773 0.77305
0.92895 0.77557
0.93033 0.78066
0.93293 0.78445
0.93735 0.79164
0.93694 0.79591
0.93685 0.80085
0.93691 0.80480
0.93934 0.80924
0.94165 0.81230
0.94370 0.81452
0.94488 0.81901
0.94491 0.82151
0.94407 0.82400
0.94348 0.82624
0.94329 0.82918
0.94397 0.83252
0.94564 0.83655
0.94709 0.84151
0.94750 0.84754
0.94758 0.85056
0.94845 0.85409
0.95108 0.85724
0.95210 0.85919
0.95255 0.86393
0.95245 0.87035
0.95132 0.87622
0.95200 0.88295
0.95187 0.88578
0.95300 0.88830
0.95440 0.89002
0.95520 0.89019
0.95384 0.89219
0.95356 0.89545
0.95259 0.89917
0.95249 0.90488
0.95495 0.91170
0.95849 0.91795
0.95931 0.92356
0.95986 0.92638
0.95950 0.92834
0.95902 0.93133
0.96070 0.93376
0.96106 0.93773
0.96101 0.93937
0.95859 0.94953
0.95832 0.95561
0.95877 0.96222
0.96009 0.97306
0.96398 0.97799
0.96308 0.99319
0.96452 0.99734
0.96561 0.99927
0.96312 1.00512
0.96299 1.00536
0.96223 1.01733
0.96357 1.02928
0.96361 1.03236
0.96423 1.03845
0.96491 1.04316
0.96654 1.04680
0.96583 1.05383
0.96583 1.05401
0.96619 1.05621
0.96379 1.05863
0.96229 1.06260
0.96180 1.06885
0.96170 1.08142
0.96167 1.08172
0.96378 1.08484
0.96645 1.08663
0.96564 1.08419
0.96593 1.08569
0.96610 1.08983
0.96432 1.09654
0.96334 1.10366
0.96100 1.10820
0.95966 1.12092
0.96232 1.12980
0.96240 1.13000
0.96367 1.13284
0.96314 1.13535
0.95915 1.13862
0.95640 1.14148
0.95352 1.14783
0.95349 1.14801
0.95377 1.15314
0.95411 1.15992
0.95417 1.16503
0.95570 1.17088
0.95573 1.17103
0.95441 1.17320
0.95374 1.17817
0.95300 1.18215
0.95243 1.18657
0.94921 1.19071
0.94731 1.19361
0.94658 1.19595
0.94801 1.19918
0.94971 1.20677
0.94975 1.20697
0.94891 1.21142
0.94861 1.21371
0.94573 1.21560
0.94402 1.22054
0.94266 1.22582
0.94005 1.22902
0.93834 1.23148
0.93725 1.23626
0.93860 1.24183
0.93937 1.24749
0.94187 1.25033
0.94411 1.25233
0.94167 1.25634
0.93845 1.26047
0.93811 1.26213
0.93629 1.26266
0.93259 1.26671
0.93032 1.27420
0.93007 1.27901
0.92800 1.28289
0.92585 1.28251
0.92760 1.28135
0.92816 1.28967
0.92943 1.29658
0.93011 1.30432
0.92755 1.30995
0.92803 1.31340
0.92669 1.31510
0.92138 1.31642
0.91822 1.31750
0.91775 1.31926
0.91793 1.32052
0.91793 1.32542
0.92112 1.33070
0.92323 1.33671
0.91657 1.33842
0.91289 1.34248
0.91033 1.34703
0.91006 1.35384
0.90942 1.35959
0.90965 1.36504
0.90827 1.36973
0.90647 1.37279
0.90458 1.37542
0.90266 1.37760
0.90078 1.38051
0.89974 1.38447
0.89909 1.38780
0.90079 1.39145
0.89938 1.39580
0.89655 1.40002
0.89285 1.40214
0.88842 1.40746
0.88641 1.41317
0.88580 1.41681
0.88596 1.42128
0.88598 1.42172
0.88609 1.42268
0.88697 1.42479
0.88464 1.42815
0.88170 1.42966
0.87678 1.43269
0.87228 1.43823
0.87055 1.44381
0.87021 1.44974
0.87131 1.45310
0.87143 1.45725
0.87063 1.45991
0.86884 1.46253
0.86705 1.46681
0.86492 1.47244
0.86347 1.47503
0.86112 1.47969
0.85890 1.48224
0.85826 1.48488
0.85545 1.48816
0.85174 1.49186
0.85322 1.49809
0.85222 1.50330
0.84985 1.50583
0.84679 1.50819
0.84472 1.50924
0.84332 1.51256
0.84117 1.51561
0.84221 1.51848
0.84152 1.51860
0.83774 1.52208
0.83361 1.52804
0.83054 1.53499
0.82968 1.54108
0.82920 1.54704
0.83008 1.55130
0.82815 1.55372
0.82519 1.55393
0.82129 1.55215
0.81920 1.55395
0.81594 1.55980
0.81326 1.56326
0.81207 1.56692
0.81230 1.57126
0.81134 1.57508
0.80971 1.57981
0.80667 1.58410
0.80324 1.58685
0.80079 1.58829
0.79708 1.58954
0.79403 1.59180
0.79167 1.59403
0.79080 1.59821
0.79047 1.60131
0.78912 1.60493
0.78894 1.60770
0.78712 1.61094
0.78345 1.61549
0.77978 1.62105
0.77716 1.62438
0.77415 1.62840
0.77442 1.63124
0.77415 1.63174
0.77109 1.63497
0.75865 1.64457
0.75502 1.64775
0.75493 1.64785
0.75471 1.65182
0.75222 1.65741
0.75092 1.66068
0.74701 1.66385
0.74429 1.66627
0.73911 1.67206
0.73753 1.67370
0.73371 1.68181
0.73232 1.68629
0.72349 1.68997
0.72331 1.69012
0.72197 1.69289
0.71905 1.69487
0.71353 1.70419
0.71353 1.70419
0.71236 1.70504
0.70976 1.70585
0.70760 1.70749
0.70138 1.70911
0.69581 1.71536
0.69570 1.71553
0.69307 1.72003
0.69247 1.72292
0.68953 1.73026
0.68943 1.73044
0.68547 1.73424
0.68084 1.73912
0.68072 1.73924
0.67829 1.74321
0.67713 1.74555
0.67318 1.74771
0.66538 1.75097
0.66518 1.75105
0.66370 1.75317
0.66188 1.75534
0.66035 1.75759
0.65737 1.76042
0.65472 1.76399
0.64915 1.77116
0.64902 1.77134
0.64606 1.77202
0.64186 1.77438
0.63909 1.77904
0.63627 1.78345
0.63161 1.78723
0.62719 1.78921
0.62500 1.79097
0.62140 1.79033
0.62023 1.79188
0.61909 1.79591
0.61764 1.79967
0.61604 1.80140
0.61203 1.80364
0.60669 1.80635
0.60273 1.80960
0.59751 1.81185
0.59599 1.81408
0.59453 1.81641
0.59321 1.82025
0.59023 1.82177
0.58632 1.82340
0.58153 1.82443
0.57729 1.82738
0.57515 1.82998
0.57122 1.83181
0.56879 1.83688
0.56576 1.84182
0.56456 1.84376
0.56193 1.84546
0.55892 1.84633
0.55609 1.84784
0.55270 1.85041
0.55008 1.85396
0.54768 1.85666
0.54693 1.85632
0.54279 1.85661
0.53712 1.85684
0.53539 1.86187
0.53139 1.86659
0.52857 1.87393
0.52527 1.87613
0.52244 1.87857
0.51926 1.87623
0.51638 1.87574
0.51401 1.87683
0.51156 1.87951
0.50793 1.88206
0.50511 1.88494
0.50015 1.88896
0.49538 1.89088
0.49133 1.89347
0.48805 1.89412
0.48606 1.89455
0.48401 1.89657
0.48313 1.89918
0.47904 1.90159
0.47459 1.90357
0.46978 1.90588
0.46569 1.90705
0.46399 1.90852
0.46091 1.91141
0.45594 1.91512
0.45360 1.91741
0.45183 1.91923
0.44879 1.92137
0.44514 1.92244
0.44172 1.92365
0.43668 1.92713
0.43292 1.92943
0.42775 1.93329
0.42523 1.93560
0.42211 1.93875
0.41661 1.93972
0.41347 1.94230
0.40950 1.94390
0.40487 1.94463
0.40218 1.94528
0.39945 1.94593
0.39588 1.94596
0.39255 1.94622
0.38887 1.94737
0.38308 1.95184
0.37950 1.95952
0.37684 1.96412
0.37526 1.96819
0.37251 1.96870
0.36982 1.96703
0.36468 1.96434
0.35967 1.96538
0.35423 1.96807
0.35051 1.97132
0.34983 1.97374
0.34673 1.97449
0.34337 1.97571
0.33989 1.97587
0.33586 1.97710
0.33091 1.97888
0.32675 1.98057
0.32289 1.98294
0.31997 1.98608
0.31659 1.98865
0.31419 1.99023
0.31083 1.99106
0.30524 1.99295
0.30096 1.99318
0.29634 1.99368
0.29256 1.99556
0.29059 1.99582
0.28678 1.99632
0.28265 1.99769
0.27978 1.99923
0.27725 2.00099
0.27491 2.00140
0.27007 2.00316
0.26464 2.00594
0.26050 2.00957
0.25813 2.01148
0.25394 2.01126
0.25385 2.01127
0.25088 2.01243
0.24563 2.01231
0.24215 2.01373
0.23711 2.01325
0.23418 2.01442
0.23073 2.01737
0.22519 2.01840
0.22047 2.01847
0.21539 2.01838
0.20999 2.01854
0.20647 2.02129
0.20535 2.02415
0.20279 2.02678
0.20059 2.02667
0.19617 2.02677
0.19114 2.02688
0.18737 2.02633
0.18273 2.02580
0.18016 2.02749
0.16724 2.03480
0.16137 2.03400
0.15660 2.03484
0.14907 2.03646
0.14887 2.03649
0.14567 2.03542
0.14146 2.03424
0.13971 2.03507
0.13557 2.03816
0.13415 2.04214
0.12999 2.04235
0.12768 2.04360
0.12271 2.04234
0.11796 2.04001
0.11370 2.04010
0.10633 2.04279
0.10231 2.04442
0.09598 2.04742
0.09333 2.04717
0.09067 2.04794
0.08829 2.04861
0.08327 2.04841
0.08318 2.04841
0.07951 2.04965
0.06684 2.04772
0.06461 2.04908
0.06051 2.04965
0.05913 2.05043
0.05493 2.05181
0.04799 2.05368
0.04105 2.05523
0.03074 2.05438
0.03049 2.05437
0.02533 2.05489
0.02572 2.05613
0.02398 2.05681
0.02077 2.05781
0.01618 2.05647
0.00713 2.05756
0.00690 2.05759
0.00281 2.05868
-0.00000 2.05944
-0.00566 2.05866
-0.01100 2.05840
-0.01433 2.05891
-0.01683 2.05749
-0.02076 2.05812
-0.02383 2.06125
-0.02591 2.06280
-0.03020 2.06044
-0.03353 2.05764
-0.03899 2.05453
-0.04292 2.05782
-0.04854 2.05892
-0.05214 2.06126
-0.05561 2.06130
-0.05995 2.05950
-0.06363 2.05756
-0.06938 2.05718
-0.07561 2.05920
-0.07563 2.06206
-0.07764 2.06103
-0.08178 2.06080
-0.08690 2.06190
-0.09241 2.06081
-0.09980 2.05802
-0.10541 2.05624
-0.10919 2.05621
-0.11206 2.05653
-0.11470 2.05841
-0.11616 2.06104
-0.11886 2.06094
-0.12159 2.06091
-0.12569 2.06024
-0.13043 2.05729
-0.13380 2.05426
-0.13797 2.05147
-0.13923 2.05019
-0.14327 2.05082
-0.14910 2.05384
-0.15438 2.05498
-0.15910 2.05521
-0.16219 2.05420
-0.16719 2.05191
-0.17082 2.05092
-0.17618 2.05047
-0.17962 2.05193
-0.18559 2.05281
-0.18948 2.05406
-0.19230 2.05354
-0.19320 2.05339
-0.19495 2.05063
-0.19863 2.04915
-0.20333 2.04834
-0.20861 2.04563
-0.21232 2.04429
-0.21466 2.04428
-0.21726 2.04447
-0.22107 2.04520
-0.22699 2.04576
-0.23435 2.04286
-0.23936 2.04174
-0.24206 2.04413
-0.24402 2.04540
-0.24589 2.04728
-0.24952 2.04645
-0.25086 2.04448
-0.25490 2.04260
-0.26106 2.03782
-0.26719 2.03297
-0.27065 2.03046
-0.27537 2.03128
-0.27762 2.03310
-0.28115 2.03528
-0.28258 2.03635
-0.28739 2.03844
-0.29363 2.03610
-0.29802 2.03519
-0.30191 2.03338
-0.30641 2.03168
-0.30964 2.03018
-0.31351 2.02939
-0.31690 2.03012
-0.31899 2.03098
-0.32005 2.02862
-0.32001 2.02692
-0.32251 2.02455
-0.32683 2.02276
-0.33146 2.02114
-0.33814 2.02000
-0.34433 2.01968
-0.34934 2.01819
-0.35272 2.01964
-0.35476 2.01947
-0.35808 2.01782
-0.36306 2.01734
-0.36808 2.01536
-0.37231 2.01319
-0.37512 2.01166
-0.37775 2.01032
-0.37876 2.00905
-0.38126 2.00572
-0.38568 2.00442
-0.38872 2.00522
-0.39069 2.00485
-0.39629 2.00527
-0.40082 2.00373
-0.40697 2.00445
-0.41155 2.00344
-0.41544 2.00227
-0.41868 2.00024
-0.42180 1.99726
-0.42458 1.99624
-0.42724 1.99327
-0.43145 1.99135
-0.43630 1.98965
-0.43957 1.98883
-0.44266 1.98851
-0.44533 1.98947
-0.44856 1.98670
-0.45208 1.98216
-0.45501 1.97963
-0.45965 1.97421
-0.46322 1.97307
-0.46807 1.97287
-0.47182 1.97506
-0.47443 1.97612
-0.47562 1.97573
-0.47845 1.97573
-0.48353 1.97379
-0.48708 1.96883
-0.49168 1.96548
-0.49517 1.96258
-0.49903 1.96201
-0.50064 1.96233
-0.50103 1.96047
-0.50572 1.95471
-0.50578 1.95464
-0.50832 1.95304
-0.51224 1.94994
-0.51710 1.94737
-0.53308 1.94356
-0.53812 1.94294
-0.54317 1.94218
-0.54665 1.94040
-0.55400 1.93136
-0.55419 1.93116
-0.55665 1.92695
-0.55976 1.92520
-0.56542 1.92401
-0.56557 1.92396
-0.57314 1.92226
-0.57351 1.92216
-0.57677 1.92207
-0.58252 1.92071
-0.58633 1.91991
-0.58958 1.91817
-0.59337 1.91446
-0.59972 1.90114
-0.59988 1.90086
-0.60182 1.89872
-0.60551 1.89870
-0.60847 1.90011
-0.60991 1.90192
-0.61908 1.89527
-0.62268 1.89030
-0.63217 1.88669
-0.63298 1.88627
-0.63705 1.88421
-0.64061 1.88215
-0.64299 1.87848
-0.64584 1.87896
-0.64897 1.87758
-0.65111 1.87624
-0.65280 1.87353
-0.65526 1.86947
-0.65844 1.86617
-0.66282 1.86286
-0.66717 1.86046
-0.66895 1.85902
-0.67235 1.85635
-0.67568 1.85563
-0.67989 1.85458
-0.68359 1.85228
-0.68810 1.84986
-0.69370 1.84740
-0.69595 1.84500
-0.69651 1.84320
-0.69788 1.84092
-0.70153 1.83765
-0.70505 1.83364
-0.70877 1.83170
-0.71143 1.83035
-0.71485 1.82839
-0.71697 1.82592
-0.72079 1.82228
-0.72172 1.81784
-0.72679 1.81404
-0.73077 1.81360
-0.73526 1.81308
-0.73667 1.81274
-0.73781 1.81170
-0.73881 1.81000
-0.74110 1.80816
-0.74443 1.80292
-0.74882 1.79862
-0.75061 1.79275
-0.75306 1.78570
-0.75432 1.78185
-0.75865 1.78046
-0.76328 1.78181
-0.76639 1.78377
-0.76945 1.78521
-0.77362 1.78341
-0.77652 1.77605
-0.77929 1.76868
-0.78350 1.76325
-0.78525 1.75856
-0.78758 1.75657
-0.78974 1.75592
-0.79224 1.75620
-0.79449 1.75552
-0.79867 1.75313
-0.80047 1.75073
-0.80450 1.74582
-0.80667 1.74221
-0.80888 1.73910
-0.81099 1.73618
-0.81284 1.73437
-0.81615 1.73185
-0.81903 1.72940
-0.81912 1.72587
-0.81947 1.72179
-0.82041 1.71580
-0.82261 1.70995
-0.82559 1.70507
-0.82879 1.70127
-0.83271 1.69869
-0.83692 1.69741
-0.84074 1.69575
-0.84313 1.69334
-0.84391 1.69302
-0.84438 1.69160
-0.84449 1.68834
-0.84727 1.68512
-0.85145 1.68049
-0.85456 1.67674
-0.85799 1.67259
-0.86103 1.66766
-0.86287 1.66274
-0.86301 1.65952
-0.86342 1.65706
-0.86468 1.65390
-0.86595 1.65090
-0.86635 1.64991
-0.86899 1.64568
-0.87419 1.64414
-0.87965 1.64008
-0.88457 1.63554
-0.88710 1.63270
-0.88605 1.63015
-0.88766 1.62838
-0.88797 1.62761
-0.88756 1.62476
-0.89226 1.62207
-0.89568 1.62026
-0.89970 1.61641
-0.90293 1.61036
-0.90358 1.60405
-0.90638 1.59985
-0.91002 1.59852
-0.91002 1.59852
-0.91503 1.59852
-0.91756 1.59599
-0.91779 1.59225
-0.91806 1.58877
-0.91988 1.58474
-0.92218 1.58070
-0.92357 1.57739
-0.92657 1.57290
-0.92744 1.56764
-0.93336 1.55628
-0.93510 1.55349
-0.93546 1.55128
-0.93883 1.54817
-0.94293 1.54605
-0.94676 1.54220
-0.94946 1.53695
-0.95281 1.52732
-0.95290 1.52707
-0.95574 1.52470
-0.95629 1.52241
-0.95826 1.51951
-0.95791 1.51655
-0.95858 1.51305
-0.95881 1.51120
-0.96408 1.50609
-0.96860 1.50135
-0.96980 1.49441
-0.97205 1.48820
-0.97464 1.48187
-0.97665 1.47862
-0.97676 1.47839
-0.97657 1.47716
-0.97908 1.47530
-0.98054 1.47280
-0.98091 1.46933
-0.98570 1.45738
-0.98570 1.45738
-0.98979 1.45057
-0.99117 1.44600
-0.99305 1.44503
-0.99359 1.44410
-0.99303 1.44190
-0.99432 1.43333
-0.99436 1.43315
-0.99734 1.42810
-1.00019 1.42371
-1.00243 1.41978
-1.00466 1.41521
-1.00534 1.41288
-1.00502 1.40909
-1.00522 1.40733
-1.00498 1.40509
-1.00469 1.40164
-1.00791 1.39687
-1.00800 1.39676
-1.00988 1.39098
-1.01322 1.38476
-1.01904 1.36929
-1.01864 1.36662
-1.01880 1.36315
-1.01970 1.36023
-1.02233 1.35920
-1.02226 1.35657
-1.02251 1.35278
-1.02416 1.34975
-1.02641 1.34456
-1.02791 1.33862
-1.02941 1.33404
-1.03224 1.32961
-1.03295 1.32525
-1.03213 1.32226
-1.03287 1.31727
-1.03518 1.31234
-1.03594 1.31101
-1.03661 1.30849
-1.03964 1.30596
-1.04204 1.30128
-1.04254 1.30051
-1.04443 1.29785
-1.04608 1.29209
-1.04838 1.28789
-1.04687 1.28414
-1.04564 1.27949
-1.04299 1.27669
-1.04352 1.27208
-1.05051 1.26804
-1.05344 1.26489
-1.05331 1.25969
-1.05245 1.25474
-1.05265 1.25081
-1.05390 1.24724
-1.05561 1.24520
-1.05671 1.24339
-1.05730 1.24076
-1.05839 1.23784
-1.06048 1.23278
-1.06226 1.22735
-1.06251 1.22369
-1.06167 1.22075
-1.06034 1.21679
-1.06153 1.21180
-1.06220 1.20585
-1.06348 1.20027
-1.06445 1.19696
-1.06617 1.19456
-1.06745 1.19341
-1.06746 1.19202
-1.06751 1.18832
-1.06792 1.18321
-1.06787 1.17766
-1.06803 1.17282
-1.06910 1.16716
-1.07196 1.16364
-1.07492 1.15887
-1.07542 1.15376
-1.07415 1.15138
-1.07267 1.14889
-1.07216 1.14563
-1.07257 1.14279
-1.07376 1.13794
-1.07305 1.13383
-1.07514 1.12865
-1.07546 1.12616
-1.07443 1.12282
-1.07763 1.11764
-1.07685 1.11292
-1.07815 1.10831
-1.07807 1.10319
-1.07947 1.09969
-1.07997 1.09894
-1.07950 1.09678
-1.07942 1.09381
-1.07829 1.08904
-1.07851 1.08502
-1.07751 1.08084
-1.07737 1.07565
-1.08022 1.07132
-1.08498 1.06666
-1.08714 1.06265
-1.08501 1.05957
-1.08432 1.05682
-1.08319 1.05315
-1.08239 1.04929
-1.08080 1.04707
-1.08103 1.04462
-1.08262 1.04107
-1.08396 1.03746
-1.08487 1.03275
-1.08461 1.02702
-1.08432 1.02355
-1.08461 1.01901
-1.08425 1.01537
-1.08361 1.01296
-1.08221 0.99919
-1.08220 0.99367
-1.08253 0.98587
-1.08254 0.98564
-1.08260 0.98276
-1.08288 0.98122
-1.08251 0.97821
-1.08127 0.96672
-1.07912 0.96079
-1.07910 0.95429
-1.07939 0.94821
-1.07843 0.94388
-1.08302 0.93629
-1.08235 0.93147
-1.07927 0.92644
-1.07803 0.91632
-1.07800 0.91609
-1.07750 0.91374
-1.07566 0.91267
-1.07603 0.91142
-1.07921 0.91038
-1.08055 0.90712
-1.07546 0.89195
-1.07376 0.88692
-1.07289 0.88413
-1.07187 0.87258
-1.07282 0.86838
-1.07359 0.86272
-1.07150 0.85784
-1.06867 0.85517
-1.06668 0.84294
-1.06674 0.83964
-1.06649 0.83549
-1.06682 0.83169
-1.06511 0.82863
-1.06409 0.82550
-1.06191 0.81887
-1.06186 0.81870
-1.06007 0.81630
-1.05918 0.81414
-1.05704 0.81114
-1.05741 0.80541
-1.05777 0.79645
-1.05778 0.79624
-1.05625 0.79171
-1.05533 0.78513
-1.05339 0.78265
-1.05352 0.77699
-1.05133 0.77178
-1.05043 0.76600
-1.04991 0.76012
-1.04664 0.75576
-1.04476 0.74691
-1.04441 0.74371
-1.04346 0.74044
-1.04287 0.73752
-1.03789 0.72975
-1.03778 0.72953
-1.03598 0.72514
-1.03324 0.71470
-1.03306 0.71411
-1.03263 0.70924
-1.03230 0.70465
-1.03109 0.70223
-1.02983 0.69854
-1.02785 0.69679
-1.02604 0.69532
-1.02406 0.69461
-1.02446 0.69254
-1.02275 0.68760
-1.02150 0.68090
-1.02056 0.67246
-1.01941 0.66638
-1.01855 0.66248
-1.01730 0.66161
-1.01489 0.66047
-1.01174 0.65885
-1.00965 0.65876
-1.00810 0.65516
-1.00857 0.64995
-1.00832 0.64399
-1.00697 0.64119
-1.00306 0.63679
-1.00052 0.63280
-0.99994 0.62690
-0.99828 0.62251
-1.00139 0.61613
-0.99996 0.61223
-0.99731 0.61128
-0.99200 0.60767
-0.98931 0.60249
-0.98746 0.60047
-0.98522 0.59787
-0.98629 0.59690
-0.98559 0.59537
-0.98306 0.59254
-0.98014 0.58606
-0.97769 0.58161
-0.97434 0.57726
-0.97229 0.57346
-0.97049 0.57035
-0.96977 0.56676
-0.96859 0.56204
-0.96606 0.55679
-0.96184 0.55168
-0.95780 0.54764
-0.95628 0.54475
-0.95466 0.54363
-0.95420 0.54204
-0.95355 0.53920
-0.95499 0.53591
-0.95407 0.53121
-0.95114 0.52545
-0.94832 0.52153
-0.94391 0.51565
-0.94054 0.51222
-0.93830 0.51005
-0.93572 0.50949
-0.93256 0.50655
-0.93062 0.50578
-0.92797 0.50076
-0.92589 0.49312
-0.92508 0.48500
-0.92234 0.47924
-0.91935 0.47504
-0.91823 0.47146
-0.91873 0.46851
-0.91807 0.46789
-0.91550 0.46913
-0.91218 0.46911
-0.90693 0.46650
-0.90185 0.46351
-0.89657 0.45630
-0.89420 0.44991
-0.89206 0.44301
-0.89150 0.43900
-0.88956 0.43577
-0.88922 0.43421
-0.88752 0.43239
-0.88199 0.42978
-0.87814 0.42571
-0.87789 0.41805
-0.88125 0.41963
-0.88190 0.41990
-0.88068 0.42028
-0.87751 0.41751
-0.87407 0.41343
-0.87054 0.41000
-0.86780 0.40523
-0.86587 0.40119
-0.86599 0.39472
-0.86475 0.38831
-0.85805 0.38701
-0.85551 0.38493
-0.85241 0.38515
-0.84943 0.38329
-0.84789 0.37634
-0.84784 0.37616
-0.84542 0.37051
-0.84112 0.36449
-0.83705 0.36149
-0.83695 0.36142
-0.83545 0.36044
-0.83219 0.35970
-0.82463 0.35087
-0.82279 0.34703
-0.81549 0.33885
-0.81531 0.33866
-0.81200 0.33591
-0.80786 0.33349
-0.80541 0.33184
-0.79894 0.32638
-0.79291 0.31921
-0.79277 0.31905
-0.79053 0.31644
-0.78866 0.31413
-0.78840 0.31223
-0.78693 0.30842
-0.78241 0.30678
-0.77745 0.30568
-0.76902 0.29892
-0.76880 0.29875
-0.76648 0.29358
-0.76266 0.28681
-0.76266 0.28681
-0.76119 0.28469
-0.75769 0.28108
-0.75368 0.27613
-0.75385 0.26946
-0.75380 0.26928
-0.75133 0.26757
-0.74943 0.26547
-0.74055 0.26566
-0.74037 0.26560
-0.73655 0.26230
-0.73359 0.25919
-0.73102 0.25534
-0.72849 0.25078
-0.72432 0.24710
-0.72020 0.24598
-0.71739 0.24643
-0.71289 0.24643
-0.71179 0.24556
-0.71062 0.24372
-0.70857 0.24083
-0.70761 0.23570
-0.70476 0.23071
-0.70068 0.22172
-0.70056 0.22149
-0.69708 0.22132
-0.69196 0.22281
-0.68712 0.22341
-0.68075 0.22172
-0.67561 0.21725
-0.66989 0.21293
-0.66973 0.21283
-0.66627 0.20878
-0.66451 0.20616
-0.66221 0.20311
-0.65959 0.19627
-0.65951 0.19613
-0.65647 0.19469
-0.65138 0.19334
-0.64809 0.19244
-0.64326 0.19157
-0.63915 0.19130
-0.63639 0.18829
-0.63330 0.18522
-0.63320 0.18512
-0.63070 0.18129
-0.62846 0.17817
-0.62650 0.17587
-0.62178 0.17345
-0.61836 0.17288
-0.61391 0.17054
-0.61136 0.16829
-0.60763 0.16427
-0.60382 0.16192
-0.60116 0.16074
-0.59856 0.16007
-0.59552 0.15836
-0.59038 0.15513
-0.58732 0.15475
-0.58425 0.15367
-0.58160 0.14890
-0.57875 0.14646
-0.57549 0.14451
-0.57165 0.14317
-0.56988 0.14104
-0.56771 0.13816
-0.56445 0.13702
-0.56061 0.13695
-0.55629 0.13581
-0.55122 0.13229
-0.54711 0.13040
-0.54172 0.12725
-0.53748 0.12558
-0.53390 0.12505
-0.53231 0.12354
-0.53015 0.12208
-0.52948 0.11949
-0.52644 0.11630
-0.52109 0.11573
-0.51491 0.11460
-0.51108 0.11251
-0.50870 0.11118
-0.50668 0.10854
-0.50535 0.10799
-0.50275 0.10697
-0.49946 0.10640
-0.49525 0.10454
-0.49012 0.10292
-0.48660 0.10362
-0.48323 0.10094
-0.47896 0.09677
-0.47367 0.09336
-0.47087 0.09329
-0.46848 0.09403
-0.46528 0.09288
-0.46362 0.09149
-0.46077 0.08828
-0.45536 0.08717
-0.45150 0.08538
-0.44649 0.08439
-0.44436 0.08318
-0.44081 0.08181
-0.43811 0.07916
-0.43467 0.07849
-0.43287 0.07654
-0.42948 0.07422
-0.42421 0.07289
-0.41936 0.07142
-0.41530 0.07125
-0.41172 0.06919
-0.40990 0.06991
-0.40696 0.07094
-0.40209 0.06923
-0.39862 0.06746
-0.39497 0.06421
-0.38911 0.06061
-0.38414 0.05874
-0.38050 0.05738
-0.37800 0.05668
-0.37583 0.05544
-0.37397 0.05492
-0.36952 0.05238
-0.36568 0.05275
-0.36182 0.05226
-0.35911 0.05177
-0.35532 0.05036
-0.35157 0.04863
-0.34758 0.04635
-0.34304 0.04518
-0.34025 0.04455
-0.33717 0.04279
-0.33460 0.04284
-0.31853 0.04142
-0.31467 0.03975
-0.31233 0.03791
-0.30911 0.03703
-0.30629 0.03577
-0.30091 0.03263
-0.30076 0.03257
-0.29747 0.03320
-0.28539 0.03409
-0.28058 0.03414
-0.26668 0.03008
-0.26415 0.02683
-0.25947 0.02525
-0.24870 0.02543
-0.24706 0.02620
-0.24433 0.02636
-0.24167 0.02589
-0.23739 0.02332
-0.23217 0.02205
-0.22734 0.02149
-0.22387 0.01973
-0.21783 0.01953
-0.21748 0.01951
-0.21271 0.01927
-0.20737 0.01860
-0.20381 0.01703
-0.20019 0.01449
-0.18641 0.01689
-0.17941 0.01813
-0.17924 0.01816
-0.17655 0.01675
-0.16935 0.01240
-0.16919 0.01231
-0.16598 0.00991
-0.16177 0.00951
-0.15700 0.00788
-0.14142 0.00704
-0.13397 0.00826
-0.12977 0.00615
-0.12563 0.00589
-0.12087 0.00679
-0.11580 0.00800
-0.11172 0.00727
-0.10800 0.00607
-0.10457 0.00449
-0.10117 0.00290
-0.09805 0.00099
-0.09461 0.00241
-0.08933 0.00339
-0.08573 0.00383
-0.07968 0.00579
-0.07385 0.00679
-0.06958 0.00353
-0.06603 0.00257
-0.06513 0.00177
-0.06319 0.00069
-0.05883 0.00057
-0.05417 0.00074
-0.05113 0.00391
-0.04826 0.00598
-0.04502 0.00783
-0.04153 0.00663
-0.03638 0.00512
-0.03074 0.00293
-0.02570 0.00150
-0.02162 0.00352
-0.01700 0.00655
-0.01487 0.00738
-0.02008 0.01068
-0.02645 0.00908
-0.02816 0.00501
-0.02994 0.00238
-0.03076 0.00172
-0.02831 0.00179
-0.02425 0.00417
-0.02107 0.00728
-0.02022 0.00953
-0.02020 0.00964
-0.02320 0.00766
-0.02602 0.00551
-0.02983 0.00353
-0.03106 0.00547
-0.03052 0.00852
-0.02834 0.00993
-0.02603 0.00790
-0.02312 0.00335
-0.02204 0.00343
-0.02310 0.00403
-0.02435 0.00538
-0.02548 0.00633
-0.02694 0.00690
-0.02827 0.00740
-0.02824 0.00752
-0.02783 0.00755
-0.02632 0.00724
-0.02604 0.00484
-0.02495 0.00455
-0.02530 0.00491
