-0.01333 -0.00174
-0.01200 -0.00339
-0.01231 -0.00192
-0.01234 -0.00029
-0.00980 -0.00112
-0.00813 0.00062
-0.00800 0.00032
-0.00947 -0.00123
-0.01248 -0.00151
-0.01306 -0.00428
-0.01278 -0.00364
-0.01069 -0.00201
-0.00956 -0.00034
-0.00998 -0.00169
-0.01065 -0.00114
-0.01067 -0.00114
-0.01197 0.00026
-0.01470 0.00057
-0.01340 -0.00003
-0.00971 -0.00550
-0.01072 -0.00299
-0.01079 0.00012
-0.01080 0.00019
-0.01104 -0.00066
-0.01015 -0.00135
-0.01030 -0.00375
-0.01029 -0.00380
-0.01153 -0.00233
-0.01229 -0.00093
-0.01192 0.00009
-0.01134 0.00119
-0.01123 0.00063
-0.01249 -0.00007
-0.01369 -0.00041
-0.01276 -0.00142
-0.01169 -0.00234
-0.00979 -0.00293
-0.00870 -0.00216
-0.00874 -0.00150
-0.00926 -0.00018
-0.01024 0.00006
-0.01187 0.00055
-0.01270 -0.00018
-0.01336 -0.00256
-0.01339 -0.00261
-0.01163 -0.00329
-0.01069 -0.00202
-0.01048 -0.00099
-0.01105 0.00025
-0.01078 0.00053
-0.00704 -0.00148
-0.00358 -0.00060
0.00230 -0.00047
0.00777 -0.00089
0.01323 -0.00097
0.01815 -0.00009
0.02304 -0.00004
0.03007 0.00220
0.03401 0.00098
0.03901 0.00045
0.04340 0.00083
0.04687 0.00067
0.05083 0.00333
0.05508 0.00446
0.05734 0.00397
0.06109 0.00365
0.06307 0.00496
0.07599 0.00522
0.07627 0.00523
0.08049 0.00491
0.08561 0.00679
0.08577 0.00683
0.08791 0.00804
0.08907 0.00783
0.09012 0.00821
0.09317 0.00714
0.09813 0.00695
0.10475 0.00878
0.11041 0.00834
0.11808 0.01040
0.12633 0.01269
0.13022 0.01245
0.13027 0.01217
0.13054 0.01409
0.13022 0.01328
0.13227 0.01333
0.13705 0.01369
0.14160 0.01395
0.14630 0.01690
0.15385 0.01783
0.16025 0.01797
0.16411 0.01853
0.16862 0.02018
0.16978 0.02114
0.17197 0.02200
0.17430 0.02328
0.17634 0.02431
0.18166 0.02703
0.18734 0.02799
0.19185 0.02898
0.19758 0.02760
0.20094 0.02691
0.20416 0.02787
0.20813 0.02955
0.21033 0.03105
0.21300 0.03322
0.21658 0.03467
0.21986 0.03439
0.22487 0.03514
0.22858 0.03704
0.23387 0.03872
0.23735 0.03999
0.23988 0.04053
0.24331 0.04108
0.24554 0.04152
0.24855 0.04039
0.25250 0.03884
0.25675 0.04239
0.26121 0.04560
0.26647 0.04766
0.27155 0.04931
0.27606 0.05033
0.27957 0.04978
0.28328 0.05140
0.28507 0.05410
0.28642 0.05464
0.28837 0.05457
0.29080 0.05488
0.29600 0.05505
0.30193 0.05656
0.30709 0.05908
0.31265 0.06181
0.31605 0.06217
0.31895 0.06254
0.32225 0.06267
0.32485 0.06395
0.32628 0.06616
0.32945 0.06922
0.33412 0.07062
0.33842 0.07187
0.34280 0.07509
0.34640 0.07665
0.35087 0.07666
0.35531 0.07862
0.36221 0.07964
0.36767 0.08166
0.36783 0.08171
0.36924 0.08353
0.37067 0.08538
0.37437 0.08729
0.37923 0.08824
0.38325 0.08984
0.38743 0.09331
0.38984 0.09526
0.39344 0.09794
0.39600 0.09772
0.39828 0.09793
0.40052 0.09760
0.40357 0.10029
0.41032 0.10259
0.41667 0.10559
0.42225 0.10898
0.42243 0.10908
0.42388 0.10962
0.42770 0.11239
0.43206 0.11507
0.43833 0.11852
0.43850 0.11862
0.44194 0.11936
0.44602 0.12232
0.44969 0.12477
0.45609 0.12833
0.45626 0.12841
0.45937 0.13033
0.46645 0.12815
0.46663 0.12813
0.46904 0.13064
0.47220 0.13473
0.47583 0.13812
0.47986 0.14270
0.48545 0.14500
0.48993 0.14462
0.48805 0.14457
0.48908 0.14493
0.49108 0.14728
0.49466 0.14779
0.49896 0.15024
0.50266 0.15464
0.51591 0.16694
0.52523 0.16841
0.52546 0.16847
0.53039 0.17149
0.53386 0.17334
0.53647 0.17460
0.53897 0.17656
0.54101 0.17712
0.54361 0.17955
0.54565 0.18283
0.54816 0.18626
0.55053 0.18922
0.55337 0.19223
0.55748 0.19280
0.56029 0.19345
0.56449 0.19391
0.56820 0.19702
0.57143 0.19948
0.57581 0.20380
0.57949 0.20561
0.58089 0.20581
0.58222 0.20751
0.58408 0.20976
0.58588 0.21475
0.58863 0.21907
0.59379 0.22193
0.59750 0.22301
0.60189 0.22423
0.60611 0.22771
0.60907 0.23211
0.61169 0.23574
0.61424 0.23852
0.61679 0.23805
0.61797 0.23869
0.61967 0.23704
0.62163 0.23948
0.62246 0.24190
0.62611 0.24525
0.62997 0.24907
0.63533 0.25242
0.64057 0.25803
0.64442 0.26209
0.64968 0.26640
0.65379 0.27023
0.65628 0.27225
0.65786 0.27184
0.65814 0.27140
0.65821 0.27167
0.65968 0.27415
0.66267 0.27705
0.66552 0.28184
0.66913 0.28518
0.67346 0.28871
0.67821 0.29292
0.68330 0.29803
0.68633 0.30170
0.68855 0.30347
0.68962 0.30574
0.69191 0.30656
0.69307 0.30930
0.69588 0.31249
0.69880 0.31510
0.70008 0.31619
0.69985 0.31756
0.70062 0.31768
0.70227 0.32031
0.70630 0.32402
0.71014 0.32916
0.71521 0.33622
0.72104 0.33888
0.72502 0.34568
0.72934 0.34840
0.72965 0.34832
0.73118 0.34998
0.73133 0.35076
0.73421 0.35206
0.73528 0.35625
0.73836 0.35818
0.74278 0.35942
0.74503 0.36519
0.74860 0.37041
0.75220 0.37300
0.75248 0.37621
0.75372 0.38209
0.75879 0.38501
0.76222 0.38850
0.76624 0.39124
0.76566 0.39460
0.76583 0.39494
0.76904 0.39723
0.77205 0.39900
0.77551 0.40047
0.77645 0.40392
0.77779 0.40700
0.77821 0.40925
0.77908 0.41255
0.78188 0.41584
0.78337 0.42062
0.78578 0.42457
0.78977 0.42844
0.79424 0.43185
0.79946 0.43571
0.80232 0.44037
0.80356 0.44312
0.80486 0.44675
0.80557 0.45018
0.80680 0.45439
0.80844 0.45689
0.81135 0.45863
0.81451 0.46009
0.81711 0.46372
0.81861 0.46640
0.82058 0.46912
0.82097 0.47305
0.82189 0.47894
0.82306 0.48139
0.82542 0.48457
0.82939 0.48553
0.83238 0.48860
0.83479 0.49127
0.83685 0.49501
0.83648 0.50170
0.83649 0.50186
0.83996 0.50467
0.84336 0.51034
0.85093 0.52225
0.85454 0.52608
0.85778 0.53166
0.86106 0.54194
0.86115 0.54220
0.85989 0.54392
0.86096 0.54511
0.86071 0.54500
0.86304 0.54484
0.86648 0.54432
0.87183 0.54915
0.87195 0.54924
0.87355 0.55522
0.87509 0.56370
0.87672 0.57215
0.87752 0.57964
0.88225 0.58300
0.88456 0.58747
0.88564 0.59150
0.88602 0.58976
0.88599 0.59119
0.88688 0.59333
0.88814 0.59564
0.89123 0.60239
0.89286 0.60505
0.89411 0.60786
0.89562 0.61205
0.89868 0.61725
0.90041 0.62279
0.90258 0.62901
0.90714 0.63798
0.90723 0.63818
0.90771 0.64139
0.90665 0.64328
0.90705 0.64363
0.90893 0.64572
0.91217 0.64664
0.91357 0.65062
0.91238 0.65396
0.91352 0.65750
0.91363 0.66441
0.91366 0.66461
0.91629 0.66847
0.91922 0.67305
0.92165 0.67874
0.92365 0.68423
0.92538 0.68922
0.92658 0.69283
0.92711 0.69799
0.92867 0.70331
0.92907 0.70552
0.93063 0.70954
0.93191 0.71237
0.93349 0.71432
0.93464 0.71697
0.93489 0.71943
0.93380 0.72169
0.93551 0.72386
0.93567 0.72650
0.93839 0.73014
0.94074 0.73480
0.94062 0.74093
0.94111 0.74787
0.94146 0.75371
0.94174 0.75976
0.94464 0.76296
0.94645 0.76616
0.94727 0.76716
0.94766 0.76877
0.94808 0.77139
0.94751 0.77449
0.94841 0.77642
0.94960 0.77972
0.95075 0.78471
0.95448 0.79025
0.95613 0.79495
0.95589 0.79976
0.95624 0.80295
0.95874 0.80665
0.95971 0.81048
0.96079 0.81484
0.96152 0.81983
0.96289 0.82264
0.96320 0.82660
0.96323 0.82708
0.96272 0.83056
0.96323 0.83479
0.96570 0.83924
0.96705 0.84262
0.96972 0.84481
0.96758 0.84835
0.96826 0.85326
0.96942 0.86000
0.97042 0.86585
0.97029 0.86853
0.97031 0.87140
0.97039 0.87368
0.97082 0.87547
0.97090 0.87841
0.97130 0.88182
0.97353 0.88593
0.97419 0.89072
0.97441 0.89673
0.97336 0.90220
0.97394 0.90629
0.97462 0.90934
0.97545 0.91293
0.97534 0.91607
0.97428 0.91872
0.97530 0.91949
0.97525 0.92278
0.97624 0.92950
0.97701 0.93726
0.97705 0.94209
0.97665 0.94767
0.97685 0.95117
0.97897 0.95326
0.97994 0.95706
0.97915 0.95890
0.97796 0.96175
0.97572 0.96656
0.97577 0.97026
0.97706 0.97439
0.97949 0.98074
0.98133 0.98621
0.98170 0.98985
0.98165 0.99361
0.97952 0.99542
0.97700 1.00036
0.97796 1.00387
0.97867 1.00634
0.98094 1.00902
0.98236 1.01518
0.98232 1.01972
0.98177 1.02251
0.98034 1.02600
0.97959 1.02807
0.97980 1.03054
0.98123 1.03496
0.98108 1.03842
0.97996 1.04156
0.97987 1.04726
0.97953 1.05319
0.98096 1.06018
0.98165 1.06600
0.98042 1.07037
0.97995 1.07253
0.98019 1.07383
0.98015 1.07661
0.97869 1.07975
0.97967 1.08548
0.97965 1.08983
0.97791 1.09539
0.97839 1.10033
0.97769 1.10341
0.97756 1.10497
0.97661 1.10784
0.97667 1.11101
0.97711 1.11485
0.97568 1.11886
0.97474 1.12352
0.97422 1.12935
0.97468 1.13527
0.97476 1.14042
0.97374 1.14467
0.97306 1.14793
0.97296 1.15120
0.97365 1.15245
0.97515 1.15456
0.97595 1.15706
0.97296 1.16514
0.97291 1.16534
0.97232 1.16982
0.97018 1.17639
0.97063 1.18111
0.97091 1.18600
0.96909 1.18860
0.96822 1.19034
0.96601 1.19600
0.96596 1.19616
0.96651 1.20041
0.96686 1.20575
0.96522 1.21125
0.96349 1.21684
0.96344 1.21699
0.96213 1.21888
0.96078 1.22179
0.95929 1.22862
0.95924 1.22879
0.95797 1.23236
0.95540 1.24673
0.95560 1.25243
0.95571 1.25699
0.95216 1.26136
0.94970 1.26617
0.95036 1.26846
0.95110 1.27164
0.94874 1.27570
0.94679 1.27943
0.94721 1.28291
0.94651 1.28915
0.94425 1.29268
0.94510 1.29469
0.94365 1.29738
0.94369 1.30086
0.94250 1.30238
0.94344 1.30554
0.94395 1.30905
0.94386 1.31129
0.93925 1.31020
0.93681 1.30933
0.93320 1.31479
0.93407 1.32664
0.93402 1.32693
0.93389 1.33042
0.93112 1.33641
0.92797 1.34146
0.92560 1.34587
0.92604 1.35077
0.92659 1.35539
0.92599 1.35926
0.92550 1.35987
0.92504 1.35847
0.92180 1.36156
0.91924 1.36653
0.91701 1.37228
0.91494 1.37777
0.91323 1.38292
0.91444 1.38629
0.91440 1.39419
0.91236 1.39806
0.90942 1.40356
0.90910 1.40535
0.90955 1.40886
0.90952 1.40814
0.90708 1.40768
0.90331 1.40831
0.89882 1.41166
0.89836 1.41491
0.89908 1.41966
0.89635 1.42591
0.89396 1.43129
0.89435 1.43792
0.89250 1.44315
0.89234 1.44595
0.88991 1.45011
0.88670 1.45555
0.88258 1.46122
0.87974 1.46375
0.87849 1.46717
0.87949 1.47014
0.87770 1.47311
0.87573 1.47559
0.87357 1.47865
0.87054 1.48134
0.86890 1.48569
0.86820 1.48725
0.86593 1.49165
0.86310 1.49540
0.86200 1.50270
0.86114 1.50807
0.86192 1.51446
0.86062 1.51711
0.86083 1.51656
0.85714 1.51593
0.85416 1.51478
0.85165 1.51721
0.84704 1.52160
0.84389 1.52789
0.84148 1.53390
0.84013 1.53692
0.83977 1.53977
0.83910 1.54321
0.83788 1.54854
0.83674 1.55280
0.83406 1.55907
0.82987 1.56432
0.82578 1.56451
0.82352 1.56630
0.82270 1.56927
0.82147 1.57203
0.82027 1.57494
0.81882 1.57689
0.81813 1.57798
0.81522 1.58116
0.81175 1.58187
0.80806 1.58535
0.80506 1.58989
0.80265 1.59568
0.80105 1.60205
0.79930 1.60636
0.79793 1.60874
0.79805 1.61157
0.79617 1.61268
0.79394 1.61571
0.78966 1.61822
0.78622 1.62085
0.78475 1.62353
0.78052 1.62818
0.77748 1.63448
0.77700 1.64085
0.77747 1.64585
0.77596 1.64825
0.77309 1.65071
0.76843 1.65219
0.76796 1.65385
0.76456 1.65449
0.76090 1.65338
0.76013 1.65517
0.75716 1.65837
0.75641 1.66300
0.75539 1.66708
0.75246 1.67182
0.74955 1.67601
0.74849 1.68079
0.74521 1.68427
0.74148 1.68712
0.73734 1.69135
0.72877 1.69848
0.72856 1.69865
0.72563 1.70058
0.72585 1.70276
0.72370 1.70498
0.72364 1.70506
0.71872 1.70649
0.71573 1.70737
0.70963 1.71460
0.70441 1.72250
0.70441 1.72250
0.69426 1.73720
0.69161 1.73961
0.69026 1.74048
0.68913 1.74260
0.68680 1.74451
0.67431 1.75246
0.67199 1.75499
0.66903 1.75778
0.66865 1.76056
0.66720 1.76399
0.66184 1.76628
0.65831 1.76931
0.65511 1.77033
0.65337 1.77120
0.65074 1.77473
0.64738 1.77805
0.64430 1.78129
0.64248 1.78362
0.64145 1.78466
0.63781 1.78831
0.63485 1.79144
0.63283 1.79337
0.62814 1.79646
0.62273 1.80193
0.61818 1.80525
0.61594 1.81087
0.61412 1.81404
0.61399 1.81599
0.61337 1.81798
0.61154 1.81720
0.60796 1.81687
0.60347 1.81766
0.59903 1.81703
0.59563 1.82099
0.59080 1.82646
0.58911 1.83144
0.58822 1.83546
0.58675 1.84202
0.58019 1.84511
0.57632 1.84757
0.57246 1.84671
0.57210 1.84577
0.56837 1.84599
0.56623 1.84721
0.56204 1.84908
0.55850 1.84915
0.55480 1.85151
0.55298 1.85676
0.54951 1.85972
0.54530 1.86198
0.54288 1.86548
0.54020 1.86981
0.53852 1.87358
0.53394 1.87630
0.53085 1.87896
0.52473 1.88059
0.52124 1.88081
0.51741 1.88217
0.51523 1.88246
0.51345 1.88458
0.51223 1.88684
0.50976 1.89007
0.50480 1.89059
0.49926 1.89171
0.49145 1.89482
0.48814 1.89874
0.48674 1.90313
0.48623 1.90628
0.48417 1.90662
0.48279 1.90623
0.48025 1.90615
0.47630 1.90662
0.47114 1.90818
0.46597 1.90939
0.46149 1.91103
0.45767 1.91462
0.45552 1.91997
0.45179 1.92588
0.45027 1.92950
0.44695 1.93134
0.44350 1.92924
0.44115 1.92672
0.43773 1.92722
0.43270 1.92809
0.42681 1.92957
0.42333 1.93261
0.42002 1.93609
0.42029 1.93911
0.41755 1.94026
0.41388 1.93999
0.41087 1.94300
0.40649 1.94490
0.40028 1.94821
0.39215 1.95309
0.38778 1.95668
0.38639 1.95864
0.38458 1.95789
0.38509 1.95661
0.38563 1.95562
0.38255 1.95811
0.37735 1.95896
0.37245 1.96120
0.36711 1.96238
0.36191 1.96447
0.35602 1.96803
0.35240 1.97141
0.34862 1.97469
0.34675 1.97583
0.34487 1.97637
0.34395 1.97606
0.34127 1.97970
0.33634 1.98128
0.33039 1.97923
0.32457 1.97908
0.32249 1.97932
0.31717 1.98240
0.31597 1.98688
0.31384 1.98944
0.31037 1.99175
0.30594 1.99239
0.30150 1.99332
0.29835 1.99181
0.29592 1.99231
0.29240 1.99433
0.28748 1.99732
0.28354 2.00063
0.27875 2.00089
0.27220 2.00195
0.26873 2.00299
0.26712 2.00307
0.26621 2.00331
0.26438 2.00356
0.26162 2.00507
0.25477 2.00719
0.24886 2.00842
0.24446 2.01131
0.24160 2.01404
0.24086 2.01533
0.23624 2.01663
0.23070 2.01659
0.22645 2.01581
0.22255 2.01469
0.21869 2.01446
0.21240 2.01718
0.21223 2.01724
0.21186 2.01848
0.20859 2.02013
0.20430 2.02164
0.19917 2.02157
0.19562 2.02276
0.19048 2.02353
0.18639 2.02548
0.18031 2.02547
0.17649 2.02752
0.17238 2.02938
0.16955 2.03158
0.16932 2.03056
0.16928 2.02950
0.16672 2.02964
0.16106 2.02824
0.15374 2.02276
0.14793 2.02391
0.14258 2.03278
0.14242 2.03294
0.13882 2.03799
0.13318 2.04172
0.12847 2.04155
0.12329 2.04028
0.12006 2.03620
0.11768 2.03642
0.11417 2.03804
0.11128 2.03862
0.10828 2.03851
0.10600 2.03552
0.10289 2.03515
0.09526 2.03750
0.09196 2.04037
0.08513 2.04743
0.07664 2.04578
0.07256 2.04295
0.06770 2.04131
0.06367 2.04171
0.05322 2.04704
0.04759 2.04768
0.04296 2.04638
0.03934 2.04614
0.03610 2.04596
0.03301 2.04594
0.02480 2.04843
0.02435 2.04859
0.01964 2.05215
0.01014 2.05397
0.00991 2.05402
0.00775 2.05240
0.00569 2.05091
0.00151 2.05071
-0.00076 2.04956
-0.00452 2.04805
-0.00724 2.04887
-0.01090 2.04787
-0.01435 2.04777
-0.01905 2.05001
-0.02607 2.05135
-0.03127 2.05140
-0.03517 2.05183
-0.03485 2.04852
-0.03858 2.04788
-0.04153 2.04661
-0.04868 2.04805
-0.05456 2.04908
-0.06233 2.04937
-0.06803 2.05248
-0.07034 2.05334
-0.07266 2.05264
-0.07226 2.05283
-0.07450 2.05384
-0.07775 2.05424
-0.08086 2.05451
-0.08693 2.05078
-0.09211 2.04518
-0.09812 2.04362
-0.10432 2.04427
-0.10513 2.04995
-0.10752 2.05149
-0.10973 2.05109
-0.11263 2.05078
-0.11764 2.04820
-0.12215 2.04524
-0.12679 2.04441
-0.13054 2.04408
-0.13235 2.04399
-0.13606 2.04664
-0.14002 2.04392
-0.14426 2.04297
-0.14960 2.04424
-0.15595 2.04356
-0.16148 2.04346
-0.16617 2.04336
-0.16414 2.04172
-0.16682 2.04372
-0.17008 2.04471
-0.17533 2.04384
-0.18009 2.04101
-0.18560 2.03875
-0.18868 2.03677
-0.19139 2.03550
-0.19458 2.03612
-0.19855 2.03573
-0.20516 2.03668
-0.21138 2.03888
-0.21564 2.03935
-0.21922 2.03868
-0.22102 2.03639
-0.22629 2.03406
-0.22845 2.03438
-0.23279 2.03442
-0.23811 2.03344
-0.24124 2.03166
-0.24596 2.02994
-0.24991 2.02988
-0.25450 2.02940
-0.25960 2.03050
-0.26210 2.02930
-0.26511 2.02634
-0.26822 2.02605
-0.27011 2.02536
-0.27388 2.02377
-0.27561 2.02185
-0.27951 2.01852
-0.28493 2.01685
-0.29040 2.01621
-0.29594 2.01719
-0.30134 2.01731
-0.30367 2.01878
-0.30542 2.01864
-0.31144 2.01233
-0.31160 2.01221
-0.31516 2.01033
-0.32022 2.00958
-0.32504 2.00860
-0.33435 2.00924
-0.33657 2.00848
-0.34734 2.00330
-0.35144 2.00109
-0.35653 1.99907
-0.36721 2.00025
-0.36745 2.00031
-0.37025 2.00097
-0.37475 1.99706
-0.37483 1.99697
-0.37701 1.99469
-0.37937 1.99168
-0.38408 1.99096
-0.39117 1.98691
-0.39134 1.98682
-0.39677 1.98582
-0.40810 1.98502
-0.40836 1.98501
-0.41241 1.98518
-0.41492 1.98452
-0.41658 1.98236
-0.41913 1.97937
-0.41945 1.97673
-0.42087 1.97410
-0.42471 1.97218
-0.43221 1.97001
-0.43898 1.96955
-0.44506 1.96921
-0.44747 1.96833
-0.44966 1.96710
-0.45178 1.96567
-0.45677 1.96429
-0.45978 1.96218
-0.46409 1.95899
-0.46769 1.95579
-0.47137 1.95201
-0.47461 1.95117
-0.47546 1.95100
-0.47637 1.95377
-0.47832 1.95236
-0.48185 1.95014
-0.48583 1.94723
-0.49145 1.94388
-0.50415 1.93843
-0.50945 1.93861
-0.51329 1.93661
-0.51688 1.93513
-0.52653 1.93301
-0.52544 1.93307
-0.52712 1.93046
-0.52854 1.92747
-0.53110 1.92572
-0.53439 1.92269
-0.53840 1.91894
-0.54489 1.91640
-0.54503 1.91637
-0.54814 1.91454
-0.55146 1.91304
-0.55403 1.91035
-0.55572 1.90782
-0.56342 1.90299
-0.56359 1.90290
-0.56855 1.90204
-0.57197 1.90212
-0.57551 1.89991
-0.57789 1.89702
-0.58217 1.89364
-0.58579 1.89142
-0.58742 1.88773
-0.58933 1.88484
-0.59005 1.88422
-0.59347 1.88375
-0.59813 1.88237
-0.60374 1.88075
-0.60835 1.87943
-0.61274 1.87947
-0.61666 1.87793
-0.61949 1.87680
-0.61983 1.87400
-0.62046 1.87009
-0.62264 1.86578
-0.62505 1.86323
-0.62880 1.85873
-0.63428 1.85498
-0.63834 1.85253
-0.64216 1.85021
-0.64575 1.85287
-0.64969 1.85202
-0.65219 1.85022
-0.65638 1.84576
-0.65843 1.84202
-0.66159 1.83953
-0.66357 1.83488
-0.66327 1.83336
-0.66670 1.83260
-0.67035 1.83095
-0.67306 1.82975
-0.67562 1.82678
-0.67761 1.82554
-0.68068 1.82188
-0.68525 1.81760
-0.68590 1.81214
-0.69125 1.80955
-0.69392 1.80813
-0.69796 1.80635
-0.70176 1.80471
-0.70403 1.80285
-0.70659 1.80086
-0.70902 1.79782
-0.71231 1.79334
-0.71496 1.78997
-0.71757 1.78652
-0.72020 1.78483
-0.72298 1.78253
-0.72684 1.78124
-0.73035 1.77969
-0.73363 1.77751
-0.73609 1.77400
-0.74059 1.77041
-0.74463 1.76638
-0.74683 1.76451
-0.75007 1.76265
-0.75253 1.76018
-0.75692 1.75771
-0.76066 1.75482
-0.76260 1.75294
-0.76234 1.75133
-0.76245 1.74787
-0.76531 1.74427
-0.76768 1.74007
-0.77346 1.73682
-0.77817 1.73552
-0.78255 1.73526
-0.78670 1.73367
-0.78841 1.73188
-0.78948 1.72935
-0.78896 1.72658
-0.79041 1.72363
-0.79114 1.71869
-0.79294 1.71371
-0.79545 1.70777
-0.79903 1.70620
-0.80257 1.70457
-0.80831 1.70326
-0.81261 1.70251
-0.81653 1.70094
-0.81825 1.69525
-0.82174 1.68896
-0.82266 1.68414
-0.82582 1.67456
-0.82704 1.67190
-0.83151 1.66971
-0.83476 1.66639
-0.84508 1.66062
-0.85098 1.65002
-0.85288 1.64535
-0.85683 1.64147
-0.86009 1.63886
-0.86610 1.63541
-0.86625 1.63531
-0.86933 1.63177
-0.87072 1.62806
-0.87253 1.62420
-0.87258 1.62408
-0.87294 1.61971
-0.87723 1.61262
-0.88714 1.60371
-0.88987 1.60366
-0.89164 1.60544
-0.89297 1.60494
-0.89859 1.59418
-0.89873 1.59396
-0.90142 1.58712
-0.90601 1.57480
-0.90601 1.57480
-0.91097 1.57334
-0.91219 1.57039
-0.91245 1.56813
-0.91369 1.56451
-0.91935 1.55578
-0.91950 1.55554
-0.92190 1.54990
-0.92302 1.54786
-0.92400 1.54479
-0.92618 1.54326
-0.92847 1.54143
-0.93228 1.53990
-0.93392 1.53793
-0.93702 1.53561
-0.93959 1.52975
-0.94208 1.52442
-0.94494 1.52008
-0.94528 1.51744
-0.94677 1.51512
-0.94851 1.51324
-0.95022 1.51156
-0.95096 1.51105
-0.95365 1.51013
-0.95383 1.50742
-0.95546 1.49903
-0.95586 1.49087
-0.95710 1.48098
-0.95966 1.47352
-0.96154 1.47054
-0.96724 1.47001
-0.96957 1.47132
-0.97219 1.47121
-0.97348 1.46863
-0.97194 1.46474
-0.97105 1.46035
-0.96974 1.45541
-0.97069 1.45018
-0.97335 1.44505
-0.97420 1.44047
-0.97745 1.43456
-0.98023 1.43011
-0.98232 1.42895
-0.98466 1.42792
-0.98626 1.42417
-0.98723 1.42115
-0.98620 1.42060
-0.98874 1.41813
-0.99380 1.41115
-0.99466 1.40482
-0.99628 1.39658
-0.99769 1.39531
-0.99891 1.39550
-1.00007 1.39376
-1.00165 1.39301
-1.00074 1.38953
-1.00125 1.38380
-1.00217 1.37653
-1.00430 1.37133
-1.00645 1.36675
-1.01125 1.36230
-1.01401 1.36041
-1.01460 1.35779
-1.01384 1.35733
-1.01344 1.35429
-1.01263 1.34709
-1.01243 1.34094
-1.01378 1.33665
-1.01570 1.33399
-1.01881 1.33095
-1.02059 1.32891
-1.02277 1.32383
-1.02410 1.32031
-1.02587 1.31650
-1.02850 1.31425
-1.02948 1.31144
-1.02836 1.30640
-1.02778 1.30044
-1.02815 1.29458
-1.02945 1.29183
-1.03077 1.29055
-1.03371 1.28769
-1.03380 1.28696
-1.03367 1.28363
-1.03588 1.28097
-1.03805 1.27684
-1.04128 1.27389
-1.04196 1.26823
-1.04072 1.26156
-1.03970 1.25501
-1.04137 1.25220
-1.04413 1.24742
-1.04387 1.24308
-1.04464 1.23994
-1.04450 1.23794
-1.04519 1.23468
-1.04395 1.23026
-1.04477 1.22630
-1.04685 1.22077
-1.04787 1.21684
-1.05155 1.21321
-1.05392 1.21124
-1.05561 1.20955
-1.05508 1.20831
-1.05499 1.20458
-1.05433 1.19971
-1.05387 1.19184
-1.05413 1.18649
-1.05594 1.18428
-1.05632 1.18158
-1.05585 1.17830
-1.05710 1.17481
-1.05881 1.17023
-1.06030 1.16472
-1.06006 1.15951
-1.05937 1.15556
-1.06048 1.15291
-1.06159 1.15040
-1.06222 1.14893
-1.06275 1.14608
-1.06152 1.14077
-1.06330 1.12268
-1.06320 1.11813
-1.06299 1.11231
-1.06298 1.11216
-1.06244 1.10998
-1.06327 1.10679
-1.06469 1.10337
-1.06734 1.10129
-1.06821 1.09633
-1.06722 1.07819
-1.06460 1.07432
-1.06363 1.07135
-1.06422 1.06763
-1.06826 1.05853
-1.06859 1.05505
-1.06858 1.05005
-1.06818 1.04686
-1.06934 1.04230
-1.06932 1.03829
-1.06765 1.03398
-1.06626 1.02998
-1.06608 1.02555
-1.06957 1.01880
-1.06965 1.01863
-1.06882 1.01529
-1.06874 1.01299
-1.06832 1.01064
-1.06550 1.00363
-1.06546 1.00344
-1.06517 0.99849
-1.06710 0.99440
-1.06937 0.98961
-1.06851 0.98451
-1.06659 0.98020
-1.06652 0.96924
-1.06652 0.96715
-1.06370 0.95686
-1.06364 0.95660
-1.06285 0.94962
-1.06372 0.94265
-1.06451 0.93926
-1.06471 0.93877
-1.06419 0.93801
-1.06433 0.93752
-1.06611 0.93724
-1.06471 0.92908
-1.06466 0.92871
-1.06446 0.92235
-1.06462 0.91533
-1.06301 0.90287
-1.05982 0.90028
-1.05906 0.89772
-1.05983 0.89472
-1.05437 0.88681
-1.05427 0.88663
-1.05373 0.88226
-1.05844 0.86254
-1.06146 0.85914
-1.05993 0.85614
-1.05122 0.85317
-1.05037 0.85405
-1.04913 0.85037
-1.04953 0.84648
-1.04924 0.84215
-1.04805 0.83842
-1.04767 0.83448
-1.04753 0.83072
-1.04784 0.82659
-1.04653 0.82169
-1.04645 0.81680
-1.04524 0.81467
-1.04318 0.81146
-1.04139 0.80724
-1.04193 0.80285
-1.04079 0.79862
-1.04097 0.79479
-1.04202 0.78845
-1.04136 0.78421
-1.03823 0.78124
-1.03540 0.77781
-1.03360 0.77399
-1.03441 0.77154
-1.03394 0.76974
-1.03330 0.76574
-1.03181 0.76358
-1.03065 0.76044
-1.02859 0.75832
-1.02790 0.75252
-1.02726 0.74663
-1.02733 0.73769
-1.02667 0.72969
-1.02366 0.72363
-1.02241 0.72030
-1.02074 0.71834
-1.01916 0.71684
-1.02041 0.71600
-1.02001 0.71450
-1.01782 0.71387
-1.01665 0.71244
-1.01518 0.70753
-1.01475 0.70219
-1.01385 0.69712
-1.01281 0.68874
-1.01188 0.68257
-1.00997 0.67746
-1.00834 0.67188
-1.00781 0.66853
-1.00737 0.66695
-1.00509 0.66435
-1.00203 0.66060
-1.00002 0.65952
-0.99866 0.65970
-0.99675 0.65546
-0.99955 0.65247
-0.99710 0.64777
-0.99435 0.64053
-0.99227 0.63550
-0.99172 0.63019
-0.99199 0.62755
-0.99141 0.62439
-0.98939 0.62215
-0.98494 0.62095
-0.98219 0.61620
-0.98063 0.60984
-0.97866 0.60195
-0.97648 0.59892
-0.97758 0.59686
-0.98000 0.59374
-0.98097 0.59299
-0.97745 0.59025
-0.97165 0.58609
-0.96806 0.58323
-0.96577 0.58060
-0.96653 0.57942
-0.96586 0.57584
-0.95806 0.56922
-0.95817 0.56738
-0.95436 0.56720
-0.95115 0.56593
-0.95437 0.56164
-0.95639 0.55569
-0.95818 0.54719
-0.95278 0.54277
-0.94405 0.53445
-0.94358 0.53391
-0.93946 0.52952
-0.93869 0.52803
-0.93923 0.52866
-0.93794 0.52471
-0.93798 0.52329
-0.93748 0.52097
-0.92763 0.50171
-0.92400 0.49729
-0.92017 0.49069
-0.91831 0.48697
-0.90763 0.48099
-0.90454 0.47214
-0.90445 0.47193
-0.90210 0.46572
-0.89869 0.45653
-0.89859 0.45630
-0.89597 0.45451
-0.89458 0.45024
-0.89356 0.44907
-0.88810 0.44642
-0.88797 0.44636
-0.87676 0.43306
-0.87393 0.42625
-0.87386 0.42606
-0.87350 0.42329
-0.87178 0.42041
-0.86824 0.41747
-0.86595 0.41071
-0.86652 0.40910
-0.86512 0.40878
-0.86278 0.40464
-0.85386 0.39718
-0.85432 0.39379
-0.85140 0.38866
-0.84779 0.38532
-0.84387 0.38193
-0.84074 0.37994
-0.83618 0.37935
-0.83456 0.37654
-0.83101 0.37265
-0.83140 0.36741
-0.82896 0.36019
-0.82761 0.35311
-0.82761 0.35311
-0.82532 0.34984
-0.82367 0.34981
-0.81003 0.34567
-0.80723 0.34240
-0.80728 0.33854
-0.80520 0.33387
-0.80349 0.32935
-0.80093 0.32553
-0.79903 0.32142
-0.79602 0.31816
-0.79199 0.31648
-0.78856 0.31500
-0.78571 0.31201
-0.78322 0.31138
-0.78167 0.30963
-0.77970 0.30768
-0.77745 0.30426
-0.77406 0.30170
-0.77016 0.29762
-0.76678 0.29455
-0.76283 0.29267
-0.75863 0.29111
-0.75513 0.28779
-0.75315 0.28296
-0.75119 0.28025
-0.75091 0.27693
-0.74989 0.27437
-0.74788 0.27249
-0.74426 0.27196
-0.73886 0.27024
-0.73471 0.26778
-0.73197 0.26764
-0.72977 0.26191
-0.72903 0.25731
-0.72774 0.25303
-0.72691 0.25111
-0.72397 0.24824
-0.71755 0.24520
-0.71063 0.24443
-0.70710 0.24440
-0.70323 0.24423
-0.70504 0.24222
-0.70413 0.24031
-0.70228 0.23677
-0.70116 0.23127
-0.69783 0.22687
-0.69350 0.22484
-0.68875 0.22494
-0.68438 0.22461
-0.68214 0.22335
-0.67639 0.21958
-0.67287 0.21617
-0.66846 0.21300
-0.66736 0.20873
-0.66672 0.20818
-0.66474 0.20451
-0.66208 0.20126
-0.65805 0.19822
-0.65531 0.19717
-0.65080 0.19679
-0.64711 0.19351
-0.64508 0.19172
-0.64318 0.18735
-0.63992 0.18430
-0.63762 0.17978
-0.63437 0.17959
-0.63037 0.17941
-0.62582 0.17900
-0.62408 0.17876
-0.62101 0.17801
-0.61672 0.17564
-0.61235 0.17308
-0.60914 0.16579
-0.60709 0.16270
-0.60592 0.15912
-0.60232 0.15860
-0.59928 0.15805
-0.59284 0.15639
-0.58897 0.15422
-0.58426 0.14874
-0.58183 0.14677
-0.58018 0.14472
-0.57844 0.14289
-0.57680 0.14116
-0.57167 0.13825
-0.56437 0.13287
-0.56419 0.13276
-0.56128 0.13201
-0.55907 0.13134
-0.55408 0.13044
-0.55395 0.13041
-0.54995 0.12782
-0.54586 0.12599
-0.54295 0.12261
-0.54116 0.12121
-0.53732 0.11945
-0.53274 0.11799
-0.52946 0.11641
-0.52459 0.11682
-0.52063 0.11681
-0.51799 0.11408
-0.51602 0.11204
-0.51369 0.10886
-0.51191 0.10654
-0.50764 0.10368
-0.50177 0.10165
-0.49606 0.10049
-0.48775 0.10023
-0.48754 0.10023
-0.48686 0.10073
-0.48579 0.09887
-0.48215 0.09666
-0.47278 0.09213
-0.47255 0.09201
-0.46863 0.08776
-0.46624 0.08801
-0.45918 0.08511
-0.45902 0.08507
-0.45620 0.08284
-0.45415 0.08384
-0.44543 0.08240
-0.44523 0.08235
-0.44060 0.08012
-0.43432 0.07737
-0.42684 0.07213
-0.42664 0.07201
-0.42512 0.06978
-0.42335 0.07138
-0.42146 0.07080
-0.41246 0.06859
-0.41224 0.06854
-0.40840 0.06659
-0.40293 0.06386
-0.39504 0.06241
-0.39484 0.06237
-0.39218 0.06253
-0.38936 0.06111
-0.38744 0.05873
-0.38515 0.05706
-0.38238 0.05631
-0.37111 0.05380
-0.36707 0.05224
-0.36146 0.05166
-0.35598 0.05081
-0.35048 0.04858
-0.34768 0.04681
-0.34610 0.04414
-0.34488 0.04461
-0.33760 0.04089
-0.33746 0.04080
-0.33325 0.03804
-0.32948 0.03587
-0.32347 0.03581
-0.31851 0.03498
-0.31380 0.03443
-0.31028 0.03530
-0.30572 0.03516
-0.30110 0.03294
-0.29669 0.03045
-0.29255 0.02755
-0.28726 0.02661
-0.28319 0.02612
-0.28199 0.02567
-0.27953 0.02400
-0.27756 0.02323
-0.27508 0.02134
-0.27133 0.02045
-0.26656 0.01960
-0.26028 0.02000
-0.25654 0.02048
-0.25199 0.01970
-0.24888 0.01959
-0.24542 0.01849
-0.24281 0.01593
-0.23959 0.01507
-0.23547 0.01340
-0.22903 0.01102
-0.22392 0.00978
-0.21804 0.01170
-0.21302 0.01313
-0.20984 0.01313
-0.20958 0.01224
-0.20923 0.01021
-0.20837 0.00843
-0.20579 0.00696
-0.19945 0.00671
-0.19420 0.00710
-0.18657 0.00652
-0.18122 0.00658
-0.17730 0.00576
-0.17257 0.00587
-0.17208 0.00399
-0.16989 0.00258
-0.16770 0.00217
-0.16338 0.00333
-0.15788 0.00435
-0.15224 0.00436
-0.14845 0.00229
-0.14352 -0.00050
-0.13967 -0.00240
-0.13521 -0.00163
-0.13170 0.00062
-0.12882 0.00080
-0.12516 -0.00010
-0.12052 -0.00084
-0.11699 -0.00249
-0.11363 -0.00642
-0.11149 -0.00687
-0.10712 -0.00487
-0.10312 -0.00413
-0.09652 -0.00493
-0.09205 -0.00603
-0.08775 -0.00453
-0.08539 -0.00301
-0.08440 -0.00308
-0.08239 -0.00557
-0.07856 -0.00750
-0.07335 -0.00820
-0.06739 -0.00505
-0.06204 -0.00560
-0.05654 -0.00377
-0.05096 -0.00481
-0.04778 -0.00571
-0.04586 -0.00715
-0.04491 -0.00733
-0.04408 -0.00830
-0.03978 -0.00778
-0.03390 -0.00916
-0.02660 -0.00854
-0.02197 -0.00672
-0.01872 -0.00744
-0.01634 -0.00734
-0.01389 -0.00748
-0.01092 -0.00651
-0.00735 -0.00559
-0.00524 -0.00641
-0.00617 -0.00302
-0.00585 -0.00134
-0.00973 -0.00134
-0.01145 -0.00117
-0.01508 -0.00496
-0.01818 -0.00645
-0.02107 -0.00787
-0.01577 -0.00544
-0.01265 -0.00432
-0.01063 -0.00493
-0.00874 -0.00412
-0.00790 -0.00264
-0.00704 -0.00174
-0.00905 -0.00117
-0.01206 -0.00350
-0.01481 -0.00596
-0.01644 -0.00631
-0.01716 -0.00722
-0.01636 -0.00665
-0.01454 -0.00504
-0.00997 -0.00379
-0.00699 -0.00277
-0.00638 -0.00068
-0.00802 -0.00165
-0.01312 -0.00376
-0.01327 -0.00382
-0.01573 -0.00455
-0.01535 -0.00501
-0.01532 -0.00501
-0.01335 -0.00495
-0.01152 -0.00359
-0.01148 -0.00357
-0.01227 -0.00273
-0.01293 -0.00240
-0.01400 -0.00347
-0.01321 -0.00441
-0.01089 -0.00449
-0.01103 -0.00433
-0.01144 -0.00566
-0.01272 -0.00480
