-0.01318 0.00840
-0.01266 0.00854
-0.01244 0.00891
-0.01118 0.00540
-0.01096 0.00503
-0.00991 0.00540
-0.01050 0.00545
-0.01123 0.00660
-0.01163 0.00825
-0.01137 0.00783
-0.01253 0.00716
-0.01373 0.00598
-0.01290 0.00622
-0.01189 0.00645
-0.01079 0.00727
-0.00933 0.00760
-0.00933 0.00743
-0.01136 0.00689
-0.01201 0.00602
-0.01184 0.00534
-0.01109 0.00922
-0.01194 0.00832
-0.01195 0.00770
-0.00955 0.00553
-0.00950 0.00548
-0.00976 0.00650
-0.01054 0.00674
-0.01102 0.00769
-0.01311 0.00786
-0.01315 0.00785
-0.01278 0.00832
-0.01208 0.00810
-0.00932 0.00806
-0.00855 0.00715
-0.00977 0.00694
-0.00977 0.00693
-0.01042 0.00721
-0.00990 0.00753
-0.00953 0.00737
-0.01048 0.00626
-0.01078 0.00643
-0.01061 0.00850
-0.00997 0.00901
-0.00900 0.00948
-0.00967 0.00862
-0.01078 0.00839
-0.01099 0.00745
-0.01105 0.00677
-0.01002 0.00648
-0.01155 0.00780
-0.01081 0.00789
-0.00952 0.00763
-0.00998 0.00748
-0.00961 0.00611
-0.01028 0.00812
-0.01212 0.00785
-0.01209 0.00833
-0.00933 0.00772
-0.00918 0.00769
-0.00902 0.00782
-0.01093 0.00674
-0.01092 0.00815
-0.00992 0.00817
-0.00954 0.00714
-0.00863 0.00667
-0.00921 0.00692
-0.00923 0.00652
-0.01037 0.00692
-0.01090 0.00760
-0.01031 0.00729
-0.01047 0.00708
-0.01081 0.00633
-0.01093 0.00659
-0.01005 0.00714
-0.00920 0.00743
-0.00961 0.00785
-0.00941 0.00879
-0.00994 0.00861
-0.01118 0.00900
-0.01223 0.00621
-0.01136 0.00536
-0.00915 0.00634
-0.00886 0.00756
-0.00987 0.00718
-0.01009 0.00802
-0.01071 0.00760
-0.01144 0.00779
-0.01235 0.00727
-0.01346 0.00829
-0.01197 0.00873
-0.01040 0.00801
-0.00974 0.00510
-0.00911 0.00426
-0.01043 0.00420
-0.01121 0.00391
-0.01232 0.00625
-0.01269 0.00566
-0.01303 0.00702
-0.01162 0.00881
-0.00978 0.00995
-0.00939 0.00764
-0.00949 0.00617
-0.00872 0.00731
-0.00955 0.00749
-0.01009 0.00693
-0.00853 0.00743
-0.00986 0.00682
-0.01024 0.00715
-0.01107 0.00692
-0.01332 0.00654
-0.01148 0.00782
-0.01082 0.00611
-0.01073 0.00543
-0.00917 0.00634
-0.00840 0.00838
-0.00804 0.00835
-0.00900 0.00593
-0.01156 0.00473
-0.01079 0.00659
-0.01049 0.00689
-0.00110 0.00740
0.00538 0.00812
0.01336 0.00825
0.01850 0.00795
0.02165 0.00562
0.02598 0.00427
0.02833 0.00224
0.03044 0.00473
0.03307 0.00791
0.03608 0.01136
0.03814 0.01200
0.04172 0.01211
0.04544 0.01184
0.04971 0.01121
0.05447 0.01113
0.05941 0.01209
0.06702 0.01282
0.07284 0.01353
0.07812 0.01361
0.08158 0.01413
0.08279 0.01507
0.08463 0.01533
0.08784 0.01468
0.09113 0.01484
0.09592 0.01508
0.10152 0.01547
0.10721 0.01733
0.11060 0.01771
0.11511 0.01887
0.11619 0.01929
0.11772 0.02076
0.12291 0.02116
0.12705 0.02126
0.13309 0.02400
0.13647 0.02345
0.13879 0.02431
0.14192 0.02381
0.14515 0.02502
0.14865 0.02667
0.15115 0.02745
0.15551 0.02919
0.15923 0.02973
0.16954 0.02869
0.17255 0.02878
0.17626 0.03033
0.18887 0.03012
0.18914 0.03012
0.19326 0.03241
0.20402 0.03555
0.20629 0.03549
0.20934 0.03559
0.21319 0.03574
0.21733 0.03759
0.22097 0.03985
0.22272 0.04058
0.22473 0.04122
0.22731 0.04119
0.23147 0.04309
0.23633 0.04642
0.24093 0.04881
0.25605 0.04889
0.26623 0.05515
0.26648 0.05529
0.27100 0.05661
0.27350 0.05639
0.27711 0.05901
0.27720 0.05907
0.27950 0.05980
0.28256 0.06128
0.28475 0.06098
0.28943 0.06364
0.29278 0.06628
0.29777 0.06715
0.30303 0.06772
0.30563 0.06959
0.31077 0.07168
0.32516 0.07591
0.32550 0.07715
0.32739 0.07833
0.33021 0.08060
0.33420 0.08303
0.33967 0.08472
0.34309 0.08613
0.34562 0.08478
0.34901 0.08329
0.35088 0.08751
0.35376 0.09183
0.35898 0.09268
0.36339 0.09388
0.36944 0.09428
0.37484 0.09475
0.37969 0.09588
0.38226 0.09759
0.38428 0.10106
0.38575 0.10337
0.38798 0.10433
0.38980 0.10330
0.39254 0.10227
0.39569 0.10331
0.40096 0.10562
0.40594 0.10863
0.41040 0.11200
0.41542 0.11588
0.41929 0.11816
0.42210 0.11932
0.42244 0.11925
0.42306 0.11949
0.42645 0.12180
0.43065 0.12382
0.43531 0.12673
0.44202 0.12840
0.44559 0.13150
0.45022 0.13298
0.45454 0.13579
0.45741 0.13838
0.45779 0.14175
0.45948 0.14130
0.46074 0.14269
0.46618 0.14193
0.47092 0.14152
0.47432 0.14426
0.47733 0.14778
0.48076 0.14903
0.48569 0.15415
0.48961 0.15706
0.49484 0.16025
0.49676 0.16076
0.49945 0.16117
0.50181 0.15960
0.50330 0.16210
0.50524 0.16570
0.50692 0.16532
0.51043 0.16631
0.51405 0.16994
0.51694 0.17593
0.52372 0.17949
0.53293 0.18283
0.53768 0.18395
0.53999 0.18910
0.54391 0.19012
0.54417 0.19276
0.54265 0.19663
0.54389 0.19867
0.54720 0.20113
0.55007 0.20196
0.55369 0.20320
0.55909 0.20377
0.56406 0.20543
0.56915 0.20793
0.57287 0.21116
0.57564 0.21517
0.57713 0.21721
0.58044 0.21886
0.58323 0.21885
0.58447 0.21910
0.58617 0.22039
0.58876 0.22416
0.59042 0.22695
0.59455 0.23158
0.59844 0.23497
0.60306 0.23831
0.60719 0.24123
0.61145 0.24432
0.61469 0.24584
0.61700 0.24788
0.61989 0.25026
0.62146 0.25212
0.62446 0.25567
0.62674 0.25983
0.62786 0.25976
0.63174 0.26098
0.63657 0.26417
0.63971 0.26621
0.64223 0.27134
0.64460 0.27454
0.64802 0.27736
0.65235 0.27995
0.65555 0.28124
0.65775 0.28221
0.65957 0.28237
0.65844 0.28299
0.65967 0.28568
0.66163 0.28724
0.66355 0.29042
0.66865 0.29536
0.67290 0.29912
0.67887 0.30364
0.68404 0.30336
0.68891 0.30255
0.69007 0.30615
0.68882 0.31344
0.68974 0.31904
0.69249 0.32427
0.69736 0.32790
0.70233 0.32848
0.70566 0.32927
0.70599 0.32993
0.70545 0.33123
0.70823 0.33644
0.71129 0.33687
0.71360 0.34087
0.71864 0.34404
0.72206 0.34956
0.72409 0.35116
0.72499 0.35121
0.72629 0.35391
0.72894 0.35886
0.73951 0.37702
0.74388 0.37975
0.74552 0.38148
0.74763 0.38322
0.74976 0.38419
0.75144 0.38618
0.75232 0.38749
0.75517 0.39077
0.75718 0.39247
0.76302 0.39976
0.76316 0.39995
0.76580 0.40507
0.77531 0.41389
0.77857 0.41644
0.77922 0.41859
0.77898 0.42195
0.77971 0.42564
0.78049 0.42803
0.78396 0.42960
0.78667 0.43345
0.79108 0.43824
0.79156 0.44502
0.79632 0.44704
0.79903 0.44854
0.80121 0.45091
0.80310 0.45735
0.80596 0.46364
0.80604 0.46381
0.80849 0.46457
0.81151 0.46561
0.81499 0.46746
0.81719 0.47293
0.82023 0.47793
0.82112 0.48271
0.82167 0.48442
0.82244 0.48716
0.82660 0.48998
0.82817 0.49475
0.82961 0.49979
0.83151 0.50416
0.83370 0.50638
0.83455 0.50843
0.83982 0.51704
0.84194 0.51909
0.84418 0.52311
0.84786 0.52680
0.85031 0.53008
0.85179 0.53511
0.85661 0.55033
0.85958 0.55301
0.86115 0.55520
0.86542 0.56051
0.86552 0.56068
0.86609 0.56503
0.86915 0.57504
0.86922 0.57528
0.87323 0.57875
0.87683 0.58126
0.88096 0.58551
0.88113 0.58567
0.87995 0.58775
0.88089 0.59574
0.88093 0.59594
0.88338 0.59922
0.88590 0.60159
0.88822 0.60488
0.88812 0.60739
0.89075 0.61315
0.89600 0.62651
0.89604 0.62661
0.89875 0.62908
0.89898 0.62976
0.90302 0.64297
0.90393 0.64680
0.90693 0.65086
0.90791 0.65337
0.90978 0.65448
0.91067 0.65627
0.91148 0.65937
0.91189 0.66274
0.91336 0.66613
0.91492 0.66902
0.91702 0.67189
0.91822 0.67617
0.91972 0.68080
0.92062 0.68683
0.92194 0.69285
0.92260 0.69632
0.92403 0.70052
0.92625 0.70346
0.92738 0.70591
0.92932 0.71004
0.93093 0.71311
0.93104 0.71591
0.93052 0.71814
0.92990 0.72075
0.93077 0.72242
0.93326 0.72576
0.93500 0.73094
0.93812 0.73580
0.93924 0.74102
0.93894 0.74622
0.94015 0.75246
0.94173 0.75579
0.94383 0.75857
0.94553 0.75896
0.94546 0.76206
0.94537 0.76659
0.94533 0.76996
0.94637 0.77286
0.94668 0.77888
0.94891 0.78334
0.94840 0.78560
0.94996 0.79030
0.95132 0.79470
0.95227 0.79946
0.95227 0.80390
0.95365 0.80724
0.95599 0.80913
0.95820 0.81393
0.95914 0.81641
0.96031 0.81878
0.95675 0.82493
0.95766 0.83062
0.95852 0.83506
0.96069 0.83841
0.96221 0.83968
0.96433 0.84189
0.96564 0.84577
0.96577 0.85080
0.96498 0.85484
0.96509 0.85667
0.96523 0.86056
0.96674 0.86575
0.96895 0.87149
0.97111 0.87698
0.97179 0.87990
0.97287 0.88265
0.97086 0.88576
0.96933 0.88884
0.97050 0.89181
0.97153 0.89515
0.97301 0.89942
0.97436 0.90345
0.97434 0.90862
0.97310 0.91418
0.97306 0.91892
0.97403 0.92397
0.97603 0.92873
0.97680 0.93230
0.97820 0.93619
0.97715 0.93923
0.97596 0.94066
0.97583 0.94235
0.97590 0.94345
0.97661 0.94751
0.97676 0.95288
0.97668 0.95849
0.97856 0.96366
0.97853 0.96913
0.97838 0.97493
0.97741 0.97604
0.97804 0.97905
0.98115 0.98223
0.98077 0.98594
0.97916 0.98999
0.97692 0.99382
0.97769 0.99778
0.97934 1.00135
0.98090 1.00786
0.97919 1.01452
0.97816 1.01892
0.97922 1.02343
0.98198 1.03532
0.98202 1.03561
0.98111 1.03767
0.98020 1.03938
0.97941 1.04230
0.98019 1.04257
0.97934 1.04286
0.97959 1.04636
0.97897 1.04865
0.98048 1.05836
0.98048 1.05836
0.97959 1.06567
0.97880 1.07268
0.97950 1.07787
0.97995 1.08399
0.97995 1.08406
0.97997 1.08743
0.97938 1.09702
0.97940 1.09719
0.98117 1.10013
0.98176 1.10368
0.98096 1.10693
0.97852 1.10943
0.97356 1.11367
0.97341 1.11386
0.97667 1.11919
0.98060 1.12551
0.98131 1.13110
0.97905 1.13474
0.97753 1.13889
0.97731 1.14337
0.97599 1.14808
0.97610 1.15242
0.97623 1.15812
0.97500 1.16037
0.97313 1.16204
0.97354 1.16383
0.97328 1.16622
0.97197 1.16662
0.96936 1.16922
0.96796 1.17253
0.96673 1.18199
0.96669 1.18221
0.96761 1.19002
0.96667 1.20759
0.96381 1.21121
0.96235 1.21312
0.96375 1.21830
0.96430 1.22510
0.96429 1.22527
0.96180 1.22661
0.95965 1.22931
0.96024 1.23717
0.95794 1.24184
0.95664 1.24491
0.95630 1.24470
0.95518 1.24748
0.95509 1.25052
0.95383 1.25391
0.95331 1.25817
0.95200 1.26265
0.94919 1.26859
0.94969 1.27261
0.94859 1.27857
0.94735 1.28409
0.94666 1.28937
0.94502 1.29412
0.94342 1.30077
0.94261 1.30486
0.94179 1.30869
0.94299 1.30851
0.94383 1.31134
0.94374 1.31028
0.94108 1.31320
0.93754 1.31605
0.93280 1.33120
0.93378 1.33844
0.93264 1.35030
0.93260 1.35058
0.93044 1.35231
0.92819 1.35987
0.92811 1.36268
0.92554 1.36498
0.92245 1.36823
0.91916 1.37234
0.91656 1.37853
0.91765 1.38360
0.91712 1.38887
0.91449 1.39346
0.91436 1.39838
0.91271 1.40524
0.91073 1.40804
0.91055 1.41215
0.90970 1.41707
0.90809 1.41847
0.90427 1.41882
0.90477 1.42011
0.90406 1.42115
0.90326 1.42387
0.90012 1.42807
0.89785 1.43208
0.89642 1.43794
0.89578 1.44322
0.89517 1.44860
0.89396 1.45432
0.89281 1.46088
0.88991 1.46728
0.88584 1.47075
0.88404 1.47224
0.88058 1.47388
0.87912 1.47606
0.87896 1.47797
0.88239 1.47845
0.88353 1.48109
0.88087 1.48496
0.87953 1.49015
0.87571 1.49616
0.87238 1.50175
0.86864 1.50528
0.86567 1.50840
0.86575 1.51326
0.86561 1.51489
0.86337 1.51683
0.85975 1.52029
0.85906 1.52264
0.85791 1.52780
0.85566 1.53175
0.85429 1.53401
0.85113 1.53532
0.84917 1.53772
0.84818 1.54262
0.84751 1.54602
0.84653 1.55215
0.84581 1.55642
0.84293 1.56090
0.83852 1.56592
0.83503 1.56856
0.83397 1.56851
0.83094 1.57065
0.82946 1.57351
0.82731 1.57642
0.82729 1.58045
0.82557 1.58660
0.82077 1.59166
0.81647 1.59869
0.81496 1.59816
0.81493 1.59827
0.81273 1.59769
0.81188 1.59765
0.81100 1.59928
0.80838 1.60321
0.80545 1.60799
0.80340 1.61572
0.80173 1.62075
0.79917 1.62369
0.79600 1.62798
0.79376 1.63227
0.79087 1.63523
0.78760 1.63708
0.78444 1.63976
0.78298 1.64142
0.78178 1.64361
0.78001 1.64498
0.77788 1.64738
0.77530 1.65132
0.77305 1.65451
0.77027 1.65834
0.76918 1.66201
0.76774 1.66781
0.76573 1.67198
0.76196 1.67605
0.75863 1.67719
0.75561 1.67793
0.75368 1.67817
0.75197 1.68048
0.74686 1.69716
0.74249 1.70081
0.73981 1.70144
0.73722 1.70169
0.73150 1.70835
0.73135 1.70849
0.72840 1.71169
0.72662 1.71608
0.72444 1.72076
0.72157 1.72679
0.72153 1.72694
0.71998 1.72815
0.71749 1.72893
0.71458 1.73292
0.70960 1.73725
0.69937 1.74321
0.69913 1.74335
0.69763 1.74383
0.69753 1.74387
0.69734 1.74394
0.69506 1.74522
0.69107 1.74593
0.68657 1.75043
0.68507 1.75564
0.67661 1.76364
0.67700 1.76409
0.67390 1.76740
0.66884 1.77145
0.66884 1.77145
0.66638 1.77312
0.66568 1.77493
0.66520 1.77756
0.65696 1.78445
0.65674 1.78461
0.65157 1.78810
0.64776 1.79110
0.64565 1.79546
0.64558 1.79556
0.64446 1.79755
0.64243 1.79949
0.63960 1.80103
0.63528 1.80362
0.62945 1.80696
0.62392 1.81174
0.62296 1.81627
0.62068 1.81932
0.61990 1.82110
0.61635 1.82368
0.61561 1.82574
0.61303 1.82690
0.60766 1.83052
0.60192 1.83347
0.59823 1.83651
0.59535 1.83844
0.59355 1.83919
0.59246 1.83967
0.58949 1.84168
0.58695 1.84326
0.58575 1.84429
0.57811 1.85139
0.57792 1.85156
0.57581 1.85536
0.57227 1.85856
0.56639 1.86035
0.56624 1.86041
0.56378 1.85903
0.56096 1.86048
0.55727 1.86287
0.55297 1.86766
0.55062 1.87260
0.54564 1.87631
0.53514 1.88314
0.53116 1.88291
0.52922 1.88324
0.52560 1.88462
0.52551 1.88821
0.52283 1.89138
0.51922 1.89324
0.51634 1.89621
0.51297 1.89776
0.50540 1.90169
0.50520 1.90179
0.50180 1.90420
0.49828 1.90661
0.49504 1.90925
0.49224 1.91206
0.48903 1.91358
0.48664 1.91471
0.48571 1.91547
0.48305 1.91520
0.47873 1.91596
0.47380 1.91841
0.46815 1.92267
0.46354 1.92847
0.46092 1.93306
0.45869 1.93416
0.45515 1.93521
0.45252 1.93457
0.44932 1.93451
0.44557 1.93637
0.44270 1.93684
0.43985 1.93959
0.43705 1.94043
0.43217 1.94252
0.42559 1.94458
0.42399 1.94656
0.42241 1.94959
0.42025 1.95207
0.41724 1.95495
0.41114 1.95615
0.40714 1.95657
0.40178 1.95802
0.39895 1.96098
0.39495 1.96414
0.39341 1.96625
0.39051 1.96668
0.38864 1.96682
0.38307 1.96620
0.37920 1.96834
0.37739 1.97072
0.37375 1.97298
0.37110 1.97431
0.36953 1.97534
0.36358 1.97445
0.35701 1.97837
0.35311 1.98015
0.35125 1.98265
0.34818 1.98458
0.34621 1.98517
0.34279 1.98509
0.33811 1.98556
0.33148 1.98918
0.32558 1.99311
0.32081 1.99573
0.31742 1.99447
0.31699 1.99418
0.31551 1.99368
0.31346 1.99494
0.31008 1.99663
0.30470 1.99870
0.29937 2.00093
0.29535 2.00290
0.29136 2.00410
0.28620 2.00611
0.28328 2.00721
0.28111 2.00836
0.28087 2.00951
0.27727 2.01036
0.27513 2.01099
0.27137 2.00911
0.26705 2.00868
0.26225 2.00890
0.25661 2.01150
0.25209 2.01482
0.24754 2.01870
0.24371 2.02151
0.24017 2.02403
0.23689 2.02470
0.23456 2.02361
0.23100 2.02347
0.22634 2.02338
0.21907 2.02629
0.21594 2.03061
0.21411 2.03279
0.20847 2.03412
0.20459 2.03427
0.19988 2.03142
0.19590 2.03078
0.19185 2.03169
0.18938 2.03113
0.18804 2.03351
0.18844 2.03485
0.18538 2.03652
0.18025 2.03989
0.17508 2.04114
0.16812 2.04120
0.16212 2.04003
0.15968 2.03867
0.15834 2.03861
0.15460 2.03908
0.15000 2.04341
0.14683 2.04626
0.14137 2.04734
0.13908 2.04936
0.13296 2.04616
0.13296 2.04616
0.12986 2.04688
0.12637 2.04701
0.12299 2.04701
0.11772 2.04768
0.11330 2.04896
0.10881 2.05017
0.10429 2.05040
0.09996 2.05288
0.09689 2.05475
0.08878 2.05584
0.08856 2.05584
0.08608 2.05409
0.08274 2.05326
0.07739 2.05213
0.07464 2.05212
0.07172 2.05243
0.06920 2.05389
0.05943 2.05661
0.05919 2.05667
0.05441 2.05955
0.04907 2.06010
0.04414 2.06066
0.04154 2.06088
0.03926 2.05949
0.03701 2.05874
0.03410 2.06003
0.02726 2.06090
0.02318 2.06079
0.01211 2.06123
0.00963 2.06075
0.00481 2.06126
-0.00471 2.06382
-0.00493 2.06386
-0.00639 2.06590
-0.01182 2.06484
-0.01546 2.06136
-0.01984 2.06059
-0.02419 2.05751
-0.02893 2.06006
-0.03188 2.06041
-0.03372 2.06105
-0.03787 2.06357
-0.04097 2.06525
-0.04606 2.06438
-0.05091 2.06679
-0.06078 2.06162
-0.06078 2.06162
-0.06423 2.05994
-0.07173 2.06170
-0.07087 2.06268
-0.07304 2.06380
-0.07685 2.06373
-0.08027 2.06287
-0.08429 2.06081
-0.08875 2.05920
-0.09299 2.05901
-0.09957 2.06211
-0.09972 2.06219
-0.10360 2.06195
-0.10915 2.06032
-0.11526 2.06082
-0.12276 2.06041
-0.12295 2.06039
-0.12659 2.05834
-0.12834 2.05644
-0.14204 2.05536
-0.14530 2.05676
-0.15441 2.05627
-0.15463 2.05627
-0.15828 2.05537
-0.16381 2.05461
-0.16892 2.05362
-0.17276 2.05415
-0.17658 2.05506
-0.18066 2.05529
-0.18217 2.05436
-0.18426 2.05489
-0.18607 2.05435
-0.18946 2.05315
-0.19465 2.05092
-0.19990 2.04982
-0.20341 2.05018
-0.20758 2.04810
-0.21273 2.04627
-0.21823 2.04353
-0.22019 2.04209
-0.22321 2.04395
-0.22854 2.04560
-0.23249 2.04755
-0.23543 2.04680
-0.24087 2.04498
-0.24588 2.04489
-0.25131 2.04379
-0.25482 2.04204
-0.25476 2.03833
-0.25499 2.03632
-0.25894 2.03518
-0.26335 2.03507
-0.26658 2.03443
-0.27221 2.03713
-0.27783 2.03619
-0.28150 2.03567
-0.28467 2.03428
-0.28698 2.03125
-0.29190 2.02983
-0.29494 2.02973
-0.29707 2.02844
-0.29903 2.02704
-0.30320 2.02644
-0.30605 2.02525
-0.30979 2.02256
-0.31374 2.02086
-0.31806 2.02055
-0.32258 2.01987
-0.32877 2.02086
-0.33458 2.02028
-0.33897 2.02186
-0.34134 2.01967
-0.34481 2.01713
-0.34907 2.01342
-0.35202 2.01266
-0.35490 2.01290
-0.35755 2.01345
-0.35802 2.01341
-0.36157 2.00996
-0.36416 2.00775
-0.36949 2.00473
-0.37427 2.00257
-0.37748 2.00102
-0.38043 2.00133
-0.38408 2.00116
-0.38924 2.00070
-0.39589 2.00047
-0.40079 2.00019
-0.40424 1.99844
-0.40534 1.99573
-0.40826 1.99438
-0.41102 1.99271
-0.41238 1.98954
-0.41761 1.98515
-0.42098 1.98447
-0.42526 1.98393
-0.42941 1.98554
-0.43203 1.98747
-0.43688 1.98723
-0.44089 1.98272
-0.44614 1.97622
-0.45056 1.97125
-0.45449 1.97093
-0.45778 1.97494
-0.46028 1.97683
-0.46459 1.97650
-0.46633 1.97274
-0.46802 1.96860
-0.47116 1.96433
-0.47417 1.96067
-0.47764 1.95859
-0.48062 1.95772
-0.48344 1.95663
-0.48599 1.95520
-0.49022 1.95342
-0.49449 1.95173
-0.49947 1.94934
-0.50677 1.94745
-0.51075 1.94683
-0.51265 1.94700
-0.51216 1.94727
-0.51323 1.94512
-0.51577 1.94165
-0.52019 1.93674
-0.53448 1.93016
-0.53880 1.93195
-0.54152 1.93210
-0.54525 1.93182
-0.54896 1.92923
-0.55354 1.92578
-0.55921 1.92251
-0.56287 1.91900
-0.56488 1.91837
-0.56650 1.91902
-0.57173 1.91336
-0.57201 1.91315
-0.57518 1.91068
-0.57894 1.90594
-0.58192 1.90445
-0.59099 1.89799
-0.59601 1.89251
-0.59809 1.89118
-0.60025 1.89091
-0.61227 1.88950
-0.61247 1.88947
-0.61778 1.88757
-0.62291 1.88496
-0.62542 1.88327
-0.62636 1.88088
-0.62673 1.87818
-0.62694 1.87461
-0.62736 1.87173
-0.62829 1.86891
-0.62989 1.86629
-0.63441 1.86206
-0.64283 1.85668
-0.64322 1.85638
-0.64741 1.85496
-0.65300 1.85502
-0.65722 1.85488
-0.67114 1.84701
-0.67421 1.84465
-0.67566 1.84303
-0.67669 1.83743
-0.67672 1.83727
-0.67783 1.83527
-0.68224 1.83184
-0.68676 1.82886
-0.69127 1.82868
-0.69350 1.82789
-0.69423 1.82894
-0.69769 1.82504
-0.70152 1.82077
-0.70584 1.81830
-0.71028 1.81513
-0.71295 1.81189
-0.71693 1.80990
-0.72153 1.80847
-0.72152 1.80439
-0.72042 1.79952
-0.72069 1.79614
-0.72259 1.79512
-0.72708 1.79387
-0.73121 1.79215
-0.73453 1.78729
-0.73858 1.78521
-0.74272 1.78255
-0.74512 1.77735
-0.74726 1.77520
-0.75408 1.77506
-0.75777 1.77308
-0.76068 1.76886
-0.76240 1.76491
-0.76447 1.76065
-0.76720 1.75734
-0.76958 1.75655
-0.77242 1.75523
-0.77327 1.75232
-0.77519 1.74979
-0.77567 1.74653
-0.77763 1.74286
-0.78175 1.73821
-0.78444 1.73416
-0.78830 1.73057
-0.79165 1.72724
-0.79553 1.72565
-0.79878 1.72551
-0.80086 1.72499
-0.80442 1.72245
-0.80668 1.72006
-0.81147 1.71735
-0.81505 1.71409
-0.81903 1.71113
-0.82003 1.70601
-0.81958 1.70245
-0.82043 1.69954
-0.82207 1.69822
-0.82482 1.69556
-0.82735 1.69030
-0.82958 1.68551
-0.83158 1.68292
-0.83233 1.68015
-0.83688 1.67838
-0.83968 1.67643
-0.84360 1.67505
-0.84355 1.67100
-0.84445 1.66781
-0.84536 1.66420
-0.84918 1.66147
-0.85478 1.65645
-0.85935 1.65047
-0.86257 1.64742
-0.86354 1.64959
-0.86377 1.64899
-0.86452 1.64621
-0.86767 1.64152
-0.87072 1.63736
-0.87460 1.63289
-0.87717 1.63153
-0.87803 1.62989
-0.88061 1.62598
-0.88516 1.62262
-0.88717 1.61886
-0.88851 1.61750
-0.88880 1.61398
-0.89121 1.61021
-0.89570 1.60688
-0.89764 1.60367
-0.89789 1.60031
-0.89813 1.59704
-0.89950 1.59424
-0.90291 1.59063
-0.90650 1.58829
-0.90781 1.58578
-0.90974 1.58356
-0.91271 1.58223
-0.91657 1.57962
-0.91799 1.57597
-0.92084 1.57160
-0.92392 1.56606
-0.92636 1.56114
-0.92767 1.55758
-0.92725 1.55540
-0.92698 1.55306
-0.92870 1.54771
-0.93071 1.54189
-0.93382 1.53717
-0.93677 1.53402
-0.93957 1.53309
-0.94030 1.52998
-0.94132 1.52628
-0.94432 1.52262
-0.94509 1.52115
-0.94874 1.51971
-0.95217 1.51685
-0.95525 1.51345
-0.95579 1.50889
-0.95650 1.50372
-0.95507 1.49886
-0.95515 1.49404
-0.95633 1.49183
-0.95930 1.48986
-0.96202 1.48700
-0.96507 1.48505
-0.96547 1.48153
-0.96622 1.47546
-0.96700 1.46991
-0.97010 1.46421
-0.97344 1.46181
-0.97849 1.46224
-0.98232 1.46113
-0.98166 1.45956
-0.97923 1.45246
-0.97930 1.44662
-0.98395 1.44026
-0.98661 1.43491
-0.98994 1.43244
-0.99227 1.42917
-0.98723 1.42600
-0.98716 1.42589
-0.98850 1.42317
-0.99189 1.41906
-0.99491 1.41369
-0.99645 1.40831
-0.99739 1.40417
-0.99846 1.40113
-0.99914 1.39945
-0.99930 1.39850
-1.00087 1.39614
-1.00332 1.39357
-1.00763 1.38447
-1.00773 1.38424
-1.00986 1.37880
-1.01135 1.37322
-1.01180 1.36848
-1.01362 1.35467
-1.01633 1.35264
-1.01964 1.34910
-1.01891 1.34314
-1.01893 1.34298
-1.02101 1.33964
-1.02174 1.33647
-1.02212 1.33263
-1.02444 1.32897
-1.02528 1.31942
-1.02531 1.31920
-1.02682 1.31546
-1.02825 1.31220
-1.03241 1.30723
-1.03250 1.30711
-1.03280 1.30543
-1.03507 1.30143
-1.03701 1.29515
-1.03707 1.29500
-1.03769 1.28970
-1.03916 1.28420
-1.03938 1.27772
-1.03949 1.27243
-1.04180 1.26613
-1.04183 1.26594
-1.04251 1.26468
-1.04298 1.26179
-1.04197 1.26219
-1.04066 1.25979
-1.04185 1.25239
-1.04386 1.24475
-1.05005 1.23656
-1.04964 1.23636
-1.04954 1.23353
-1.04865 1.22967
-1.04969 1.22358
-1.04974 1.22341
-1.05116 1.21918
-1.05198 1.21381
-1.05306 1.20860
-1.05477 1.20412
-1.05668 1.20062
-1.05509 1.19718
-1.05402 1.19463
-1.05310 1.19306
-1.05442 1.19128
-1.05555 1.18881
-1.05694 1.18230
-1.05921 1.17592
-1.06109 1.16939
-1.06133 1.16283
-1.05959 1.15839
-1.06012 1.15558
-1.06077 1.15535
-1.06204 1.15483
-1.06279 1.15347
-1.06177 1.14893
-1.06327 1.14494
-1.06372 1.13933
-1.06158 1.13387
-1.06243 1.12924
-1.06337 1.12451
-1.06616 1.12148
-1.06580 1.11654
-1.06513 1.11399
-1.06508 1.11087
-1.06398 1.10955
-1.06522 1.10521
-1.06478 1.10085
-1.06763 1.09665
-1.06723 1.09190
-1.06535 1.08777
-1.06599 1.08228
-1.06658 1.07742
-1.06555 1.07196
-1.06498 1.06729
-1.06463 1.06437
-1.06339 1.06181
-1.06620 1.05875
-1.06822 1.05804
-1.07005 1.05456
-1.06912 1.04983
-1.06510 1.04601
-1.06359 1.04108
-1.06579 1.03641
-1.06552 1.03245
-1.06691 1.02733
-1.06637 1.02234
-1.06660 1.01790
-1.06611 1.01344
-1.06530 1.01104
-1.06467 1.00864
-1.06730 1.00425
-1.06670 1.00078
-1.06567 0.99667
-1.06321 0.99261
-1.06349 0.98860
-1.06399 0.98374
-1.06453 0.98000
-1.06525 0.97633
-1.06529 0.97212
-1.06360 0.96882
-1.06279 0.96512
-1.06382 0.96081
-1.06289 0.95819
-1.06192 0.95566
-1.06130 0.95077
-1.06029 0.94485
-1.05918 0.93989
-1.05829 0.93533
-1.05903 0.93140
-1.05818 0.92904
-1.05742 0.92643
-1.05736 0.92137
-1.05828 0.91721
-1.06019 0.91309
-1.05882 0.91006
-1.05711 0.90500
-1.05710 0.89952
-1.05621 0.89578
-1.05419 0.89207
-1.05472 0.88848
-1.05866 0.88470
-1.05960 0.88189
-1.05764 0.87916
-1.05398 0.87678
-1.05182 0.87224
-1.04900 0.86805
-1.04944 0.86524
-1.04996 0.86405
-1.05158 0.86052
-1.05457 0.85413
-1.05397 0.84774
-1.04966 0.84444
-1.04686 0.84229
-1.04556 0.84017
-1.04502 0.83478
-1.04682 0.83016
-1.04744 0.82376
-1.04691 0.82084
-1.03988 0.81572
-1.03984 0.81140
-1.03995 0.80148
-1.03995 0.80125
-1.03795 0.79809
-1.03624 0.79347
-1.03591 0.78812
-1.03687 0.78033
-1.03688 0.78013
-1.03759 0.77931
-1.03509 0.77598
-1.02958 0.76566
-1.02949 0.76539
-1.03097 0.76179
-1.03150 0.75585
-1.03151 0.75569
-1.02847 0.75297
-1.02510 0.74448
-1.02451 0.74060
-1.02252 0.73540
-1.01510 0.72314
-1.01216 0.71798
-1.01035 0.71187
-1.00805 0.69734
-1.00777 0.69204
-1.00777 0.69204
-1.00330 0.68861
-1.00236 0.68714
-1.00212 0.68607
-0.99941 0.68195
-0.99900 0.67908
-0.99796 0.67549
-0.99592 0.67050
-0.99427 0.66624
-0.99149 0.66106
-0.98988 0.65678
-0.98785 0.65211
-0.98851 0.64801
-0.98072 0.63841
-0.97837 0.63408
-0.97702 0.63109
-0.97681 0.62755
-0.97408 0.62056
-0.97400 0.62039
-0.97319 0.61982
-0.97164 0.61087
-0.97160 0.61066
-0.97018 0.60491
-0.96945 0.59936
-0.96646 0.59487
-0.96532 0.59185
-0.96461 0.58808
-0.96089 0.58885
-0.95703 0.58910
-0.95454 0.58868
-0.95437 0.58636
-0.95563 0.57908
-0.95394 0.57229
-0.95188 0.56652
-0.94669 0.56174
-0.94442 0.55838
-0.94208 0.55449
-0.93979 0.55100
-0.94020 0.54859
-0.94212 0.54657
-0.94080 0.54350
-0.93829 0.53922
-0.93352 0.53754
-0.93133 0.53480
-0.92898 0.53417
-0.92827 0.52880
-0.92700 0.52413
-0.92513 0.52082
-0.92141 0.51555
-0.91928 0.51209
-0.91700 0.50777
-0.91299 0.50626
-0.91139 0.50007
-0.90903 0.49789
-0.90832 0.49446
-0.90959 0.49127
-0.90640 0.48767
-0.90118 0.48363
-0.89611 0.48014
-0.89069 0.47747
-0.89041 0.47150
-0.89077 0.46685
-0.89061 0.46222
-0.89031 0.45948
-0.88845 0.45800
-0.88468 0.45613
-0.87926 0.45379
-0.87615 0.44971
-0.87268 0.44650
-0.87079 0.44219
-0.86930 0.43704
-0.86746 0.43279
-0.86681 0.42849
-0.86508 0.42671
-0.86072 0.42446
-0.85753 0.42228
-0.85532 0.41807
-0.85193 0.41305
-0.84817 0.40790
-0.84679 0.40338
-0.84752 0.40009
-0.84668 0.39991
-0.84436 0.40060
-0.84151 0.39880
-0.83781 0.39599
-0.83591 0.39375
-0.83338 0.39016
-0.83324 0.38853
-0.83031 0.38588
-0.82776 0.38315
-0.82397 0.38046
-0.81921 0.37746
-0.81492 0.37287
-0.81317 0.36925
-0.81265 0.36456
-0.81141 0.36223
-0.80931 0.35919
-0.80473 0.35621
-0.79950 0.35443
-0.79491 0.35191
-0.79418 0.34850
-0.79345 0.34530
-0.79390 0.34307
-0.79341 0.34045
-0.79190 0.33715
-0.79121 0.33560
-0.78863 0.33312
-0.78385 0.32856
-0.77655 0.32558
-0.76977 0.32543
-0.76520 0.32507
-0.76324 0.32315
-0.76202 0.32073
-0.76273 0.31601
-0.76438 0.31139
-0.75919 0.30697
-0.75674 0.30366
-0.75117 0.29953
-0.74817 0.29690
-0.74443 0.29381
-0.74188 0.29127
-0.73965 0.28905
-0.73797 0.28648
-0.73667 0.28444
-0.73457 0.28258
-0.73160 0.27844
-0.71909 0.26532
-0.71582 0.26464
-0.70692 0.25868
-0.70489 0.25629
-0.70131 0.25587
-0.69657 0.25339
-0.68626 0.24712
-0.68599 0.24695
-0.68144 0.24448
-0.68315 0.24046
-0.68286 0.24065
-0.67958 0.23551
-0.67950 0.23537
-0.67715 0.23424
-0.67099 0.22531
-0.67083 0.22513
-0.66623 0.22668
-0.66600 0.22355
-0.66252 0.22342
-0.65837 0.22118
-0.65563 0.21613
-0.65297 0.21386
-0.64828 0.21370
-0.63541 0.20677
-0.62808 0.20147
-0.62791 0.20134
-0.62509 0.20061
-0.61698 0.18956
-0.61360 0.18674
-0.61083 0.18475
-0.60749 0.18503
-0.60409 0.18334
-0.59975 0.18088
-0.59813 0.17813
-0.59632 0.17604
-0.59241 0.17022
-0.59232 0.17007
-0.58912 0.16769
-0.58543 0.16552
-0.57617 0.16266
-0.57595 0.16258
-0.57548 0.16008
-0.57336 0.15772
-0.56957 0.15737
-0.56341 0.15722
-0.55701 0.15487
-0.55229 0.15237
-0.55209 0.15228
-0.55014 0.14855
-0.54851 0.14622
-0.54545 0.14255
-0.53747 0.13834
-0.53730 0.13822
-0.53410 0.13611
-0.52848 0.13418
-0.52644 0.13315
-0.52322 0.13195
-0.51929 0.13205
-0.51477 0.13092
-0.51140 0.12971
-0.50203 0.12396
-0.50181 0.12383
-0.49772 0.12059
-0.49714 0.11678
-0.49582 0.11617
-0.49457 0.11442
-0.48946 0.11280
-0.48594 0.11109
-0.48128 0.11082
-0.47621 0.10920
-0.47236 0.10853
-0.47120 0.10658
-0.47093 0.10617
-0.47106 0.10620
-0.46830 0.10447
-0.46444 0.10303
-0.45914 0.10100
-0.45413 0.09975
-0.44831 0.09710
-0.44554 0.09529
-0.44146 0.09293
-0.43788 0.09156
-0.43540 0.09275
-0.43168 0.09098
-0.42943 0.08891
-0.42676 0.08649
-0.42302 0.08553
-0.41885 0.08434
-0.41443 0.08336
-0.41059 0.08219
-0.40495 0.08041
-0.40144 0.07890
-0.39857 0.07850
-0.39679 0.07627
-0.39380 0.07442
-0.38820 0.07346
-0.38407 0.07147
-0.38005 0.06936
-0.37706 0.06764
-0.37542 0.06774
-0.37214 0.06875
-0.36617 0.06707
-0.36142 0.06580
-0.35754 0.06389
-0.35388 0.06311
-0.35218 0.06126
-0.35093 0.05993
-0.34739 0.05823
-0.34159 0.05913
-0.33674 0.05731
-0.33156 0.05453
-0.32771 0.05419
-0.32244 0.05574
-0.31929 0.05613
-0.31704 0.05647
-0.31493 0.05473
-0.31122 0.05112
-0.30700 0.04838
-0.30219 0.04505
-0.29726 0.04498
-0.29500 0.04595
-0.29179 0.04674
-0.28817 0.04698
-0.28604 0.04329
-0.28227 0.04046
-0.27836 0.04098
-0.27498 0.04077
-0.27001 0.04299
-0.26695 0.04188
-0.26434 0.03923
-0.26137 0.03820
-0.25652 0.03745
-0.25084 0.03721
-0.24644 0.03725
-0.24130 0.03589
-0.23779 0.03443
-0.23400 0.03359
-0.23283 0.03358
-0.23166 0.03243
-0.22856 0.03082
-0.22363 0.02953
-0.21271 0.02745
-0.21246 0.02743
-0.20757 0.02651
-0.20377 0.02724
-0.20157 0.02894
-0.19281 0.02783
-0.18804 0.02642
-0.18327 0.02399
-0.17704 0.02188
-0.17129 0.02255
-0.16825 0.02393
-0.16642 0.02641
-0.16368 0.02077
-0.16360 0.02065
-0.15991 0.01831
-0.14919 0.01938
-0.14893 0.01937
-0.14206 0.02225
-0.13667 0.02355
-0.13320 0.02305
-0.13052 0.01733
-0.13042 0.01724
-0.12780 0.01707
-0.12276 0.01679
-0.11811 0.01584
-0.11271 0.01665
-0.10965 0.01688
-0.10685 0.01960
-0.10325 0.02122
-0.08948 0.01477
-0.08412 0.01513
-0.07883 0.01642
-0.07402 0.01654
-0.07135 0.01495
-0.06898 0.01318
-0.06488 0.01170
-0.05986 0.01119
-0.05436 0.01001
-0.05202 0.00999
-0.05784 0.01279
-0.06479 0.01431
-0.06511 0.01576
-0.06382 0.01550
-0.06240 0.01337
-0.06176 0.01402
-0.06320 0.01581
-0.06324 0.01587
-0.06493 0.01514
-0.06462 0.01694
-0.06459 0.01697
-0.06303 0.01727
-0.06371 0.01710
-0.06192 0.01492
-0.06168 0.01311
-0.06168 0.01304
-0.06336 0.01523
-0.06613 0.01473
-0.06729 0.01487
-0.06670 0.01477
-0.06491 0.01273
-0.06298 0.01324
-0.05935 0.01431
-0.06030 0.01326
-0.06227 0.01322
-0.06603 0.01486
-0.06610 0.01488
-0.06566 0.01684
-0.06450 0.01562
-0.06183 0.01860
-0.06063 0.01714
-0.05995 0.01593
