-0.01406 -0.00264
-0.01343 -0.00203
-0.01401 -0.00219
-0.01367 -0.00348
-0.01315 -0.00470
-0.01363 -0.00375
-0.01555 -0.00303
-0.01553 -0.00279
-0.01307 -0.00431
-0.01203 -0.00613
-0.01109 -0.00568
-0.01085 -0.00472
-0.01531 -0.00203
-0.01503 -0.00561
-0.01369 -0.00707
-0.01270 -0.00524
-0.01178 -0.00364
-0.01334 -0.00350
-0.01270 -0.00528
-0.01431 -0.00332
-0.01318 -0.00328
-0.01233 -0.00506
-0.01239 -0.00572
-0.01191 -0.00543
-0.01232 -0.00386
-0.01223 -0.00134
-0.01256 -0.00311
-0.01421 -0.00497
-0.01424 -0.00535
-0.01392 -0.00509
-0.01338 -0.00527
-0.01330 -0.00508
-0.01429 -0.00504
-0.01468 -0.00506
-0.01353 -0.00299
-0.01253 -0.00291
-0.00797 -0.00331
-0.00360 -0.00547
0.00325 -0.00691
0.00953 -0.00746
0.01393 -0.00693
0.01696 -0.00481
0.01984 -0.00437
0.02172 -0.00390
0.02263 -0.00376
0.02562 -0.00362
0.02970 -0.00401
0.03383 -0.00370
0.04178 -0.00400
0.04905 -0.00256
0.05321 -0.00290
0.05603 -0.00168
0.05640 -0.00139
0.05952 0.00021
0.06453 0.00212
0.06987 0.00264
0.07261 0.00278
0.07668 0.00069
0.08224 0.00043
0.08829 0.00034
0.09165 0.00196
0.09587 0.00304
0.09732 0.00393
0.09772 0.00614
0.09924 0.00613
0.10392 0.00675
0.10633 0.00819
0.11078 0.00743
0.11779 0.00973
0.12533 0.00790
0.12983 0.00845
0.13355 0.00944
0.13709 0.01017
0.13900 0.01128
0.14239 0.01113
0.14572 0.00934
0.15004 0.00841
0.15348 0.00803
0.15851 0.00866
0.16395 0.01257
0.16856 0.01580
0.17187 0.01816
0.17389 0.01961
0.17617 0.01854
0.18037 0.01896
0.18515 0.01982
0.19042 0.01955
0.19479 0.02044
0.19845 0.02088
0.20270 0.02195
0.20705 0.02213
0.21041 0.02329
0.21473 0.02347
0.21698 0.02467
0.21961 0.02712
0.22295 0.02927
0.22538 0.03013
0.22952 0.02954
0.23398 0.03159
0.23912 0.03234
0.24462 0.03494
0.24832 0.03568
0.25231 0.03768
0.25451 0.03834
0.25849 0.03816
0.26084 0.03760
0.26344 0.03680
0.26649 0.03798
0.26932 0.04069
0.27325 0.04368
0.27881 0.04698
0.28312 0.04847
0.28735 0.05042
0.29015 0.04935
0.29314 0.05005
0.29667 0.05130
0.29932 0.05326
0.30211 0.05538
0.30674 0.05883
0.31281 0.05973
0.31603 0.05966
0.31783 0.06083
0.32112 0.05996
0.32370 0.06350
0.32785 0.06540
0.33249 0.06698
0.33567 0.06754
0.33855 0.06905
0.34122 0.06964
0.34514 0.06957
0.35081 0.07022
0.35554 0.07358
0.35926 0.07758
0.36307 0.08153
0.36693 0.08371
0.37355 0.08410
0.37371 0.08409
0.37566 0.08151
0.37988 0.08483
0.37999 0.08492
0.38337 0.08834
0.38823 0.09171
0.40111 0.09563
0.40230 0.09607
0.40466 0.09894
0.40715 0.10027
0.41024 0.10275
0.42568 0.10950
0.43078 0.11127
0.43126 0.11222
0.43258 0.11416
0.44062 0.12102
0.44098 0.12131
0.44799 0.12334
0.45459 0.12237
0.45947 0.12561
0.46868 0.13024
0.47027 0.13164
0.47327 0.13371
0.47333 0.13375
0.47588 0.13233
0.47768 0.13376
0.49069 0.14584
0.49654 0.14952
0.50061 0.15294
0.50442 0.15539
0.50651 0.15726
0.51047 0.15749
0.51347 0.15832
0.51368 0.15839
0.51699 0.15907
0.51975 0.16164
0.53074 0.17078
0.53353 0.17279
0.53530 0.17316
0.53721 0.17415
0.54363 0.18168
0.54397 0.18202
0.54931 0.18572
0.55519 0.19012
0.56352 0.19707
0.56604 0.19928
0.56869 0.20243
0.57232 0.20122
0.57425 0.20471
0.57707 0.20675
0.57763 0.21214
0.57990 0.21396
0.58438 0.21371
0.59005 0.21409
0.59569 0.21776
0.59956 0.22086
0.60020 0.22295
0.60102 0.22520
0.60244 0.22807
0.60436 0.23124
0.60794 0.23199
0.61440 0.23543
0.61894 0.23957
0.62388 0.24196
0.62720 0.24592
0.62876 0.24817
0.62986 0.25092
0.62982 0.25384
0.63089 0.25474
0.63314 0.25688
0.63587 0.25832
0.64205 0.26111
0.64813 0.26390
0.65070 0.26719
0.65265 0.27040
0.65431 0.27441
0.65793 0.27625
0.66224 0.27675
0.66551 0.27832
0.66732 0.28116
0.66779 0.28560
0.66985 0.28979
0.67249 0.29445
0.67687 0.29520
0.68085 0.29689
0.68573 0.29817
0.68849 0.30144
0.68829 0.30391
0.68974 0.30408
0.69283 0.30671
0.69707 0.30819
0.70046 0.31026
0.70222 0.31555
0.70286 0.32082
0.70398 0.32206
0.70553 0.32385
0.70967 0.32464
0.71355 0.32623
0.71769 0.33117
0.72201 0.33464
0.72487 0.33950
0.72898 0.34378
0.73084 0.34899
0.73295 0.34753
0.73347 0.34747
0.73483 0.34701
0.73726 0.34867
0.73818 0.35583
0.73952 0.36422
0.74403 0.36938
0.74982 0.37415
0.75406 0.37704
0.75633 0.37892
0.75858 0.38183
0.76000 0.38295
0.76112 0.38530
0.76330 0.38787
0.76584 0.38988
0.76692 0.39266
0.76767 0.39499
0.77032 0.39891
0.77310 0.40195
0.77807 0.40491
0.78237 0.40823
0.78464 0.41132
0.78659 0.41496
0.78856 0.41822
0.79002 0.42270
0.79136 0.42573
0.79351 0.42997
0.79468 0.43348
0.79672 0.43719
0.79922 0.43860
0.80217 0.43971
0.80511 0.44343
0.80804 0.44812
0.81142 0.45315
0.81509 0.45677
0.81565 0.46187
0.81611 0.46420
0.81794 0.46781
0.81929 0.47044
0.82049 0.47394
0.82180 0.47556
0.82503 0.47580
0.82755 0.47818
0.83061 0.48781
0.83068 0.48802
0.83403 0.49253
0.83731 0.50080
0.83742 0.50101
0.83819 0.50377
0.84191 0.50626
0.84575 0.50980
0.84846 0.51230
0.85183 0.52090
0.85536 0.52486
0.85545 0.52496
0.85759 0.52873
0.85936 0.53384
0.86239 0.53880
0.87112 0.55172
0.87177 0.55563
0.87310 0.55984
0.87316 0.56451
0.87667 0.57033
0.87677 0.57046
0.87908 0.57422
0.88039 0.57767
0.88170 0.58121
0.88330 0.58326
0.88472 0.58919
0.88568 0.59201
0.88923 0.59621
0.89223 0.60239
0.89527 0.61162
0.89838 0.61692
0.89906 0.62181
0.90045 0.62639
0.89992 0.63200
0.89993 0.63216
0.90185 0.63289
0.90547 0.63609
0.90686 0.63914
0.90759 0.63984
0.90874 0.64187
0.91133 0.65087
0.91138 0.65106
0.91462 0.65671
0.91509 0.66133
0.91684 0.66607
0.91823 0.66738
0.91999 0.67369
0.92243 0.68678
0.92406 0.69096
0.92513 0.69654
0.92562 0.70043
0.92746 0.70215
0.92800 0.70436
0.92866 0.70550
0.92915 0.70728
0.93033 0.71086
0.93214 0.71514
0.93422 0.72022
0.93728 0.72540
0.93751 0.72926
0.93701 0.73180
0.93635 0.73545
0.93677 0.73788
0.93921 0.74192
0.94237 0.74526
0.94300 0.74708
0.94261 0.74991
0.94356 0.75448
0.94525 0.75948
0.94650 0.76546
0.94791 0.77076
0.95001 0.77536
0.94985 0.78049
0.95099 0.78328
0.95185 0.78591
0.95161 0.78920
0.95057 0.79275
0.95142 0.79895
0.95270 0.80269
0.95379 0.80540
0.95583 0.80625
0.95754 0.80907
0.95732 0.81283
0.95859 0.81697
0.95962 0.82093
0.95976 0.82708
0.95944 0.83142
0.95981 0.83510
0.96145 0.83812
0.96435 0.84183
0.96605 0.84535
0.96662 0.84897
0.96700 0.85358
0.96649 0.85619
0.96521 0.85814
0.96354 0.86207
0.96582 0.86477
0.97016 0.87134
0.97082 0.87734
0.97094 0.88103
0.96891 0.88386
0.96939 0.88799
0.97016 0.89380
0.97130 0.89904
0.97437 0.90453
0.97340 0.90764
0.97299 0.90864
0.97325 0.91410
0.97303 0.91787
0.97376 0.92169
0.97437 0.92545
0.97311 0.92629
0.97234 0.92765
0.97394 0.93000
0.97579 0.93316
0.97782 0.93690
0.97772 0.94183
0.97655 0.94720
0.97544 0.95288
0.97462 0.95835
0.97453 0.96344
0.97622 0.96792
0.97753 0.96999
0.97841 0.97259
0.97997 0.97337
0.97980 0.97505
0.97836 0.97724
0.97709 0.98291
0.97819 0.98702
0.97741 0.99220
0.98235 1.00573
0.98013 1.01010
0.98047 1.01627
0.97955 1.02156
0.97921 1.02724
0.97890 1.03095
0.97931 1.03388
0.97832 1.03776
0.97821 1.03935
0.97918 1.04346
0.97995 1.04645
0.97934 1.04902
0.97868 1.05318
0.97902 1.05541
0.97778 1.06050
0.97868 1.06537
0.97791 1.06825
0.97903 1.07181
0.97882 1.07513
0.97802 1.07968
0.97860 1.09307
0.97739 1.09702
0.97569 1.10049
0.97429 1.11327
0.97525 1.11392
0.97525 1.11892
0.97687 1.12102
0.97560 1.12088
0.97471 1.12416
0.97469 1.12423
0.97412 1.12594
0.97189 1.12665
0.97414 1.13306
0.97157 1.14474
0.97152 1.14496
0.97055 1.15144
0.97050 1.15714
0.96974 1.16883
0.96972 1.16911
0.96979 1.17211
0.96789 1.17480
0.96701 1.17725
0.96800 1.17968
0.96815 1.18474
0.96637 1.18786
0.96446 1.19094
0.96343 1.19410
0.96556 1.20544
0.96175 1.21430
0.96169 1.21452
0.95966 1.21863
0.96089 1.22368
0.96072 1.22782
0.96128 1.23086
0.96130 1.23097
0.95933 1.23300
0.95598 1.23444
0.95403 1.23784
0.95324 1.24162
0.95384 1.24475
0.95251 1.24948
0.95355 1.25473
0.95508 1.26076
0.95028 1.27344
0.95017 1.27376
0.94707 1.27904
0.94541 1.28374
0.94641 1.29010
0.94641 1.29028
0.94540 1.29138
0.94358 1.29201
0.94019 1.29405
0.94146 1.29550
0.94175 1.29901
0.93892 1.30792
0.93886 1.30812
0.93612 1.31029
0.93363 1.31325
0.93184 1.31731
0.93291 1.32398
0.93256 1.33064
0.93064 1.33595
0.92898 1.33928
0.92786 1.34105
0.92723 1.34333
0.92788 1.34376
0.92870 1.34587
0.92820 1.34865
0.92523 1.35003
0.92328 1.35096
0.91907 1.35329
0.91744 1.35577
0.91666 1.35905
0.91649 1.36594
0.91642 1.37234
0.91456 1.38057
0.91340 1.38656
0.91187 1.39227
0.91034 1.39549
0.90825 1.39973
0.90999 1.39949
0.90850 1.40268
0.90873 1.40542
0.90742 1.40630
0.90394 1.40443
0.89887 1.40678
0.89573 1.41301
0.89718 1.41496
0.89680 1.42045
0.89581 1.42506
0.89318 1.43211
0.88948 1.43858
0.88787 1.44582
0.88609 1.45072
0.88486 1.45422
0.88401 1.45778
0.88344 1.46174
0.88138 1.46381
0.88018 1.46633
0.87603 1.46782
0.87409 1.47137
0.87318 1.47624
0.87177 1.48016
0.87124 1.48426
0.86955 1.48654
0.86811 1.49123
0.86511 1.49230
0.86319 1.49188
0.86188 1.49545
0.85741 1.50321
0.85525 1.51021
0.85232 1.51641
0.85207 1.52132
0.85234 1.52594
0.85295 1.52669
0.85167 1.53039
0.84895 1.53295
0.84353 1.53668
0.83961 1.54030
0.83846 1.54325
0.83806 1.54556
0.83719 1.54666
0.83468 1.54966
0.83152 1.55368
0.82809 1.55789
0.82615 1.56222
0.82564 1.56639
0.82445 1.56996
0.82240 1.57249
0.81924 1.57451
0.81595 1.57796
0.81525 1.58040
0.81371 1.58361
0.81113 1.58628
0.80907 1.58952
0.80789 1.59268
0.80672 1.59392
0.80438 1.59642
0.80056 1.60048
0.79826 1.60606
0.79737 1.61298
0.79612 1.61819
0.79521 1.62413
0.79147 1.62823
0.78729 1.63137
0.78302 1.63320
0.78043 1.63266
0.77834 1.63335
0.77581 1.63580
0.77444 1.63603
0.77383 1.63714
0.77019 1.64049
0.76982 1.64477
0.76838 1.65139
0.76589 1.66295
0.76581 1.66324
0.76149 1.66899
0.75766 1.67080
0.74677 1.67503
0.74571 1.67985
0.74604 1.68465
0.74541 1.68725
0.74309 1.68839
0.73273 1.69115
0.72865 1.69222
0.72758 1.69565
0.72438 1.70744
0.72428 1.70775
0.72109 1.71564
0.71796 1.71979
0.71593 1.72221
0.71208 1.72439
0.70943 1.72645
0.70460 1.72920
0.70448 1.72928
0.70140 1.73036
0.69464 1.73779
0.69447 1.73795
0.69329 1.73986
0.68651 1.74099
0.68635 1.74104
0.68440 1.74456
0.68327 1.74866
0.68085 1.75185
0.67598 1.75456
0.67166 1.75862
0.66880 1.76351
0.66791 1.76727
0.66284 1.76975
0.66272 1.76985
0.65992 1.77142
0.65734 1.77283
0.65477 1.77536
0.65170 1.77760
0.64685 1.78301
0.64672 1.78315
0.64338 1.78554
0.64075 1.79011
0.63208 1.79429
0.63189 1.79440
0.62871 1.79628
0.62722 1.79848
0.62690 1.79981
0.62783 1.80197
0.62350 1.80522
0.61573 1.80842
0.61097 1.81494
0.60183 1.82788
0.60221 1.82591
0.60250 1.82708
0.60057 1.82838
0.59488 1.82933
0.58889 1.83096
0.58423 1.83420
0.58202 1.83904
0.57879 1.84486
0.57683 1.84702
0.57298 1.84711
0.56911 1.85115
0.56552 1.85423
0.56152 1.85582
0.55944 1.85833
0.55731 1.86038
0.55464 1.86207
0.55259 1.86253
0.55099 1.86453
0.54739 1.86310
0.54407 1.86373
0.53870 1.86373
0.53408 1.86532
0.53031 1.86866
0.52797 1.87393
0.52615 1.87878
0.52450 1.88336
0.52082 1.88622
0.51662 1.88693
0.51204 1.88873
0.50992 1.89109
0.50773 1.89083
0.50438 1.89488
0.49983 1.90020
0.49482 1.90047
0.49001 1.90089
0.48940 1.90034
0.48440 1.90346
0.48220 1.90794
0.47806 1.91504
0.47481 1.91730
0.47329 1.91739
0.47199 1.91634
0.46731 1.91696
0.46472 1.91474
0.45985 1.91591
0.45541 1.91774
0.44761 1.92107
0.44604 1.92324
0.44656 1.92675
0.44475 1.92985
0.44351 1.93266
0.44088 1.93173
0.43389 1.93139
0.42855 1.93387
0.42617 1.93829
0.42283 1.94118
0.41838 1.94185
0.41369 1.94284
0.40914 1.94337
0.40553 1.94366
0.40337 1.94583
0.40144 1.94867
0.39745 1.95184
0.39381 1.95483
0.39029 1.95629
0.38735 1.95830
0.38476 1.96055
0.38126 1.96229
0.37672 1.96443
0.37202 1.96395
0.36750 1.96233
0.36430 1.96166
0.36056 1.96342
0.35738 1.96529
0.35366 1.96900
0.35155 1.97268
0.34736 1.97474
0.34439 1.97735
0.34153 1.97805
0.33653 1.97721
0.33279 1.97649
0.32883 1.97748
0.32423 1.97987
0.32125 1.98254
0.31646 1.98544
0.31145 1.98734
0.30637 1.98911
0.30376 1.99255
0.30139 1.99405
0.29873 1.99583
0.29654 1.99592
0.29256 1.99464
0.28845 1.99186
0.28462 1.99179
0.28055 1.99332
0.27663 1.99564
0.27315 2.00169
0.26959 2.00478
0.26514 2.00930
0.26086 2.00901
0.25729 2.00872
0.25405 2.00813
0.25156 2.00530
0.24952 2.00360
0.24554 2.00681
0.23889 2.01028
0.23599 2.01160
0.23336 2.01373
0.22328 2.01556
0.22473 2.01497
0.22181 2.01565
0.21821 2.01679
0.20974 2.01998
0.20974 2.01998
0.20671 2.01963
0.20264 2.02200
0.18884 2.02667
0.18326 2.02701
0.18312 2.02701
0.18012 2.02695
0.16817 2.02748
0.16332 2.03043
0.15465 2.03511
0.14834 2.03395
0.14231 2.03412
0.13239 2.03550
0.12379 2.03607
0.11887 2.03808
0.11195 2.03872
0.10738 2.03936
0.10445 2.03956
0.10153 2.04172
0.09865 2.04167
0.09460 2.04097
0.08941 2.04085
0.08598 2.04092
0.08107 2.04122
0.07649 2.04260
0.07637 2.04263
0.07330 2.04349
0.06995 2.04344
0.06599 2.04318
0.06338 2.04336
0.05915 2.04298
0.05454 2.04259
0.05027 2.04433
0.04368 2.04489
0.03633 2.04719
0.03205 2.04814
0.02821 2.04794
0.02425 2.04822
0.02414 2.04821
0.02270 2.04803
0.01932 2.04871
0.00649 2.05091
0.00267 2.05325
-0.00292 2.05408
-0.01031 2.05404
-0.01500 2.05296
-0.01765 2.05259
-0.02024 2.05097
-0.02049 2.04972
-0.02385 2.04961
-0.02975 2.04900
-0.04336 2.04648
-0.04582 2.04788
-0.05037 2.04645
-0.05416 2.04848
-0.05899 2.05058
-0.06222 2.05324
-0.06538 2.05503
-0.06980 2.05203
-0.07564 2.05117
-0.07834 2.04967
-0.08368 2.04967
-0.08684 2.04856
-0.09131 2.05037
-0.09386 2.04817
-0.09515 2.04493
-0.09732 2.04602
-0.09980 2.04572
-0.10916 2.04683
-0.11479 2.04770
-0.11950 2.04828
-0.12180 2.04675
-0.12358 2.04750
-0.12611 2.04693
-0.12843 2.04597
-0.13292 2.04410
-0.13768 2.04296
-0.14347 2.04194
-0.14906 2.04205
-0.15461 2.04184
-0.15883 2.04122
-0.16208 2.04035
-0.16359 2.04026
-0.16686 2.04137
-0.17216 2.04027
-0.17628 2.04063
-0.17996 2.04082
-0.18435 2.04093
-0.18668 2.04008
-0.18850 2.03821
-0.19122 2.03537
-0.19488 2.03181
-0.19925 2.03143
-0.20400 2.03401
-0.20905 2.03613
-0.21244 2.03665
-0.21787 2.03544
-0.22069 2.03303
-0.22347 2.03246
-0.22747 2.03204
-0.23093 2.03036
-0.23367 2.03108
-0.23615 2.03171
-0.23995 2.02894
-0.24756 2.02709
-0.25250 2.02760
-0.26069 2.02640
-0.26476 2.02350
-0.26911 2.02191
-0.27423 2.02125
-0.27775 2.02140
-0.28200 2.02248
-0.28405 2.02326
-0.28545 2.02063
-0.28773 2.01751
-0.29022 2.01567
-0.29569 2.01581
-0.30125 2.01422
-0.30436 2.01297
-0.30772 2.01471
-0.31069 2.01487
-0.31604 2.01359
-0.32151 2.01143
-0.32450 2.00792
-0.32725 2.00574
-0.33089 2.00372
-0.33490 2.00513
-0.33841 2.00587
-0.34187 2.00642
-0.34581 2.00487
-0.34671 2.00181
-0.35058 1.99966
-0.35528 1.99669
-0.35808 1.99577
-0.36191 1.99539
-0.36541 1.99344
-0.37392 1.99265
-0.37478 1.99189
-0.37895 1.99088
-0.38153 1.99038
-0.38903 1.99134
-0.38903 1.99134
-0.39322 1.98867
-0.39617 1.98692
-0.39604 1.98485
-0.39669 1.98315
-0.39959 1.98031
-0.40544 1.97832
-0.41148 1.97769
-0.41793 1.97877
-0.42780 1.97951
-0.42805 1.97951
-0.43222 1.97651
-0.43504 1.97397
-0.43813 1.97076
-0.44119 1.96834
-0.44403 1.96584
-0.44834 1.96410
-0.45167 1.96240
-0.45507 1.96231
-0.46206 1.95684
-0.46845 1.95142
-0.46861 1.95128
-0.47248 1.94975
-0.47799 1.94843
-0.48173 1.94673
-0.48692 1.94682
-0.49624 1.94579
-0.49647 1.94575
-0.49929 1.94309
-0.50228 1.94071
-0.50868 1.93510
-0.52142 1.92759
-0.52469 1.92702
-0.52909 1.92545
-0.53684 1.92063
-0.53703 1.92052
-0.53883 1.92006
-0.54978 1.91427
-0.55508 1.91165
-0.56016 1.91195
-0.56385 1.90907
-0.56548 1.90655
-0.56548 1.90655
-0.56633 1.90628
-0.57290 1.89641
-0.57359 1.89680
-0.57634 1.89368
-0.58070 1.89032
-0.58377 1.88717
-0.58786 1.88785
-0.59095 1.88790
-0.59522 1.88683
-0.60103 1.88457
-0.60467 1.88172
-0.60809 1.88104
-0.61103 1.88008
-0.61293 1.88014
-0.61540 1.87598
-0.61693 1.87351
-0.61866 1.86913
-0.62145 1.86481
-0.62664 1.86179
-0.63073 1.85930
-0.63366 1.85887
-0.63623 1.85720
-0.63830 1.85666
-0.64020 1.85479
-0.64419 1.85213
-0.64975 1.85049
-0.65555 1.84759
-0.66134 1.84385
-0.66431 1.84281
-0.66686 1.84221
-0.66799 1.84025
-0.66696 1.83729
-0.66622 1.83528
-0.66833 1.83162
-0.67278 1.82806
-0.67737 1.82485
-0.68149 1.82312
-0.68610 1.81927
-0.68946 1.81641
-0.69049 1.81406
-0.69479 1.81295
-0.69817 1.81185
-0.70404 1.80933
-0.70822 1.80862
-0.70956 1.80433
-0.71145 1.80001
-0.71162 1.79811
-0.71245 1.79602
-0.71546 1.79250
-0.71974 1.78946
-0.72308 1.78637
-0.72614 1.78271
-0.72837 1.78004
-0.73013 1.77600
-0.73417 1.77479
-0.73693 1.77322
-0.74057 1.77157
-0.74418 1.76758
-0.74785 1.76669
-0.75065 1.76227
-0.75222 1.75863
-0.75657 1.75612
-0.75747 1.75246
-0.75938 1.74937
-0.76031 1.74765
-0.76299 1.74474
-0.76764 1.74057
-0.77218 1.73761
-0.77583 1.73417
-0.77975 1.73187
-0.78239 1.73157
-0.78378 1.73108
-0.78622 1.72941
-0.78535 1.72396
-0.78737 1.71812
-0.79109 1.71378
-0.79564 1.71267
-0.80133 1.71092
-0.80526 1.71198
-0.80575 1.70936
-0.80607 1.70579
-0.80750 1.70453
-0.80996 1.70081
-0.81418 1.69543
-0.81654 1.68918
-0.81818 1.68529
-0.82000 1.68373
-0.82347 1.68249
-0.82647 1.67969
-0.82995 1.67698
-0.83265 1.67370
-0.83482 1.67005
-0.83649 1.66651
-0.83885 1.66284
-0.83990 1.66000
-0.84202 1.65737
-0.84547 1.65560
-0.84977 1.65467
-0.85277 1.65270
-0.85458 1.64921
-0.85634 1.64507
-0.85744 1.63990
-0.85879 1.63620
-0.86177 1.63356
-0.86552 1.63099
-0.86906 1.62893
-0.87310 1.62743
-0.87484 1.62661
-0.87570 1.62162
-0.87656 1.61925
-0.88602 1.60431
-0.89300 1.59611
-0.89575 1.59177
-0.90235 1.58403
-0.90211 1.57641
-0.90213 1.57624
-0.90335 1.57225
-0.90487 1.56967
-0.91052 1.56129
-0.91065 1.56109
-0.91440 1.55821
-0.92064 1.55476
-0.92450 1.55280
-0.92327 1.55190
-0.92422 1.54970
-0.92558 1.53883
-0.92779 1.53404
-0.93148 1.53082
-0.93366 1.52886
-0.93640 1.52741
-0.93956 1.52530
-0.94342 1.52212
-0.94552 1.51876
-0.94602 1.51417
-0.94516 1.50956
-0.94997 1.49365
-0.95216 1.49346
-0.95396 1.49276
-0.95683 1.49180
-0.95937 1.48920
-0.96198 1.48527
-0.96251 1.47953
-0.96555 1.46822
-0.96564 1.46796
-0.96836 1.46587
-0.97058 1.46323
-0.97127 1.46004
-0.97220 1.45822
-0.97140 1.45485
-0.97179 1.45040
-0.97832 1.43997
-0.98005 1.43778
-0.98237 1.43326
-0.98450 1.42719
-0.98560 1.42296
-0.98608 1.41861
-0.98597 1.41341
-0.98715 1.41091
-0.98838 1.41168
-0.98927 1.41039
-0.99155 1.40552
-0.99347 1.39859
-0.99367 1.39265
-0.99521 1.38667
-0.99829 1.38321
-1.00211 1.38399
-1.00378 1.38582
-1.00294 1.38031
-1.00294 1.38021
-1.00252 1.37329
-1.00355 1.35944
-1.00582 1.35765
-1.00756 1.35141
-1.01104 1.34715
-1.01271 1.34810
-1.01443 1.34842
-1.01446 1.34635
-1.01438 1.34297
-1.01577 1.33729
-1.01685 1.33073
-1.01627 1.32377
-1.01683 1.31738
-1.01742 1.31513
-1.02021 1.31387
-1.02232 1.31316
-1.02481 1.31248
-1.02497 1.31144
-1.02626 1.30837
-1.02757 1.30251
-1.02876 1.29647
-1.02860 1.29093
-1.02933 1.28669
-1.02913 1.28146
-1.03109 1.27738
-1.03336 1.27455
-1.03659 1.27421
-1.03830 1.27155
-1.03932 1.26965
-1.03886 1.26673
-1.04021 1.26139
-1.04143 1.25598
-1.04102 1.24974
-1.04077 1.24317
-1.04094 1.23709
-1.04188 1.23383
-1.04273 1.23238
-1.04424 1.23175
-1.04408 1.22872
-1.04373 1.22766
-1.04551 1.22289
-1.04806 1.21739
-1.05072 1.21080
-1.05127 1.20471
-1.05138 1.20038
-1.05208 1.19605
-1.05179 1.19453
-1.05291 1.19282
-1.05323 1.19099
-1.05220 1.18694
-1.05240 1.18327
-1.05479 1.18037
-1.05589 1.17807
-1.05692 1.17026
-1.05836 1.16374
-1.06062 1.15851
-1.06228 1.15471
-1.06030 1.15217
-1.05939 1.15093
-1.06150 1.14896
-1.06137 1.14542
-1.06132 1.14245
-1.05925 1.13508
-1.06001 1.12984
-1.05936 1.12759
-1.06021 1.12314
-1.06015 1.11543
-1.06192 1.11046
-1.06308 1.10817
-1.06320 1.10552
-1.06129 1.10417
-1.06057 1.10044
-1.06287 1.09722
-1.06486 1.09322
-1.06591 1.09073
-1.06593 1.08959
-1.06705 1.08560
-1.06558 1.07960
-1.06416 1.07147
-1.06321 1.06616
-1.06326 1.06456
-1.06339 1.06191
-1.06609 1.05736
-1.06610 1.05287
-1.06751 1.04369
-1.06755 1.04347
-1.06632 1.04075
-1.06780 1.03511
-1.06783 1.03497
-1.06885 1.03272
-1.06936 1.02894
-1.06731 1.01359
-1.06760 1.00763
-1.06809 0.99694
-1.06670 0.99234
-1.06538 0.98877
-1.06637 0.98386
-1.06603 0.97602
-1.06680 0.97020
-1.06677 0.96726
-1.06675 0.96571
-1.06597 0.96266
-1.06631 0.96156
-1.06574 0.95934
-1.06759 0.95514
-1.06623 0.94047
-1.06584 0.93628
-1.06516 0.93091
-1.06429 0.92835
-1.06601 0.92535
-1.06565 0.92318
-1.06479 0.92149
-1.06126 0.91564
-1.06143 0.90396
-1.06057 0.90344
-1.05947 0.89864
-1.05865 0.89025
-1.05916 0.88726
-1.05827 0.88411
-1.05873 0.87845
-1.05863 0.87335
-1.05664 0.86800
-1.05341 0.86060
-1.05334 0.86043
-1.05275 0.85779
-1.05238 0.85440
-1.05172 0.85039
-1.05214 0.84534
-1.05223 0.84036
-1.05263 0.83475
-1.05037 0.83079
-1.04677 0.82477
-1.04666 0.82461
-1.04608 0.82301
-1.04579 0.82099
-1.04631 0.82025
-1.04600 0.81710
-1.04570 0.81418
-1.04460 0.80917
-1.04414 0.80521
-1.04458 0.80090
-1.04423 0.79475
-1.04081 0.79141
-1.03736 0.78515
-1.03547 0.77901
-1.03395 0.77514
-1.03534 0.76802
-1.03572 0.76228
-1.03486 0.75997
-1.03416 0.75885
-1.03143 0.75795
-1.02955 0.75676
-1.02669 0.75356
-1.02634 0.74771
-1.02652 0.74393
-1.02603 0.74032
-1.02699 0.73648
-1.02704 0.73161
-1.02710 0.72612
-1.02405 0.72431
-1.02322 0.71841
-1.02113 0.71889
-1.01922 0.71557
-1.01653 0.71282
-1.01426 0.70497
-1.01184 0.69705
-1.01097 0.69274
-1.01043 0.69071
-1.00891 0.68716
-1.00812 0.68696
-1.00688 0.68731
-1.00747 0.68635
-1.00750 0.68155
-1.00624 0.67615
-1.00371 0.66854
-1.00018 0.66323
-0.99742 0.65860
-0.99641 0.65604
-0.99761 0.65289
-0.99766 0.64985
-0.99636 0.64678
-0.99405 0.64302
-0.98960 0.63749
-0.98649 0.63169
-0.98557 0.62788
-0.98470 0.62619
-0.98544 0.62186
-0.98494 0.61950
-0.98388 0.61793
-0.98233 0.61620
-0.98090 0.61292
-0.97992 0.60930
-0.97717 0.60515
-0.97486 0.60025
-0.97245 0.59294
-0.97278 0.58567
-0.97297 0.57991
-0.97122 0.57669
-0.96978 0.57814
-0.96728 0.57868
-0.96404 0.57321
-0.96148 0.56704
-0.95835 0.56178
-0.95771 0.55798
-0.95917 0.55580
-0.95682 0.55336
-0.95450 0.55051
-0.95135 0.54611
-0.94860 0.54182
-0.94789 0.53936
-0.94637 0.53547
-0.94417 0.52984
-0.94080 0.52784
-0.93789 0.52641
-0.93557 0.52049
-0.93322 0.51510
-0.93166 0.51141
-0.92962 0.50654
-0.92738 0.50232
-0.92815 0.49855
-0.92661 0.49550
-0.92552 0.49477
-0.92259 0.49252
-0.91974 0.49251
-0.91872 0.49196
-0.91691 0.49036
-0.91294 0.48718
-0.91237 0.47891
-0.90813 0.47303
-0.90301 0.46633
-0.90061 0.46197
-0.89841 0.45867
-0.89617 0.45867
-0.89503 0.45667
-0.89633 0.45408
-0.89596 0.45337
-0.89502 0.44817
-0.89115 0.44400
-0.88563 0.43823
-0.88220 0.43550
-0.87928 0.43415
-0.88014 0.43010
-0.87997 0.42667
-0.87959 0.42418
-0.87059 0.41829
-0.87040 0.41776
-0.86770 0.41507
-0.86385 0.40916
-0.86229 0.40740
-0.86008 0.40280
-0.85796 0.39935
-0.85602 0.39596
-0.85404 0.39302
-0.85251 0.39063
-0.84871 0.38988
-0.84709 0.38792
-0.84164 0.38219
-0.84151 0.38204
-0.84103 0.37963
-0.83972 0.37677
-0.83698 0.37344
-0.83451 0.36985
-0.83026 0.36534
-0.82551 0.36048
-0.82415 0.35525
-0.82167 0.35166
-0.82036 0.34894
-0.81844 0.34782
-0.81700 0.34675
-0.81383 0.34564
-0.81143 0.34230
-0.80967 0.33892
-0.80657 0.33509
-0.80538 0.33110
-0.80272 0.32747
-0.79735 0.32488
-0.79520 0.32041
-0.79259 0.31705
-0.79030 0.31595
-0.79009 0.31568
-0.78800 0.31381
-0.78610 0.31120
-0.78174 0.30827
-0.77775 0.30370
-0.76833 0.29030
-0.76432 0.28681
-0.76299 0.28764
-0.76342 0.28625
-0.76103 0.28660
-0.75675 0.28522
-0.74753 0.27975
-0.74732 0.27962
-0.74648 0.27575
-0.74381 0.26787
-0.74373 0.26768
-0.74218 0.26410
-0.73316 0.25970
-0.73298 0.25959
-0.72750 0.25627
-0.72496 0.25454
-0.72332 0.25182
-0.72083 0.25147
-0.71954 0.24919
-0.71687 0.24556
-0.71464 0.24417
-0.71397 0.24234
-0.71148 0.24121
-0.70806 0.24000
-0.70337 0.23805
-0.69776 0.23563
-0.69531 0.23246
-0.69079 0.22953
-0.69200 0.22553
-0.68984 0.22184
-0.68804 0.21904
-0.68408 0.21720
-0.67939 0.21484
-0.67566 0.21259
-0.67351 0.21164
-0.67040 0.20976
-0.66717 0.20846
-0.66565 0.20629
-0.66378 0.20484
-0.66206 0.20271
-0.65918 0.19857
-0.65506 0.19601
-0.65064 0.19431
-0.64778 0.19410
-0.64532 0.19455
-0.64157 0.19175
-0.63778 0.18767
-0.63555 0.18137
-0.63250 0.17722
-0.63049 0.17444
-0.62680 0.17156
-0.62402 0.17273
-0.61883 0.17243
-0.61451 0.17230
-0.61118 0.16888
-0.60864 0.16444
-0.60536 0.16081
-0.60246 0.15638
-0.59916 0.15599
-0.59500 0.15440
-0.58986 0.15271
-0.58465 0.15139
-0.58258 0.15096
-0.58133 0.14836
-0.58047 0.14414
-0.57855 0.14151
-0.57432 0.13932
-0.56899 0.13883
-0.56490 0.13832
-0.56060 0.13794
-0.55542 0.13676
-0.55208 0.13657
-0.55119 0.13101
-0.54959 0.12747
-0.54681 0.12591
-0.54345 0.12514
-0.54192 0.12377
-0.53874 0.12399
-0.53477 0.12498
-0.52953 0.12407
-0.52390 0.11954
-0.51906 0.11613
-0.51724 0.11625
-0.51494 0.11635
-0.51296 0.11208
-0.50910 0.10749
-0.50607 0.10475
-0.50225 0.10510
-0.49853 0.10325
-0.49372 0.10531
-0.49025 0.10338
-0.48488 0.10102
-0.48318 0.09596
-0.48174 0.09507
-0.47908 0.09421
-0.47691 0.09409
-0.47253 0.09384
-0.46770 0.09240
-0.46395 0.09035
-0.45946 0.08727
-0.45299 0.08288
-0.44842 0.07937
-0.44636 0.07770
-0.44502 0.07563
-0.44444 0.07577
-0.44100 0.07690
-0.43645 0.07523
-0.43126 0.07404
-0.42757 0.07221
-0.42336 0.07053
-0.41866 0.06997
-0.41500 0.06862
-0.41018 0.06809
-0.40718 0.06906
-0.40490 0.06616
-0.40079 0.06357
-0.39733 0.06073
-0.39392 0.05938
-0.39116 0.05857
-0.38956 0.06018
-0.38484 0.06034
-0.38244 0.05930
-0.37673 0.05798
-0.37265 0.05486
-0.36418 0.04943
-0.36396 0.04931
-0.36197 0.04761
-0.36004 0.04706
-0.35437 0.04372
-0.35437 0.04372
-0.34860 0.04179
-0.33456 0.03903
-0.33149 0.03786
-0.32576 0.03666
-0.32374 0.03770
-0.32132 0.03475
-0.31806 0.03410
-0.30959 0.03372
-0.30940 0.03371
-0.30619 0.03070
-0.30448 0.02812
-0.30150 0.02679
-0.29653 0.02601
-0.29209 0.02542
-0.28731 0.02560
-0.28395 0.02542
-0.28069 0.02345
-0.27573 0.02006
-0.27561 0.01999
-0.27328 0.01958
-0.27061 0.01921
-0.26756 0.01959
-0.26245 0.01896
-0.25688 0.01919
-0.25286 0.01762
-0.24806 0.01605
-0.24345 0.01365
-0.23922 0.01232
-0.23611 0.01297
-0.23237 0.01314
-0.22906 0.01299
-0.22659 0.01191
-0.21960 0.00970
-0.21942 0.00965
-0.21423 0.00749
-0.20565 0.00619
-0.20546 0.00616
-0.20181 0.00562
-0.19495 0.00608
-0.19478 0.00608
-0.19383 0.00668
-0.19158 0.00723
-0.18911 0.00567
-0.18619 0.00462
-0.17078 0.00412
-0.17046 0.00412
-0.16434 0.00414
-0.16004 0.00445
-0.15702 0.00242
-0.15539 0.00191
-0.15334 -0.00018
-0.15015 -0.00036
-0.14618 0.00176
-0.14119 0.00390
-0.13657 0.00264
-0.13104 0.00125
-0.12549 0.00007
-0.11972 -0.00226
-0.11453 -0.00191
-0.11297 -0.00160
-0.11222 -0.00162
-0.10961 0.00024
-0.10666 -0.00106
-0.10460 -0.00129
-0.10261 -0.00277
-0.09592 -0.00172
-0.09139 -0.00170
-0.08431 -0.00126
-0.07990 -0.00404
-0.07657 -0.00396
-0.07279 -0.00570
-0.06989 -0.00499
-0.06784 -0.00480
-0.06577 -0.00240
-0.06211 -0.00154
-0.05645 -0.00130
-0.05085 -0.00190
-0.04521 -0.00188
-0.03996 -0.00171
-0.03638 -0.00296
-0.03348 -0.00504
-0.02890 -0.00672
-0.02617 -0.00520
-0.02359 -0.00337
-0.02007 -0.00100
-0.01674 -0.00060
-0.01741 0.00178
-0.01915 0.00155
-0.02258 -0.00003
-0.02682 -0.00271
-0.02826 -0.00402
-0.02905 -0.00361
-0.02874 -0.00384
-0.02659 -0.00429
-0.02616 -0.00458
-0.02391 -0.00287
-0.02155 -0.00056
-0.02015 0.00005
-0.02042 -0.00272
-0.02192 -0.00527
-0.02366 -0.00438
-0.02554 -0.00249
-0.02775 -0.00106
-0.02873 -0.00133
-0.02721 -0.00128
-0.02546 -0.00240
-0.02356 -0.00200
-0.02354 -0.00139
-0.02355 -0.00042
-0.02311 0.00128
-0.02340 0.00008
-0.02376 -0.00255
-0.02235 -0.00461
-0.02277 -0.00631
-0.02480 -0.00702
-0.02666 -0.00454
-0.02743 -0.00062
-0.02661 0.00275
-0.02641 0.00080
-0.02489 -0.00241
-0.02295 -0.00389
-0.02354 -0.00550
-0.02307 -0.00306
-0.02272 -0.00305
-0.02282 -0.00086
-0.02309 0.00053
