-0.01113 -0.00555
-0.01166 -0.00463
-0.01205 -0.00674
-0.01246 -0.00473
-0.01219 -0.00323
-0.01264 -0.00314
-0.01204 -0.00299
-0.01136 -0.00295
-0.01104 -0.00561
-0.01011 -0.00411
-0.01128 -0.00278
-0.01265 -0.00426
-0.01386 -0.00697
-0.01388 -0.00702
-0.01322 -0.00608
-0.01116 -0.00370
-0.01112 -0.00364
-0.01144 -0.00388
-0.01212 -0.00196
-0.01263 -0.00519
-0.01222 -0.00601
-0.01269 -0.00769
-0.01239 -0.00574
-0.01145 -0.00511
-0.00842 -0.00260
-0.00943 -0.00274
-0.01098 -0.00163
-0.01340 -0.00315
-0.01579 -0.00319
-0.01489 -0.00659
-0.01161 -0.00887
-0.00774 -0.00594
-0.00112 -0.00362
0.00479 -0.00236
0.01013 -0.00352
0.01304 -0.00450
0.01467 -0.00471
0.01771 -0.00155
0.02197 -0.00321
0.02662 -0.00410
0.03009 -0.00343
0.03409 -0.00217
0.03794 -0.00026
0.04139 0.00045
0.04587 -0.00024
0.04921 -0.00193
0.05168 -0.00119
0.05512 0.00022
0.05933 0.00188
0.06355 0.00316
0.06931 0.00391
0.07354 0.00248
0.07853 0.00241
0.08223 0.00276
0.08494 0.00541
0.08804 0.00579
0.09174 0.00473
0.09436 0.00499
0.09582 0.00563
0.10022 0.00582
0.10335 0.00617
0.10887 0.00628
0.11351 0.00668
0.11847 0.00663
0.12236 0.00738
0.12596 0.00876
0.12804 0.00992
0.13195 0.01146
0.13554 0.01156
0.14009 0.01262
0.14410 0.01363
0.14919 0.01432
0.15415 0.01521
0.15866 0.01543
0.16129 0.01557
0.16526 0.01642
0.16741 0.01729
0.16768 0.01721
0.16889 0.01713
0.17383 0.01714
0.18035 0.01705
0.18598 0.02081
0.19101 0.02548
0.19577 0.02705
0.19988 0.02847
0.20233 0.02778
0.20558 0.02719
0.20768 0.02710
0.20944 0.02851
0.21368 0.02845
0.21849 0.02817
0.22300 0.03019
0.22728 0.03136
0.23228 0.03211
0.23823 0.03200
0.24256 0.03084
0.24470 0.03381
0.24830 0.03508
0.25042 0.03812
0.25360 0.04079
0.25721 0.04224
0.25879 0.04415
0.26284 0.04580
0.26603 0.04591
0.26984 0.04527
0.27588 0.04700
0.27699 0.04852
0.28071 0.05080
0.28499 0.05139
0.29138 0.05050
0.29698 0.05392
0.30535 0.05621
0.30535 0.05621
0.30742 0.05752
0.30999 0.06166
0.31346 0.06225
0.31470 0.06340
0.31921 0.06474
0.32223 0.06470
0.32518 0.06604
0.33633 0.07166
0.34224 0.07427
0.35492 0.07526
0.35882 0.07851
0.35893 0.07858
0.36370 0.08145
0.36399 0.08162
0.36737 0.08454
0.37202 0.08484
0.37736 0.08669
0.38229 0.08888
0.39612 0.09483
0.39862 0.09585
0.40463 0.09748
0.40478 0.09753
0.41058 0.10048
0.41072 0.10054
0.41412 0.10297
0.41655 0.10384
0.41997 0.10746
0.42267 0.10970
0.42703 0.11064
0.43236 0.11475
0.43250 0.11485
0.43617 0.11630
0.44403 0.12009
0.44423 0.12019
0.44946 0.12268
0.46034 0.12435
0.46087 0.12448
0.46203 0.12629
0.46410 0.12982
0.47747 0.13549
0.47900 0.13514
0.48084 0.13605
0.48180 0.14083
0.48395 0.14532
0.48724 0.14646
0.49614 0.14945
0.49750 0.14886
0.50131 0.14991
0.50453 0.15137
0.50757 0.15380
0.51016 0.15559
0.51390 0.16037
0.52430 0.16968
0.52740 0.16920
0.52927 0.16940
0.52931 0.17073
0.53047 0.17206
0.53335 0.17614
0.53611 0.17971
0.54205 0.18157
0.54832 0.18297
0.55424 0.18622
0.55766 0.18889
0.55951 0.19196
0.56092 0.19448
0.56237 0.19525
0.56297 0.19759
0.56595 0.20171
0.57062 0.20320
0.57423 0.20404
0.57761 0.20540
0.57947 0.20673
0.58372 0.20987
0.58638 0.21213
0.59013 0.21491
0.59326 0.21904
0.59489 0.22128
0.60062 0.22559
0.60470 0.22464
0.60925 0.22624
0.61110 0.22673
0.61215 0.23059
0.61300 0.23455
0.61528 0.23822
0.61792 0.24140
0.62222 0.24341
0.62660 0.24475
0.63060 0.24758
0.63319 0.25138
0.63461 0.25416
0.63670 0.25899
0.63879 0.26023
0.64262 0.26366
0.64761 0.26428
0.65051 0.26652
0.65288 0.26837
0.65626 0.26907
0.66088 0.27158
0.66315 0.27245
0.66602 0.27567
0.66681 0.28109
0.66885 0.28467
0.67158 0.28496
0.67500 0.28850
0.67857 0.29281
0.68270 0.29574
0.68448 0.29973
0.68758 0.30360
0.69169 0.30665
0.69498 0.30627
0.69797 0.30685
0.70005 0.30730
0.70187 0.31237
0.70289 0.31691
0.70466 0.31922
0.70572 0.31993
0.70769 0.31983
0.70944 0.32148
0.71259 0.32542
0.71644 0.33019
0.71937 0.33504
0.72560 0.33867
0.72828 0.34506
0.73156 0.34835
0.73540 0.35168
0.73596 0.35407
0.73630 0.35456
0.73660 0.35960
0.74241 0.36293
0.74530 0.36612
0.74667 0.36495
0.74907 0.36814
0.75077 0.37165
0.75282 0.37564
0.75390 0.37989
0.75639 0.38231
0.75998 0.38574
0.76456 0.39014
0.76889 0.39428
0.77392 0.39982
0.77622 0.40294
0.77559 0.40587
0.77537 0.40861
0.77641 0.41019
0.77765 0.41093
0.78015 0.41283
0.78283 0.41397
0.78641 0.41534
0.78916 0.41883
0.79219 0.42371
0.79439 0.42744
0.79732 0.43060
0.79802 0.43454
0.79934 0.44054
0.80337 0.44390
0.80442 0.44700
0.80508 0.44810
0.80807 0.44867
0.81076 0.45292
0.81331 0.46012
0.81587 0.46545
0.81859 0.46982
0.82256 0.47158
0.82696 0.47401
0.82826 0.47822
0.82985 0.47906
0.83042 0.48060
0.82772 0.48605
0.82768 0.48618
0.82879 0.49060
0.83703 0.49924
0.83721 0.49945
0.84250 0.50196
0.84469 0.50569
0.84569 0.51356
0.84572 0.51374
0.84812 0.51384
0.85371 0.51795
0.85385 0.51804
0.85512 0.52253
0.85648 0.52781
0.85889 0.53554
0.85919 0.53854
0.85881 0.53934
0.86068 0.54055
0.86821 0.55075
0.86837 0.55097
0.87193 0.55430
0.87575 0.56333
0.87586 0.56356
0.87689 0.57076
0.87576 0.57395
0.87528 0.57664
0.87521 0.58092
0.88375 0.58544
0.88391 0.58554
0.88690 0.58777
0.88888 0.59235
0.88884 0.59770
0.88971 0.60385
0.88974 0.60403
0.88948 0.60665
0.89179 0.60838
0.89385 0.61252
0.90088 0.61898
0.90069 0.62663
0.90124 0.63150
0.90368 0.63932
0.90663 0.64291
0.90899 0.64668
0.91085 0.64815
0.91047 0.64957
0.90992 0.65166
0.91631 0.66463
0.92079 0.67373
0.92091 0.67396
0.92200 0.67752
0.92368 0.68312
0.92419 0.69178
0.92420 0.69202
0.92545 0.69612
0.92641 0.69857
0.92684 0.70129
0.92743 0.70290
0.92768 0.70446
0.93039 0.70621
0.93131 0.70886
0.93409 0.72488
0.93578 0.72751
0.93780 0.73392
0.94057 0.73850
0.94214 0.74420
0.94154 0.74943
0.94407 0.76363
0.94429 0.76455
0.94623 0.76756
0.94829 0.76749
0.94937 0.76754
0.95010 0.76989
0.94969 0.77459
0.95215 0.78104
0.95174 0.78575
0.95163 0.79049
0.95130 0.79480
0.95196 0.79500
0.95341 0.79977
0.95542 0.80363
0.95629 0.80897
0.95742 0.81335
0.95792 0.81454
0.95987 0.81640
0.95916 0.82319
0.96034 0.82858
0.96154 0.83368
0.96246 0.83732
0.96376 0.84033
0.96479 0.84308
0.96499 0.84534
0.96659 0.84928
0.96819 0.85409
0.96901 0.85887
0.96873 0.86173
0.96786 0.86675
0.96862 0.87025
0.96891 0.87422
0.96998 0.87828
0.97090 0.88118
0.97101 0.88617
0.96978 0.89061
0.96937 0.89355
0.97129 0.89770
0.97284 0.90380
0.97328 0.90799
0.97361 0.91060
0.97433 0.91221
0.97495 0.91383
0.97471 0.91732
0.97503 0.92104
0.97648 0.92453
0.97735 0.92928
0.97708 0.93347
0.97780 0.93729
0.97699 0.94039
0.97665 0.94459
0.97678 0.94922
0.97871 0.95180
0.97976 0.95548
0.97902 0.95712
0.97794 0.96100
0.97893 0.96464
0.97945 0.96885
0.97929 0.97224
0.97858 0.97704
0.97929 0.98157
0.98018 0.98581
0.98215 0.99157
0.98299 0.99436
0.98173 0.99835
0.98013 1.00123
0.98033 1.00401
0.98078 1.00663
0.98086 1.01225
0.98268 1.01723
0.98352 1.02212
0.98110 1.03267
0.98107 1.03295
0.98258 1.03541
0.98097 1.03861
0.97938 1.04386
0.97854 1.04788
0.97872 1.05231
0.97879 1.05470
0.97923 1.05960
0.97911 1.06334
0.97892 1.06522
0.97694 1.06810
0.97677 1.07117
0.98057 1.08255
0.97809 1.09391
0.97806 1.09416
0.97736 1.10239
0.97741 1.10656
0.97778 1.11141
0.97643 1.11674
0.97559 1.12163
0.97486 1.12670
0.97385 1.13396
0.97380 1.13415
0.97472 1.13682
0.97505 1.14091
0.97311 1.14588
0.97333 1.14923
0.97235 1.15599
0.97232 1.15621
0.97180 1.15974
0.97163 1.16237
0.96973 1.17664
0.96846 1.17994
0.96785 1.18277
0.96621 1.18502
0.96521 1.19560
0.96240 1.20974
0.96030 1.21332
0.95876 1.21816
0.95887 1.22043
0.95874 1.22241
0.96012 1.22531
0.95529 1.23198
0.95519 1.23214
0.95480 1.23749
0.95430 1.24346
0.95628 1.24731
0.95262 1.25653
0.95255 1.25677
0.95076 1.26214
0.94869 1.26631
0.94659 1.26641
0.94571 1.26996
0.94567 1.27008
0.94592 1.27295
0.94499 1.27965
0.94225 1.28573
0.93942 1.29191
0.93749 1.29622
0.93869 1.29802
0.93840 1.30100
0.93770 1.30484
0.93870 1.30348
0.93633 1.30938
0.93582 1.31435
0.93535 1.32062
0.93287 1.32150
0.92934 1.32665
0.92717 1.33021
0.92919 1.33273
0.92901 1.33551
0.92682 1.33901
0.92414 1.34155
0.92274 1.34492
0.92266 1.34708
0.92256 1.35268
0.92476 1.35369
0.92462 1.35742
0.92229 1.35974
0.91957 1.35978
0.91578 1.36027
0.91315 1.36186
0.91022 1.36484
0.90974 1.37037
0.90858 1.37787
0.91024 1.38546
0.90970 1.39353
0.90936 1.39724
0.90604 1.40330
0.90331 1.40733
0.90387 1.41094
0.90388 1.41040
0.90164 1.41211
0.89907 1.41203
0.89916 1.41245
0.89804 1.41484
0.89579 1.41786
0.89283 1.42082
0.88945 1.42277
0.88699 1.42968
0.88584 1.43695
0.88354 1.44551
0.88310 1.45279
0.88274 1.45811
0.88176 1.46303
0.87978 1.46836
0.87764 1.47068
0.87584 1.47397
0.87315 1.47690
0.87253 1.47807
0.87196 1.47733
0.87131 1.47952
0.86863 1.48434
0.86404 1.48809
0.86136 1.49193
0.85946 1.49585
0.85769 1.50043
0.85660 1.50683
0.85306 1.51120
0.85139 1.51418
0.85047 1.51835
0.85019 1.52057
0.84943 1.52437
0.84769 1.52869
0.84376 1.53281
0.83941 1.53559
0.83679 1.53890
0.83705 1.54316
0.83858 1.54652
0.83793 1.54944
0.83433 1.55213
0.83172 1.55214
0.82982 1.55304
0.82532 1.55474
0.82335 1.55944
0.81973 1.56494
0.81881 1.56953
0.81740 1.57580
0.81806 1.58070
0.81661 1.58400
0.81446 1.58790
0.81023 1.58868
0.80685 1.59066
0.80545 1.59251
0.80035 1.59581
0.80278 1.60197
0.80240 1.60577
0.80006 1.60923
0.79839 1.61226
0.79245 1.61304
0.78961 1.61571
0.78766 1.61956
0.78486 1.62511
0.78198 1.62883
0.78057 1.63206
0.77892 1.63518
0.77548 1.63974
0.77228 1.64356
0.76895 1.64687
0.76690 1.64867
0.76450 1.64997
0.76363 1.65302
0.75889 1.65887
0.75877 1.65903
0.75877 1.66215
0.75679 1.66636
0.75372 1.67159
0.74951 1.67608
0.74397 1.68436
0.74385 1.68455
0.74233 1.68682
0.74096 1.68943
0.73853 1.68992
0.73469 1.69054
0.73329 1.69217
0.72442 1.70111
0.71589 1.70901
0.71319 1.71149
0.71035 1.71880
0.71024 1.71897
0.70757 1.72409
0.69628 1.73567
0.69478 1.73691
0.69359 1.73970
0.69043 1.74252
0.68617 1.74254
0.68059 1.74145
0.68009 1.74311
0.67974 1.74830
0.67864 1.75376
0.67549 1.75671
0.66982 1.75793
0.66790 1.75974
0.66685 1.76125
0.66563 1.76397
0.66277 1.76637
0.65968 1.76978
0.65424 1.77426
0.65138 1.77748
0.64678 1.77967
0.64378 1.78115
0.64276 1.78432
0.63972 1.78740
0.63444 1.79449
0.63431 1.79466
0.63195 1.79618
0.62831 1.79795
0.62220 1.80299
0.62204 1.80312
0.61727 1.80449
0.61527 1.80632
0.61479 1.80842
0.60399 1.81408
0.59725 1.81795
0.59708 1.81803
0.59542 1.82217
0.59127 1.82650
0.58967 1.83143
0.58876 1.83450
0.58720 1.83522
0.58453 1.83665
0.57934 1.83634
0.57464 1.83780
0.57162 1.84054
0.56279 1.84810
0.56260 1.84826
0.56046 1.85086
0.56034 1.85402
0.55681 1.85711
0.55484 1.86066
0.55240 1.86556
0.54647 1.86756
0.54178 1.86761
0.53768 1.86934
0.53465 1.87081
0.53184 1.87115
0.53039 1.87307
0.52861 1.87434
0.52627 1.87775
0.52370 1.88118
0.52153 1.88303
0.51767 1.88486
0.51328 1.88881
0.50782 1.89061
0.50023 1.89089
0.49706 1.89517
0.49649 1.89960
0.49531 1.90164
0.49362 1.90515
0.48949 1.90474
0.48324 1.90414
0.47903 1.90423
0.47741 1.90582
0.47245 1.90823
0.46803 1.90927
0.46608 1.91267
0.46497 1.91859
0.46175 1.92201
0.45695 1.92225
0.45290 1.92231
0.45099 1.92337
0.44842 1.92320
0.44452 1.92548
0.44176 1.92785
0.43673 1.93105
0.43318 1.93275
0.42831 1.93370
0.42599 1.93521
0.42271 1.93756
0.41921 1.93983
0.41609 1.94167
0.41256 1.94288
0.40909 1.94455
0.40582 1.94701
0.40310 1.94875
0.40050 1.94886
0.39641 1.94963
0.39207 1.95299
0.38672 1.95553
0.38257 1.95807
0.37900 1.95972
0.37662 1.96160
0.37431 1.96320
0.37207 1.96359
0.37022 1.96386
0.36640 1.96513
0.36044 1.96661
0.35459 1.96660
0.35229 1.96924
0.35027 1.97092
0.34720 1.97297
0.34499 1.97412
0.34120 1.97484
0.33730 1.97599
0.33151 1.97739
0.32630 1.97920
0.32094 1.98190
0.31779 1.98452
0.31384 1.98629
0.31066 1.98643
0.30769 1.98813
0.30366 1.98920
0.30038 1.98983
0.29672 1.99096
0.29142 1.99324
0.28825 1.99613
0.28494 1.99883
0.28123 2.00021
0.27725 2.00004
0.27320 2.00039
0.27122 2.00043
0.26774 2.00126
0.26435 2.00247
0.26106 2.00201
0.25842 2.00399
0.25630 2.00726
0.24920 2.01196
0.24536 2.01192
0.23948 2.01287
0.23115 2.01544
0.23056 2.01717
0.22228 2.01852
0.22228 2.01852
0.21897 2.01697
0.21602 2.01791
0.21038 2.01893
0.20567 2.02310
0.20162 2.02481
0.19499 2.02633
0.19268 2.02534
0.18955 2.02573
0.18412 2.02624
0.18057 2.02700
0.17602 2.02976
0.17590 2.02982
0.17224 2.03105
0.16474 2.03080
0.16455 2.03077
0.16178 2.03107
0.15837 2.03210
0.15379 2.03281
0.13955 2.03617
0.13463 2.03653
0.12999 2.03671
0.12565 2.03654
0.12553 2.03656
0.12331 2.03724
0.11997 2.03845
0.11543 2.03915
0.11004 2.03916
0.09801 2.03969
0.09347 2.04067
0.08507 2.04299
0.08486 2.04305
0.08348 2.04398
0.08095 2.04603
0.07386 2.04754
0.07371 2.04759
0.06798 2.04548
0.06384 2.04392
0.05989 2.04351
0.05457 2.04494
0.05039 2.04649
0.04768 2.04950
0.04522 2.04923
0.04388 2.04982
0.03610 2.04901
0.03591 2.04901
0.02884 2.04722
0.02464 2.04742
0.01469 2.04976
0.01447 2.04982
0.01093 2.05155
0.00716 2.05150
0.00008 2.05051
-0.00009 2.05051
-0.00028 2.05207
-0.00390 2.05077
-0.01066 2.04798
-0.01580 2.04927
-0.01765 2.05080
-0.02090 2.05447
-0.02471 2.05641
-0.02778 2.05589
-0.03139 2.05520
-0.03674 2.05475
-0.04236 2.05170
-0.04587 2.05033
-0.04926 2.04903
-0.05172 2.05244
-0.05635 2.05396
-0.06080 2.05381
-0.06402 2.05352
-0.06761 2.05318
-0.07070 2.05195
-0.07577 2.05126
-0.08069 2.05215
-0.08538 2.05321
-0.09018 2.05389
-0.09519 2.05411
-0.09877 2.05304
-0.10027 2.05080
-0.10383 2.04646
-0.10926 2.04609
-0.11222 2.04664
-0.11521 2.04779
-0.11853 2.05037
-0.12164 2.05297
-0.12721 2.05281
-0.13326 2.04969
-0.13913 2.04936
-0.14216 2.04809
-0.14506 2.04830
-0.14788 2.04933
-0.15044 2.04903
-0.15080 2.04800
-0.15297 2.04731
-0.15591 2.04547
-0.16366 2.04367
-0.16764 2.04315
-0.17170 2.04252
-0.17713 2.04437
-0.18391 2.04357
-0.19105 2.04553
-0.19374 2.04608
-0.19483 2.04547
-0.19996 2.04368
-0.20304 2.04044
-0.20553 2.03893
-0.20941 2.03746
-0.21430 2.03682
-0.21716 2.03550
-0.21844 2.03339
-0.22039 2.03333
-0.22522 2.03513
-0.22665 2.03927
-0.22904 2.04129
-0.23557 2.03935
-0.24399 2.03489
-0.25210 2.02903
-0.25621 2.02669
-0.26068 2.02595
-0.26228 2.02646
-0.26431 2.02855
-0.26481 2.03191
-0.26690 2.03051
-0.27099 2.02811
-0.27616 2.02565
-0.28225 2.02431
-0.28861 2.02154
-0.29279 2.02089
-0.29703 2.02004
-0.30165 2.01939
-0.30504 2.01914
-0.30863 2.02005
-0.30972 2.01895
-0.31372 2.01532
-0.31930 2.01424
-0.32173 2.01100
-0.32681 2.01051
-0.33149 2.00934
-0.33501 2.00979
-0.33705 2.00984
-0.33864 2.01102
-0.34171 2.00997
-0.34514 2.00754
-0.34710 2.00664
-0.34908 2.00438
-0.35391 1.99991
-0.35826 1.99748
-0.36323 1.99692
-0.36848 1.99635
-0.37240 1.99612
-0.37749 1.99740
-0.38050 1.99798
-0.38533 1.99716
-0.38945 1.99466
-0.39348 1.99342
-0.39679 1.99190
-0.39974 1.99288
-0.40183 1.99268
-0.40590 1.98651
-0.40601 1.98636
-0.40911 1.98277
-0.41357 1.98016
-0.41728 1.97722
-0.41965 1.97720
-0.42386 1.97760
-0.44127 1.97092
-0.44682 1.96952
-0.45109 1.96924
-0.45261 1.96925
-0.45649 1.96550
-0.46095 1.95969
-0.46848 1.95474
-0.47773 1.95413
-0.47797 1.95406
-0.47877 1.95625
-0.48002 1.95431
-0.48170 1.95137
-0.48476 1.94864
-0.49036 1.94747
-0.49564 1.94605
-0.50576 1.94288
-0.50565 1.94297
-0.51008 1.94177
-0.51166 1.94161
-0.51316 1.94145
-0.51621 1.93922
-0.52473 1.93176
-0.53030 1.92782
-0.53061 1.92763
-0.53477 1.92575
-0.53973 1.92368
-0.54915 1.91873
-0.55792 1.91453
-0.55792 1.91453
-0.56109 1.91122
-0.56275 1.90809
-0.56520 1.90503
-0.56781 1.90333
-0.57104 1.90296
-0.57628 1.90242
-0.57928 1.90109
-0.58290 1.89830
-0.58606 1.89534
-0.58615 1.89526
-0.58858 1.89149
-0.59225 1.88874
-0.59768 1.88562
-0.60141 1.88508
-0.60639 1.88438
-0.61528 1.87629
-0.62072 1.87222
-0.62098 1.87200
-0.62262 1.86833
-0.62658 1.86719
-0.63029 1.86250
-0.63529 1.86009
-0.63987 1.86005
-0.64411 1.85862
-0.64574 1.85864
-0.64623 1.85408
-0.64804 1.85124
-0.64987 1.84872
-0.65274 1.84611
-0.65856 1.84216
-0.66254 1.83975
-0.66814 1.83699
-0.67137 1.83388
-0.67505 1.83289
-0.67715 1.83326
-0.67801 1.83255
-0.68029 1.83033
-0.68375 1.82715
-0.68621 1.82204
-0.68791 1.81738
-0.69056 1.81122
-0.69211 1.80957
-0.69462 1.80964
-0.69999 1.80934
-0.70257 1.80772
-0.70602 1.80338
-0.71045 1.79867
-0.71484 1.79877
-0.71786 1.79727
-0.72048 1.79604
-0.72202 1.79208
-0.72490 1.78927
-0.72774 1.78570
-0.73074 1.78269
-0.73174 1.77953
-0.73494 1.77529
-0.73754 1.77284
-0.74147 1.77066
-0.74700 1.76900
-0.75031 1.76673
-0.75468 1.76363
-0.75677 1.76059
-0.75812 1.75892
-0.75992 1.75780
-0.76227 1.75733
-0.76504 1.75540
-0.76775 1.75275
-0.76952 1.74749
-0.77187 1.74310
-0.77519 1.73872
-0.77931 1.73675
-0.78380 1.73250
-0.78647 1.73277
-0.78946 1.73176
-0.79078 1.72913
-0.79228 1.72587
-0.79486 1.72114
-0.79771 1.71912
-0.80103 1.71715
-0.80435 1.71563
-0.80827 1.71324
-0.81207 1.71106
-0.81438 1.70872
-0.81544 1.70290
-0.81585 1.69959
-0.81712 1.69718
-0.82002 1.69305
-0.82264 1.69008
-0.82473 1.69087
-0.82633 1.68495
-0.82673 1.67879
-0.82934 1.67519
-0.83223 1.67169
-0.83815 1.66708
-0.84089 1.66472
-0.84412 1.66340
-0.84785 1.66191
-0.85030 1.66007
-0.85275 1.66038
-0.85268 1.65660
-0.85364 1.64945
-0.85796 1.64290
-0.86118 1.64073
-0.86578 1.63774
-0.86591 1.63763
-0.86631 1.63682
-0.86751 1.63329
-0.86935 1.63010
-0.87559 1.61315
-0.88314 1.61098
-0.88332 1.61090
-0.88635 1.61017
-0.88902 1.60757
-0.89371 1.59720
-0.89382 1.59695
-0.90010 1.58741
-0.90273 1.58555
-0.90430 1.58261
-0.90542 1.57430
-0.90545 1.57409
-0.90794 1.57072
-0.90977 1.56724
-0.91211 1.56519
-0.91352 1.56389
-0.91525 1.56097
-0.91778 1.55694
-0.91949 1.55370
-0.92227 1.55013
-0.92515 1.54678
-0.92708 1.54340
-0.92869 1.54031
-0.93082 1.53621
-0.93439 1.53176
-0.93495 1.53055
-0.93430 1.52795
-0.93432 1.52788
-0.93413 1.52236
-0.93767 1.51486
-0.94123 1.51252
-0.94502 1.51017
-0.95068 1.50478
-0.95081 1.50465
-0.95348 1.50088
-0.95659 1.49676
-0.95671 1.49573
-0.95896 1.49043
-0.96056 1.48655
-0.96435 1.48139
-0.96445 1.48124
-0.96533 1.47912
-0.96564 1.47388
-0.96482 1.46828
-0.96549 1.46427
-0.96635 1.45987
-0.97335 1.45145
-0.97656 1.45001
-0.98176 1.44938
-0.98240 1.44751
-0.98383 1.44420
-0.98458 1.43104
-0.98458 1.43104
-0.98472 1.42344
-0.98659 1.41926
-0.98688 1.41792
-0.98764 1.41432
-0.99101 1.41340
-0.99268 1.41135
-0.99366 1.40620
-0.99561 1.40157
-0.99654 1.39728
-0.99851 1.39358
-0.99992 1.39069
-1.00155 1.38752
-1.00209 1.38300
-1.00218 1.37821
-1.00419 1.37431
-1.00542 1.37212
-1.00780 1.36959
-1.00918 1.36867
-1.01013 1.36573
-1.01131 1.36146
-1.01183 1.35779
-1.01046 1.35285
-1.01169 1.34658
-1.01248 1.34133
-1.01294 1.33490
-1.01349 1.33143
-1.01611 1.32712
-1.01754 1.32399
-1.02118 1.32081
-1.02394 1.32047
-1.02627 1.31873
-1.02846 1.31489
-1.02867 1.31047
-1.03051 1.30471
-1.03082 1.30035
-1.03113 1.29824
-1.02959 1.29547
-1.02874 1.29174
-1.02935 1.28698
-1.03192 1.28445
-1.03303 1.28160
-1.03525 1.27729
-1.03575 1.27361
-1.03675 1.26826
-1.03724 1.26609
-1.03972 1.26318
-1.04297 1.26010
-1.04437 1.25582
-1.04531 1.25391
-1.04478 1.24696
-1.04311 1.24005
-1.04101 1.23587
-1.04217 1.23070
-1.04428 1.22590
-1.04580 1.22244
-1.04742 1.21889
-1.04999 1.21452
-1.05080 1.21035
-1.04907 1.21007
-1.04964 1.20703
-1.05046 1.20479
-1.05058 1.20010
-1.05253 1.19845
-1.05279 1.19473
-1.05616 1.18795
-1.05859 1.18322
-1.05741 1.17889
-1.05648 1.17372
-1.05558 1.17088
-1.05569 1.17050
-1.05596 1.16873
-1.05805 1.16552
-1.06065 1.15671
-1.06200 1.15177
-1.06126 1.14245
-1.06208 1.13867
-1.06201 1.13782
-1.06318 1.13678
-1.06517 1.13537
-1.06661 1.13128
-1.06458 1.12630
-1.06422 1.11879
-1.06464 1.11284
-1.06404 1.10721
-1.06556 1.10605
-1.06750 1.10316
-1.06947 1.10096
-1.06922 1.09896
-1.06834 1.09689
-1.06714 1.09261
-1.06575 1.08870
-1.06414 1.08421
-1.06633 1.07726
-1.06781 1.07208
-1.06803 1.06733
-1.06686 1.06213
-1.06677 1.05842
-1.06712 1.05586
-1.06748 1.05313
-1.06679 1.04794
-1.06676 1.04781
-1.06662 1.04399
-1.06665 1.04029
-1.06838 1.02749
-1.06647 1.02320
-1.06653 1.01336
-1.06653 1.01311
-1.06934 1.00872
-1.06981 1.00529
-1.07045 1.00130
-1.06648 0.98248
-1.06578 0.97951
-1.06716 0.97668
-1.06737 0.97550
-1.06775 0.97520
-1.06762 0.97468
-1.06666 0.97108
-1.06569 0.96709
-1.06630 0.95531
-1.06631 0.95503
-1.06634 0.95078
-1.06550 0.94718
-1.06482 0.94204
-1.06436 0.93610
-1.06469 0.93277
-1.06306 0.91899
-1.06043 0.91478
-1.06295 0.91253
-1.06319 0.91120
-1.06352 0.91060
-1.06435 0.90884
-1.06243 0.90607
-1.06020 0.90092
-1.05740 0.89561
-1.05809 0.88867
-1.05776 0.88219
-1.05818 0.87757
-1.05736 0.86476
-1.05584 0.85435
-1.05580 0.85409
-1.05245 0.84964
-1.04911 0.84843
-1.04911 0.84843
-1.04710 0.84714
-1.04823 0.84374
-1.04961 0.84021
-1.04977 0.83627
-1.04925 0.83291
-1.04590 0.82184
-1.04456 0.81537
-1.04259 0.80985
-1.04003 0.79287
-1.04068 0.78748
-1.03948 0.78655
-1.03826 0.78416
-1.03643 0.78222
-1.03305 0.77495
-1.03283 0.77212
-1.03172 0.76962
-1.02909 0.75654
-1.02902 0.75626
-1.02919 0.74969
-1.02673 0.74272
-1.02434 0.73685
-1.02500 0.73420
-1.02650 0.73123
-1.02771 0.72962
-1.02601 0.72772
-1.02192 0.72283
-1.01697 0.71747
-1.01252 0.71389
-1.01124 0.71264
-1.01318 0.71295
-1.01322 0.70947
-1.01521 0.70599
-1.01467 0.70348
-1.01328 0.69929
-1.01112 0.69342
-1.01006 0.68778
-1.00969 0.68413
-1.00883 0.67851
-1.00842 0.67489
-1.00758 0.67148
-1.00505 0.66914
-1.00170 0.66714
-0.99954 0.66359
-0.99881 0.66102
-0.99810 0.66050
-0.99667 0.65834
-0.99501 0.65512
-0.99462 0.65086
-0.99368 0.64502
-0.99004 0.63892
-0.98916 0.63343
-0.98824 0.62771
-0.98701 0.62407
-0.98616 0.62099
-0.98306 0.61934
-0.98092 0.61755
-0.97947 0.61573
-0.97929 0.61133
-0.98011 0.60549
-0.97956 0.59899
-0.97648 0.59208
-0.97358 0.58526
-0.96920 0.58496
-0.96663 0.58680
-0.96418 0.58483
-0.96486 0.58346
-0.96526 0.58188
-0.96421 0.57845
-0.96306 0.57314
-0.96173 0.56674
-0.95854 0.56104
-0.95675 0.55768
-0.95489 0.55504
-0.95246 0.55170
-0.95038 0.54457
-0.94909 0.53840
-0.94711 0.53304
-0.94541 0.52797
-0.94280 0.52719
-0.94018 0.52793
-0.93750 0.52840
-0.93514 0.53038
-0.93325 0.52519
-0.93320 0.52300
-0.93152 0.51599
-0.92834 0.50898
-0.92349 0.50384
-0.91873 0.50226
-0.91761 0.49905
-0.91652 0.49631
-0.91782 0.49088
-0.91595 0.48678
-0.91276 0.48164
-0.90762 0.47903
-0.90263 0.47652
-0.90052 0.47398
-0.89889 0.46964
-0.89661 0.46452
-0.89505 0.45960
-0.89489 0.45749
-0.89409 0.45756
-0.89204 0.45832
-0.89036 0.45657
-0.88720 0.45297
-0.88622 0.44717
-0.88385 0.44179
-0.87884 0.43565
-0.87755 0.43104
-0.87458 0.42675
-0.87211 0.42278
-0.87110 0.42157
-0.86890 0.41858
-0.86588 0.41594
-0.86253 0.41641
-0.85739 0.41238
-0.85444 0.40693
-0.85385 0.40304
-0.85238 0.40025
-0.85324 0.39737
-0.85350 0.39662
-0.85133 0.39431
-0.84878 0.39299
-0.83893 0.38009
-0.83693 0.37113
-0.83257 0.36482
-0.82947 0.36135
-0.82720 0.35820
-0.82653 0.35879
-0.82396 0.35947
-0.82149 0.35908
-0.82143 0.35905
-0.81888 0.35582
-0.81614 0.35342
-0.81079 0.34712
-0.80636 0.33595
-0.80742 0.33628
-0.80612 0.33240
-0.80460 0.33175
-0.80210 0.33202
-0.79908 0.33117
-0.79608 0.33000
-0.79348 0.32713
-0.79063 0.32139
-0.78749 0.31576
-0.78263 0.31245
-0.77817 0.30865
-0.77807 0.30855
-0.77625 0.30502
-0.77404 0.30206
-0.76692 0.29707
-0.76692 0.29707
-0.76289 0.29427
-0.75998 0.29214
-0.75684 0.28726
-0.75676 0.28713
-0.75437 0.28556
-0.75126 0.28211
-0.74946 0.27884
-0.74795 0.27597
-0.73874 0.27112
-0.72583 0.26083
-0.72391 0.25669
-0.72311 0.25458
-0.72138 0.24967
-0.71950 0.24567
-0.71676 0.24415
-0.71358 0.24270
-0.71049 0.24376
-0.70462 0.24251
-0.70076 0.24155
-0.69831 0.23632
-0.69609 0.22920
-0.69573 0.22980
-0.69368 0.22693
-0.68702 0.22729
-0.68684 0.22730
-0.68275 0.22543
-0.67836 0.22197
-0.67520 0.21843
-0.67291 0.21386
-0.67133 0.20971
-0.66915 0.20584
-0.66696 0.20321
-0.66393 0.20438
-0.65979 0.20593
-0.65511 0.20509
-0.65140 0.20224
-0.64701 0.19823
-0.64477 0.19209
-0.64410 0.18678
-0.64161 0.18323
-0.63914 0.18189
-0.63496 0.18121
-0.63233 0.18163
-0.63012 0.18140
-0.62609 0.17942
-0.62244 0.17661
-0.61686 0.17502
-0.61191 0.17149
-0.60913 0.16680
-0.60719 0.16119
-0.60518 0.16002
-0.60090 0.16049
-0.59758 0.15855
-0.59389 0.15573
-0.59139 0.15256
-0.58907 0.14985
-0.58599 0.14790
-0.58016 0.14646
-0.57643 0.14486
-0.57209 0.14228
-0.56761 0.13898
-0.56413 0.13773
-0.55991 0.13803
-0.55989 0.13749
-0.56021 0.13633
-0.55802 0.13783
-0.55418 0.13611
-0.54856 0.13707
-0.54328 0.13255
-0.54034 0.12774
-0.53793 0.12516
-0.53524 0.12286
-0.53310 0.12167
-0.53020 0.12211
-0.52703 0.11984
-0.52464 0.12057
-0.52242 0.12081
-0.51693 0.11851
-0.51315 0.11688
-0.50711 0.11424
-0.50324 0.11295
-0.49949 0.11076
-0.49704 0.10874
-0.49357 0.10551
-0.49099 0.10298
-0.48917 0.10131
-0.48584 0.09833
-0.48207 0.09736
-0.47693 0.09695
-0.47320 0.09592
-0.47018 0.09548
-0.46581 0.09224
-0.46268 0.08928
-0.45877 0.08736
-0.45654 0.08549
-0.45363 0.08313
-0.44911 0.08020
-0.44373 0.07862
-0.44124 0.07880
-0.43829 0.07628
-0.43348 0.07474
-0.43013 0.07264
-0.42910 0.07067
-0.42590 0.06953
-0.42313 0.06897
-0.42014 0.06928
-0.41560 0.06854
-0.41088 0.06961
-0.40631 0.06963
-0.40098 0.06602
-0.38626 0.05966
-0.38564 0.05806
-0.38295 0.05567
-0.37788 0.05552
-0.37598 0.05403
-0.37221 0.05363
-0.36951 0.05178
-0.36441 0.04950
-0.35235 0.04898
-0.34873 0.04628
-0.34730 0.04439
-0.34494 0.04331
-0.34176 0.04013
-0.33719 0.03890
-0.33360 0.03841
-0.32862 0.03939
-0.32447 0.03779
-0.32041 0.03715
-0.31445 0.03607
-0.31431 0.03604
-0.31181 0.03575
-0.30999 0.03376
-0.30680 0.03150
-0.30247 0.02856
-0.29647 0.02753
-0.28962 0.02783
-0.28559 0.02677
-0.28227 0.02519
-0.27936 0.02455
-0.27688 0.02392
-0.27553 0.02243
-0.27358 0.02061
-0.27148 0.01916
-0.26678 0.01800
-0.26012 0.01797
-0.24726 0.01995
-0.24695 0.01999
-0.24276 0.01857
-0.23961 0.01580
-0.23949 0.01575
-0.23725 0.01515
-0.23312 0.01302
-0.22995 0.01179
-0.22527 0.01058
-0.22135 0.01094
-0.21944 0.01138
-0.21543 0.01057
-0.20925 0.01220
-0.19181 0.00915
-0.19014 0.00835
-0.19038 0.00810
-0.18765 0.00850
-0.18252 0.00768
-0.18252 0.00768
-0.17731 0.00907
-0.17330 0.00858
-0.16624 0.00669
-0.16052 0.00608
-0.15562 0.00547
-0.15224 0.00435
-0.14607 0.00254
-0.14591 0.00249
-0.14214 0.00252
-0.13852 0.00141
-0.13617 0.00245
-0.13301 0.00258
-0.12790 0.00069
-0.12381 0.00061
-0.11897 -0.00011
-0.11485 -0.00064
-0.11061 -0.00133
-0.10873 -0.00126
-0.10551 -0.00278
-0.10126 -0.00322
-0.09811 -0.00313
-0.09313 -0.00248
-0.08625 -0.00349
-0.08206 -0.00178
-0.07985 -0.00064
-0.07687 -0.00028
-0.07282 -0.00046
-0.07090 -0.00193
-0.06853 -0.00268
-0.06447 -0.00271
-0.05884 -0.00107
-0.05249 -0.00145
-0.04865 -0.00103
-0.04491 -0.00377
-0.04122 -0.00309
-0.03773 -0.00142
-0.03383 -0.00026
-0.03044 0.00050
-0.02593 -0.00180
-0.02276 -0.00449
-0.01793 -0.00599
-0.01242 -0.00390
-0.00726 -0.00455
-0.00333 -0.00081
-0.00096 0.00082
-0.00395 0.00196
-0.01001 0.00072
-0.01240 -0.00017
-0.01976 -0.00209
-0.02290 -0.00553
-0.01693 -0.00640
-0.01030 -0.00641
-0.00539 -0.00421
-0.00193 -0.00231
-0.00413 0.00026
-0.00905 -0.00132
-0.01383 -0.00279
-0.01578 -0.00226
-0.01642 -0.00278
-0.01407 -0.00246
-0.01154 -0.00314
-0.00888 -0.00207
-0.00875 -0.00304
-0.00959 -0.00312
-0.01071 -0.00260
-0.01182 -0.00174
-0.01168 -0.00071
-0.01309 -0.00065
-0.01366 -0.00267
-0.01417 -0.00171
-0.01522 -0.00295
-0.01532 -0.00145
-0.01418 -0.00028
-0.01198 -0.00085
-0.01132 -0.00157
-0.01063 -0.00307
-0.01082 -0.00284
-0.01190 -0.00446
-0.01106 -0.00330
-0.01151 -0.00197
-0.01162 -0.00277
-0.01225 -0.00429
-0.01223 -0.00539
-0.01248 -0.00349
-0.01287 -0.00214
-0.01174 -0.00364
-0.01188 -0.00542
-0.01265 -0.00502
