-0.00901 0.00202
-0.01039 0.00115
-0.01073 -0.00222
-0.01009 -0.00568
-0.01084 -0.00654
-0.00939 -0.00453
-0.00861 -0.00388
-0.00877 -0.00147
-0.00970 -0.00406
-0.00957 -0.00410
-0.01045 -0.00411
-0.00990 -0.00299
-0.01016 -0.00168
-0.01070 -0.00004
-0.01210 -0.00113
-0.01249 -0.00097
-0.01013 -0.00142
-0.00934 -0.00126
-0.01024 -0.00035
-0.01033 0.00027
-0.01071 -0.00025
-0.00978 -0.00257
-0.01048 -0.00258
-0.00979 -0.00275
-0.00985 -0.00213
-0.00990 -0.00302
-0.01002 -0.00333
-0.01148 -0.00425
-0.01168 -0.00369
-0.01212 -0.00251
-0.01048 -0.00064
-0.01104 -0.00028
-0.01069 -0.00015
-0.01037 -0.00220
-0.01008 -0.00328
-0.00981 -0.00373
-0.00892 -0.00301
-0.00856 -0.00318
-0.00998 -0.00092
-0.01195 -0.00092
-0.01241 -0.00152
-0.01155 -0.00397
-0.01107 -0.00397
-0.01060 -0.00435
-0.01029 -0.00294
-0.00942 -0.00175
-0.00946 -0.00092
-0.01022 -0.00162
-0.01125 -0.00091
-0.01030 -0.00060
-0.01000 -0.00044
-0.01135 -0.00198
-0.01317 -0.00283
-0.01323 -0.00350
-0.01125 -0.00229
-0.01145 -0.00201
-0.00955 -0.00423
-0.00958 -0.00556
-0.01002 -0.00464
-0.01045 -0.00353
-0.01100 -0.00066
-0.01156 0.00228
-0.01103 -0.00013
-0.01082 -0.00184
-0.01151 -0.00301
-0.01105 -0.00375
-0.01207 -0.00284
-0.01173 -0.00264
-0.00945 -0.00301
-0.00611 -0.00340
-0.00226 -0.00146
0.00221 -0.00256
0.00732 -0.00148
0.01435 -0.00157
0.01994 -0.00061
0.02634 -0.00103
0.02967 0.00041
0.03336 0.00066
0.03587 -0.00012
0.03764 0.00174
0.04051 0.00197
0.04459 0.00046
0.04989 0.00077
0.05427 0.00152
0.05852 0.00094
0.06149 0.00082
0.06616 0.00232
0.06931 0.00368
0.07001 0.00446
0.08514 0.00314
0.08795 0.00377
0.09116 0.00465
0.10365 0.00626
0.11173 0.00705
0.11193 0.00706
0.12378 0.00760
0.13082 0.01009
0.13099 0.01014
0.13285 0.01046
0.13728 0.00983
0.14024 0.00981
0.14233 0.01091
0.14641 0.01247
0.15136 0.01436
0.15676 0.01539
0.16146 0.01618
0.16605 0.01670
0.17063 0.01646
0.17322 0.01706
0.17577 0.01694
0.17750 0.01768
0.18019 0.01892
0.18991 0.02170
0.19014 0.02176
0.19568 0.02357
0.19867 0.02513
0.20062 0.02603
0.20344 0.02672
0.21260 0.02668
0.21282 0.02669
0.21529 0.02766
0.21691 0.02874
0.22009 0.03059
0.22480 0.03245
0.23977 0.03582
0.24457 0.03747
0.24948 0.04009
0.25460 0.04221
0.25845 0.04320
0.26253 0.04414
0.26836 0.04437
0.27267 0.04555
0.28323 0.04832
0.28621 0.05098
0.28734 0.05290
0.29022 0.05452
0.29384 0.05449
0.29957 0.05558
0.30593 0.05663
0.31006 0.05691
0.31510 0.05902
0.31938 0.06000
0.32139 0.06067
0.32479 0.06344
0.32640 0.06681
0.32817 0.06938
0.33038 0.07066
0.33527 0.06933
0.34005 0.06790
0.35417 0.07529
0.35672 0.07887
0.36022 0.08179
0.36346 0.08276
0.36761 0.08226
0.37096 0.08187
0.37366 0.08418
0.37801 0.08705
0.38194 0.08997
0.38428 0.08908
0.38820 0.08947
0.39105 0.08996
0.39443 0.09219
0.39792 0.09488
0.40029 0.09876
0.40345 0.10216
0.40817 0.10454
0.41329 0.10439
0.41800 0.10576
0.42069 0.10592
0.42320 0.10722
0.42510 0.11082
0.42647 0.11259
0.43069 0.11462
0.43335 0.11582
0.43722 0.11734
0.44241 0.11957
0.44964 0.12124
0.45515 0.12264
0.45831 0.12478
0.46056 0.12837
0.46177 0.13084
0.46678 0.13225
0.46983 0.13310
0.47152 0.13435
0.47489 0.13749
0.47874 0.14005
0.48196 0.14432
0.48538 0.14892
0.48927 0.15001
0.49247 0.14905
0.49801 0.14922
0.50183 0.14950
0.50405 0.15030
0.50440 0.15310
0.50730 0.15609
0.51099 0.16104
0.51439 0.16257
0.51817 0.16539
0.52301 0.16710
0.52549 0.16791
0.52771 0.16908
0.52868 0.17077
0.53052 0.17216
0.53599 0.17215
0.54078 0.17680
0.54435 0.17983
0.54794 0.18462
0.55240 0.18872
0.55734 0.19204
0.56221 0.19370
0.56580 0.19457
0.56857 0.19518
0.56976 0.19601
0.56939 0.19656
0.57139 0.19767
0.57471 0.19963
0.57853 0.20286
0.58142 0.20704
0.58476 0.21132
0.58895 0.21521
0.59198 0.21706
0.59455 0.21652
0.59811 0.21905
0.60064 0.21907
0.60504 0.22168
0.60787 0.22592
0.61095 0.22694
0.61214 0.22794
0.61363 0.22850
0.61654 0.22996
0.61884 0.23243
0.62260 0.23783
0.62798 0.24414
0.63156 0.25077
0.63548 0.25439
0.63941 0.25790
0.64395 0.26020
0.64544 0.26194
0.64723 0.26291
0.64886 0.26298
0.65096 0.26324
0.65295 0.26464
0.65365 0.26678
0.65491 0.26745
0.65878 0.26928
0.66331 0.27269
0.67116 0.27677
0.67538 0.28011
0.67802 0.28566
0.67850 0.29223
0.68041 0.29733
0.68330 0.29685
0.68534 0.29891
0.68836 0.29792
0.69198 0.30103
0.69450 0.30249
0.69577 0.30224
0.69665 0.30290
0.69729 0.30579
0.69833 0.30813
0.70280 0.31176
0.70756 0.31654
0.71121 0.32310
0.71511 0.33014
0.71968 0.33408
0.72387 0.34020
0.72612 0.34261
0.72854 0.34548
0.72901 0.34516
0.73193 0.34652
0.73201 0.34654
0.73366 0.34739
0.73543 0.34953
0.74377 0.35482
0.74420 0.35506
0.74741 0.35950
0.75145 0.37090
0.75156 0.37120
0.75351 0.37673
0.75630 0.38086
0.75949 0.38342
0.76263 0.38485
0.76550 0.38672
0.76661 0.38937
0.76824 0.39333
0.77068 0.39636
0.77408 0.39932
0.77548 0.39972
0.77681 0.40137
0.77886 0.40331
0.78073 0.40509
0.78345 0.40711
0.78602 0.41051
0.78806 0.41566
0.79123 0.42115
0.79602 0.42770
0.79873 0.43222
0.80190 0.43815
0.80199 0.43831
0.80257 0.43943
0.80311 0.43962
0.80455 0.44124
0.80541 0.43900
0.81012 0.44020
0.81023 0.44024
0.81377 0.44858
0.81565 0.45713
0.81966 0.46338
0.82710 0.47362
0.82729 0.47387
0.83154 0.47586
0.83199 0.47784
0.83272 0.47764
0.83215 0.47761
0.83337 0.48422
0.83340 0.48437
0.83757 0.48888
0.84073 0.49450
0.84389 0.49700
0.84563 0.49964
0.84566 0.50682
0.84566 0.50682
0.84616 0.50932
0.84767 0.51197
0.85746 0.52131
0.85764 0.52146
0.85951 0.52449
0.86182 0.52746
0.86189 0.53116
0.86350 0.54119
0.86356 0.54145
0.86794 0.54419
0.87081 0.54731
0.87308 0.55101
0.87670 0.55313
0.87677 0.55320
0.87736 0.55718
0.87746 0.56229
0.87762 0.56589
0.87902 0.57150
0.88143 0.57455
0.88489 0.57609
0.88876 0.58011
0.89290 0.59187
0.89301 0.59216
0.89361 0.59733
0.89286 0.60168
0.89404 0.60527
0.89538 0.60777
0.89708 0.60986
0.89997 0.61105
0.90294 0.61173
0.90511 0.61411
0.90607 0.61902
0.90567 0.62302
0.90496 0.62640
0.90793 0.63148
0.90964 0.63743
0.91401 0.64709
0.91412 0.64734
0.91429 0.65199
0.91467 0.65261
0.91790 0.65763
0.91795 0.65775
0.91939 0.66184
0.92591 0.67541
0.92404 0.67818
0.92616 0.67962
0.92899 0.68095
0.93138 0.68468
0.93201 0.69010
0.93247 0.69842
0.93340 0.70670
0.93412 0.71073
0.93463 0.71468
0.93640 0.71369
0.93711 0.71583
0.93888 0.71834
0.93919 0.72194
0.93900 0.72611
0.94124 0.73023
0.94297 0.73387
0.94513 0.73788
0.94573 0.74011
0.94675 0.74400
0.94728 0.74792
0.94706 0.75140
0.94818 0.75714
0.94707 0.76160
0.94956 0.76477
0.95134 0.76785
0.95312 0.77024
0.95382 0.77341
0.95490 0.77724
0.95625 0.77982
0.95624 0.78470
0.95704 0.79093
0.95750 0.79328
0.95924 0.79527
0.95898 0.79756
0.95959 0.79984
0.96035 0.80269
0.96133 0.80926
0.96333 0.81626
0.96330 0.82170
0.96491 0.82768
0.96640 0.83425
0.96664 0.83758
0.96676 0.83928
0.96639 0.83999
0.96732 0.84075
0.96702 0.84217
0.96947 0.84632
0.97051 0.85218
0.97285 0.85840
0.97206 0.86536
0.97398 0.86855
0.97358 0.87141
0.97397 0.87339
0.97386 0.87488
0.97392 0.87858
0.97415 0.88272
0.97399 0.88620
0.97512 0.89110
0.97752 0.89220
0.97761 0.89431
0.97741 0.89704
0.97701 0.90218
0.97736 0.90756
0.97840 0.91205
0.97946 0.91590
0.97983 0.92107
0.97890 0.92707
0.97814 0.93107
0.98074 0.93593
0.98273 0.93907
0.98107 0.94162
0.98045 0.94345
0.98054 0.94619
0.98177 0.94816
0.98227 0.95002
0.98064 0.95632
0.98058 0.96171
0.98227 0.96774
0.98385 0.97352
0.98401 0.97767
0.98316 0.98227
0.98174 0.98685
0.98262 0.99077
0.98226 0.99292
0.98303 0.99543
0.98323 0.99704
0.98351 0.99949
0.98372 1.00292
0.98361 1.00801
0.98387 1.01442
0.98336 1.01967
0.98354 1.02492
0.98409 1.02984
0.98493 1.03294
0.98523 1.03635
0.98533 1.04093
0.98456 1.04751
0.98357 1.05055
0.98462 1.05366
0.98442 1.05585
0.98502 1.05893
0.98378 1.06229
0.97978 1.06991
0.97969 1.07008
0.98059 1.07251
0.98285 1.07951
0.98289 1.07968
0.98198 1.08360
0.97916 1.08811
0.97897 1.09250
0.98197 1.10334
0.98202 1.10358
0.98273 1.10754
0.98048 1.11122
0.97971 1.11501
0.97765 1.11797
0.97770 1.12052
0.97708 1.12377
0.97649 1.13006
0.97792 1.13354
0.97783 1.13657
0.97687 1.14342
0.97684 1.14359
0.97610 1.14662
0.97321 1.15007
0.97136 1.15176
0.97431 1.15474
0.97469 1.15927
0.97205 1.17338
0.97201 1.17368
0.97057 1.17679
0.96884 1.17934
0.97284 1.18425
0.97291 1.18439
0.97282 1.18472
0.96988 1.18551
0.96426 1.19551
0.96414 1.19573
0.96456 1.20077
0.96578 1.21014
0.96386 1.21632
0.96222 1.22127
0.96275 1.22519
0.96414 1.22618
0.96162 1.23215
0.96158 1.23231
0.95898 1.23509
0.95739 1.23825
0.95783 1.24066
0.95497 1.24659
0.95497 1.24659
0.95585 1.24680
0.95239 1.25112
0.95003 1.26165
0.94999 1.26192
0.94954 1.26903
0.94923 1.27463
0.94820 1.27998
0.94823 1.28424
0.94745 1.28829
0.94630 1.29161
0.94501 1.29487
0.94335 1.29671
0.94208 1.29837
0.94218 1.29987
0.94036 1.30255
0.93788 1.30609
0.93568 1.31127
0.93446 1.31541
0.93379 1.32212
0.93347 1.32654
0.93541 1.32886
0.93458 1.33223
0.93384 1.33459
0.93098 1.33648
0.92906 1.33908
0.92760 1.34177
0.92735 1.34268
0.92630 1.34262
0.92371 1.34330
0.92268 1.35120
0.92175 1.35840
0.92023 1.36483
0.92053 1.37045
0.92008 1.37395
0.91636 1.37709
0.91495 1.38110
0.91373 1.38714
0.91405 1.39277
0.91471 1.39491
0.91233 1.39645
0.91089 1.40052
0.90915 1.40164
0.90638 1.40111
0.90410 1.40424
0.90177 1.40888
0.90168 1.41694
0.89936 1.42408
0.89709 1.43057
0.89735 1.43466
0.89506 1.43688
0.89643 1.43846
0.89469 1.44038
0.88973 1.44499
0.88777 1.45096
0.88651 1.45579
0.88381 1.46106
0.88359 1.46448
0.88109 1.46696
0.87931 1.46669
0.87745 1.46960
0.87119 1.47153
0.87087 1.47607
0.87245 1.48047
0.87256 1.48606
0.86985 1.48958
0.86611 1.49509
0.86381 1.49906
0.86184 1.50186
0.86024 1.50444
0.85954 1.50882
0.85916 1.51155
0.85737 1.51331
0.85693 1.51441
0.85229 1.51664
0.85036 1.51968
0.84837 1.52375
0.84461 1.52764
0.84457 1.53403
0.84314 1.53979
0.84043 1.54441
0.83884 1.54730
0.83798 1.54882
0.83699 1.54952
0.83580 1.55004
0.83317 1.55231
0.82960 1.55635
0.82681 1.56100
0.82417 1.56747
0.82259 1.57262
0.82063 1.57622
0.82028 1.57963
0.81939 1.58107
0.81624 1.58358
0.81420 1.58682
0.81147 1.58985
0.80655 1.59220
0.80352 1.59427
0.80220 1.59743
0.80230 1.60165
0.80082 1.60487
0.79958 1.60610
0.79832 1.60737
0.79462 1.60990
0.79013 1.61359
0.78628 1.61845
0.78457 1.62381
0.78177 1.62969
0.78044 1.63452
0.77878 1.63833
0.77640 1.64317
0.77530 1.64691
0.77088 1.65086
0.76895 1.65504
0.76637 1.65704
0.76372 1.65840
0.76172 1.65970
0.76058 1.66181
0.75787 1.66303
0.75641 1.66467
0.75416 1.66770
0.75092 1.67125
0.74837 1.67658
0.74555 1.68027
0.74311 1.68429
0.74103 1.68726
0.73832 1.69084
0.73405 1.69340
0.72957 1.69697
0.72701 1.70043
0.72514 1.70776
0.72505 1.70793
0.72198 1.70826
0.72179 1.70766
0.71752 1.70701
0.71670 1.70883
0.71449 1.71550
0.71352 1.72270
0.70970 1.72942
0.70439 1.73586
0.69983 1.73816
0.69394 1.74060
0.69247 1.74200
0.69166 1.74099
0.68948 1.74044
0.68943 1.74044
0.68689 1.74386
0.67951 1.75163
0.67935 1.75180
0.67668 1.75690
0.67573 1.76010
0.67272 1.76065
0.66384 1.76348
0.66384 1.76348
0.66119 1.76573
0.65888 1.77413
0.65802 1.77385
0.65575 1.77661
0.65232 1.78040
0.64955 1.78360
0.64718 1.78653
0.64368 1.78858
0.64072 1.79059
0.63283 1.79313
0.63268 1.79322
0.63106 1.79484
0.63003 1.79815
0.61731 1.80750
0.61322 1.81079
0.61205 1.81329
0.61132 1.81556
0.60342 1.82312
0.59424 1.82946
0.59403 1.82962
0.59108 1.83347
0.58801 1.83515
0.58516 1.83752
0.58015 1.83727
0.57883 1.83728
0.57533 1.83917
0.56898 1.84558
0.56309 1.85062
0.56155 1.85336
0.55985 1.85549
0.55680 1.85915
0.55265 1.86153
0.54799 1.86319
0.54365 1.86623
0.54071 1.86692
0.53843 1.86897
0.53387 1.86944
0.52985 1.86982
0.52798 1.87280
0.52827 1.87399
0.52391 1.87631
0.52072 1.87710
0.51828 1.87769
0.51466 1.87913
0.50918 1.88313
0.50447 1.88722
0.50157 1.88979
0.49940 1.89315
0.49918 1.89723
0.49585 1.90077
0.49349 1.90364
0.48820 1.90180
0.48416 1.90044
0.47736 1.90166
0.47273 1.90386
0.47125 1.90829
0.47000 1.91247
0.46982 1.91432
0.46619 1.91631
0.46413 1.91832
0.45899 1.91862
0.45369 1.91951
0.45076 1.92451
0.44889 1.92681
0.44705 1.92884
0.44093 1.92956
0.43533 1.93027
0.43074 1.93137
0.42737 1.93337
0.42435 1.93579
0.42285 1.93754
0.42035 1.93992
0.41666 1.94268
0.41249 1.94473
0.40913 1.94636
0.40398 1.94751
0.39956 1.94839
0.39498 1.94904
0.39035 1.95126
0.38574 1.95478
0.38526 1.95787
0.38381 1.96011
0.38041 1.95939
0.37782 1.96020
0.37325 1.95991
0.36884 1.96136
0.36493 1.96377
0.36080 1.96649
0.35792 1.97018
0.35381 1.97175
0.35118 1.97272
0.34694 1.97320
0.34431 1.97239
0.34016 1.97423
0.33758 1.97515
0.33387 1.97672
0.33017 1.97922
0.32472 1.98033
0.32052 1.98191
0.31666 1.98348
0.31111 1.98479
0.30883 1.98446
0.30569 1.98576
0.30305 1.98806
0.29934 1.99045
0.29455 1.99123
0.28979 1.99080
0.28708 1.99248
0.28610 1.99577
0.28435 1.99853
0.28109 2.00057
0.27562 1.99942
0.27211 2.00068
0.26848 2.00006
0.26390 2.00067
0.26182 2.00318
0.25698 2.00555
0.25199 2.00898
0.24592 2.00992
0.24369 2.01234
0.24158 2.01191
0.23716 2.01050
0.23424 2.00734
0.23126 2.00609
0.22714 2.00739
0.22399 2.00922
0.21883 2.01284
0.21295 2.01677
0.20828 2.01910
0.20532 2.01962
0.20243 2.01927
0.20042 2.02033
0.19884 2.02012
0.19667 2.02090
0.19105 2.02053
0.18434 2.01915
0.18018 2.02038
0.17722 2.02066
0.17609 2.02248
0.17510 2.02544
0.17120 2.02832
0.16839 2.02964
0.16355 2.02647
0.15939 2.02613
0.15482 2.02714
0.15023 2.02853
0.13896 2.03084
0.13867 2.03090
0.13616 2.03048
0.13318 2.02982
0.12640 2.03155
0.12622 2.03160
0.12150 2.03353
0.11668 2.03531
0.11403 2.03651
0.11081 2.03793
0.09797 2.03820
0.09460 2.03871
0.08495 2.03972
0.08379 2.03760
0.07985 2.03676
0.06249 2.04273
0.05835 2.04333
0.05349 2.04501
0.05166 2.04601
0.04644 2.04307
0.04616 2.04297
0.04370 2.04260
0.04037 2.04522
0.03398 2.04638
0.02833 2.04653
0.02431 2.04618
0.01566 2.04751
0.01527 2.04760
0.01083 2.04883
0.00651 2.04802
0.00461 2.04830
-0.00518 2.04468
-0.01718 2.04344
-0.01747 2.04340
-0.02226 2.04589
-0.02543 2.04711
-0.02659 2.05082
-0.03236 2.04660
-0.03187 2.04589
-0.03625 2.04457
-0.04480 2.04583
-0.04499 2.04586
-0.04893 2.04643
-0.05510 2.04598
-0.05991 2.04635
-0.06498 2.04704
-0.07237 2.04630
-0.07254 2.04627
-0.07499 2.04615
-0.07853 2.04755
-0.08279 2.04782
-0.08938 2.04861
-0.08953 2.04864
-0.09245 2.04697
-0.09531 2.04625
-0.10025 2.04526
-0.10481 2.04408
-0.10857 2.04156
-0.11684 2.04308
-0.11703 2.04312
-0.12052 2.04635
-0.12582 2.04674
-0.12886 2.04632
-0.13287 2.04606
-0.14130 2.04286
-0.14153 2.04276
-0.14464 2.04146
-0.14906 2.04065
-0.15329 2.04128
-0.15579 2.04130
-0.15856 2.03988
-0.16206 2.03789
-0.16892 2.03462
-0.17312 2.03321
-0.17744 2.03550
-0.18139 2.04091
-0.18551 2.04302
-0.19081 2.04251
-0.19455 2.03785
-0.19794 2.03493
-0.20113 2.03379
-0.20333 2.03262
-0.20611 2.03312
-0.20835 2.03322
-0.21112 2.03084
-0.21428 2.02842
-0.21768 2.02849
-0.22233 2.02833
-0.22856 2.02728
-0.23445 2.02427
-0.23779 2.02522
-0.24199 2.02724
-0.24656 2.02804
-0.25306 2.02586
-0.25625 2.02222
-0.25674 2.02196
-0.25895 2.01961
-0.26255 2.01736
-0.26769 2.01595
-0.27300 2.01863
-0.27729 2.01940
-0.28243 2.02076
-0.28582 2.01869
-0.29036 2.01811
-0.29317 2.01848
-0.29684 2.01538
-0.29983 2.01412
-0.30284 2.01306
-0.30598 2.01110
-0.30953 2.00891
-0.31328 2.00816
-0.31590 2.00766
-0.31904 2.00727
-0.32334 2.00689
-0.32929 2.00594
-0.33434 2.00571
-0.33774 2.00418
-0.34260 2.00217
-0.34483 2.00155
-0.34606 1.99946
-0.35175 1.99311
-0.35520 1.99001
-0.35838 1.99112
-0.36380 1.99256
-0.36712 1.99428
-0.37053 1.99449
-0.37386 1.99357
-0.37792 1.99133
-0.38180 1.98651
-0.38599 1.98316
-0.39048 1.98229
-0.39455 1.98146
-0.39815 1.98063
-0.40119 1.98180
-0.40443 1.98250
-0.40645 1.98065
-0.40998 1.97891
-0.41287 1.97500
-0.41470 1.97045
-0.41615 1.96823
-0.41981 1.96736
-0.42420 1.96740
-0.42985 1.96669
-0.43624 1.96730
-0.44142 1.96743
-0.44493 1.96772
-0.44909 1.96616
-0.45447 1.96407
-0.45726 1.96140
-0.46005 1.95855
-0.46472 1.95701
-0.46866 1.95334
-0.47108 1.95083
-0.47150 1.94844
-0.47285 1.94757
-0.47582 1.94736
-0.47958 1.94635
-0.48439 1.94415
-0.48802 1.94032
-0.49047 1.93716
-0.49639 1.93501
-0.50067 1.93418
-0.50568 1.93564
-0.51083 1.93634
-0.51481 1.93590
-0.51939 1.93280
-0.52174 1.93041
-0.52387 1.92977
-0.52594 1.92633
-0.52632 1.92318
-0.52715 1.92077
-0.53103 1.91578
-0.53397 1.91512
-0.53885 1.91363
-0.54327 1.91283
-0.54879 1.91102
-0.56170 1.90313
-0.56184 1.90276
-0.57147 1.89688
-0.57275 1.89498
-0.57513 1.89156
-0.58100 1.88797
-0.58115 1.88789
-0.58635 1.88555
-0.58944 1.88346
-0.59248 1.88146
-0.59999 1.87615
-0.60018 1.87603
-0.60468 1.87511
-0.60899 1.87500
-0.61303 1.87577
-0.61581 1.87388
-0.61785 1.87074
-0.61886 1.86719
-0.62696 1.86198
-0.62715 1.86183
-0.63252 1.85829
-0.63666 1.85453
-0.63802 1.85260
-0.63988 1.85232
-0.64135 1.85110
-0.64479 1.84812
-0.64825 1.84677
-0.65135 1.84381
-0.65354 1.84083
-0.65746 1.83113
-0.65756 1.83090
-0.66008 1.83098
-0.66833 1.82816
-0.66853 1.82809
-0.67474 1.82607
-0.68004 1.82343
-0.68678 1.81901
-0.68695 1.81889
-0.68828 1.81718
-0.68972 1.81387
-0.69090 1.81153
-0.69391 1.81065
-0.69958 1.80756
-0.70381 1.80298
-0.70828 1.80064
-0.71051 1.79739
-0.71293 1.79357
-0.71357 1.79330
-0.71617 1.79056
-0.72093 1.78676
-0.72443 1.78430
-0.72955 1.78101
-0.73151 1.78010
-0.73404 1.77709
-0.73452 1.77058
-0.73455 1.77042
-0.73649 1.77145
-0.74255 1.77012
-0.75356 1.75965
-0.75604 1.75438
-0.76397 1.75103
-0.76397 1.75103
-0.76635 1.74939
-0.76863 1.74906
-0.77164 1.74550
-0.77260 1.73789
-0.77485 1.73447
-0.78533 1.72828
-0.78793 1.72370
-0.79115 1.72188
-0.79129 1.72080
-0.79181 1.71829
-0.79357 1.71665
-0.79726 1.71350
-0.80136 1.70863
-0.80341 1.70404
-0.80642 1.70033
-0.80923 1.69784
-0.81133 1.69635
-0.81312 1.69369
-0.81552 1.69253
-0.81552 1.69065
-0.81767 1.68490
-0.82224 1.68063
-0.82572 1.67722
-0.82856 1.67545
-0.83122 1.67466
-0.83381 1.67325
-0.83625 1.67139
-0.84019 1.66719
-0.84382 1.66473
-0.84744 1.66122
-0.84814 1.65629
-0.85124 1.65194
-0.85107 1.65153
-0.85157 1.64817
-0.85293 1.64342
-0.85489 1.63853
-0.85838 1.63464
-0.86277 1.63167
-0.86504 1.63086
-0.86843 1.62901
-0.87047 1.62606
-0.87203 1.62457
-0.87461 1.62239
-0.87513 1.61678
-0.87738 1.61220
-0.87974 1.60533
-0.88241 1.60199
-0.88420 1.60003
-0.88650 1.59896
-0.88722 1.59420
-0.88800 1.59079
-0.89114 1.58931
-0.89630 1.58595
-0.89794 1.58302
-0.90007 1.57966
-0.90087 1.57769
-0.90224 1.57413
-0.90488 1.57082
-0.90709 1.56865
-0.90896 1.56637
-0.90899 1.56272
-0.91063 1.56039
-0.91329 1.55719
-0.91735 1.55154
-0.92062 1.54742
-0.92251 1.54219
-0.92474 1.53757
-0.92545 1.53731
-0.92654 1.53593
-0.92760 1.53438
-0.93157 1.53056
-0.93320 1.52718
-0.93417 1.52321
-0.93700 1.51868
-0.94048 1.51261
-0.94268 1.50813
-0.94495 1.50552
-0.94677 1.50358
-0.94756 1.50176
-0.94796 1.49976
-0.94804 1.49647
-0.94713 1.49295
-0.94810 1.48840
-0.94846 1.48415
-0.94947 1.47793
-0.95311 1.47301
-0.95884 1.46948
-0.96328 1.46767
-0.96650 1.46513
-0.96669 1.46273
-0.96677 1.45989
-0.96637 1.45603
-0.96751 1.45190
-0.96993 1.44912
-0.97206 1.44657
-0.97353 1.44272
-0.97436 1.43984
-0.97597 1.43463
-0.97712 1.42974
-0.97794 1.42701
-0.97930 1.42423
-0.98293 1.42313
-0.98491 1.41891
-0.98665 1.41421
-0.98800 1.40966
-0.99008 1.40370
-0.99021 1.39955
-0.99117 1.39682
-0.99273 1.39466
-0.99604 1.39279
-0.99640 1.39070
-0.99547 1.38858
-0.99607 1.38477
-0.99933 1.37967
-1.00069 1.37355
-1.00224 1.36605
-1.00359 1.35910
-1.00451 1.35511
-1.00558 1.35384
-1.00685 1.35317
-1.00864 1.35134
-1.01092 1.34857
-1.01273 1.34574
-1.01282 1.34278
-1.01256 1.33802
-1.01278 1.33018
-1.02166 1.31452
-1.02475 1.31503
-1.02485 1.31498
-1.02519 1.31119
-1.02413 1.30766
-1.02202 1.30475
-1.03051 1.28872
-1.03188 1.28501
-1.03167 1.28286
-1.03101 1.28269
-1.03010 1.27662
-1.03006 1.27645
-1.03038 1.27199
-1.03278 1.26421
-1.03850 1.25015
-1.03862 1.24981
-1.03919 1.24603
-1.04018 1.24186
-1.04021 1.24177
-1.03978 1.24057
-1.04051 1.23728
-1.04388 1.23378
-1.04543 1.21781
-1.04743 1.20976
-1.04743 1.20976
-1.04744 1.20718
-1.04620 1.20454
-1.04989 1.19799
-1.04997 1.19782
-1.05314 1.19490
-1.05381 1.19039
-1.05391 1.18502
-1.05296 1.18086
-1.05411 1.17361
-1.05466 1.16834
-1.05400 1.16650
-1.05445 1.16665
-1.05730 1.16569
-1.05845 1.16260
-1.05810 1.16016
-1.05791 1.15639
-1.05817 1.14947
-1.05874 1.14298
-1.05706 1.13813
-1.05814 1.13313
-1.05935 1.13137
-1.06079 1.13013
-1.06208 1.12237
-1.06211 1.12220
-1.06105 1.11900
-1.06102 1.11395
-1.06205 1.10638
-1.06567 1.09987
-1.06560 1.09678
-1.06475 1.09619
-1.06298 1.09469
-1.06155 1.09179
-1.05995 1.08599
-1.06182 1.07836
-1.06195 1.07688
-1.06347 1.07290
-1.06550 1.06407
-1.06598 1.06337
-1.06722 1.05912
-1.06278 1.05136
-1.06334 1.04756
-1.06543 1.04313
-1.06829 1.03879
-1.06799 1.03405
-1.06650 1.02943
-1.06531 1.02396
-1.06467 1.01869
-1.06669 1.01492
-1.06594 1.01288
-1.06495 1.01161
-1.06338 1.00913
-1.06171 1.00379
-1.06103 0.99934
-1.06153 0.99384
-1.06309 0.98918
-1.06349 0.98651
-1.06416 0.98299
-1.06371 0.97939
-1.06375 0.97625
-1.06304 0.97280
-1.06302 0.96997
-1.06175 0.96498
-1.06161 0.96051
-1.06178 0.95659
-1.05969 0.95181
-1.05883 0.94575
-1.05845 0.94204
-1.05929 0.93832
-1.06114 0.93631
-1.06048 0.93392
-1.06001 0.93095
-1.05810 0.92765
-1.05611 0.92476
-1.05624 0.92235
-1.05613 0.91810
-1.05678 0.91184
-1.05672 0.90899
-1.05717 0.90162
-1.05693 0.89745
-1.05610 0.89315
-1.05548 0.89013
-1.05222 0.88700
-1.04726 0.88274
-1.04594 0.88105
-1.04558 0.87678
-1.04788 0.87334
-1.05041 0.86803
-1.05298 0.86442
-1.05377 0.86073
-1.05229 0.85616
-1.04961 0.85247
-1.04826 0.84880
-1.04775 0.84602
-1.04640 0.84304
-1.04476 0.83755
-1.04393 0.83115
-1.04290 0.82567
-1.04094 0.82031
-1.04189 0.81355
-1.03918 0.81409
-1.04024 0.81468
-1.04119 0.81308
-1.03968 0.81194
-1.03761 0.80874
-1.03579 0.80084
-1.03506 0.79615
-1.03560 0.79148
-1.03510 0.78864
-1.03486 0.78532
-1.03371 0.78185
-1.03258 0.77903
-1.03155 0.77347
-1.03121 0.76752
-1.02927 0.76178
-1.02521 0.75517
-1.02320 0.75150
-1.02422 0.75038
-1.02524 0.74984
-1.02764 0.74623
-1.02811 0.74228
-1.02637 0.73799
-1.02249 0.73515
-1.01858 0.73232
-1.01438 0.72938
-1.01446 0.72354
-1.01660 0.71664
-1.01396 0.70024
-1.00931 0.69444
-1.00794 0.69374
-1.00581 0.69122
-1.00489 0.68757
-1.00414 0.68481
-1.00422 0.67339
-1.00421 0.67286
-1.00167 0.66829
-0.99952 0.66389
-0.99733 0.66146
-0.99664 0.65310
-0.99661 0.65289
-0.99466 0.64645
-0.99461 0.64628
-0.99342 0.64254
-0.98579 0.63105
-0.98508 0.62748
-0.98555 0.62498
-0.98463 0.62140
-0.98143 0.61846
-0.97759 0.60283
-0.97656 0.60135
-0.97321 0.59749
-0.96492 0.58551
-0.96886 0.58404
-0.96812 0.57965
-0.96308 0.57310
-0.96152 0.57240
-0.95827 0.56830
-0.95599 0.56605
-0.95542 0.56425
-0.95452 0.56070
-0.95490 0.55770
-0.94677 0.54065
-0.94286 0.53517
-0.93762 0.51948
-0.93365 0.51623
-0.93088 0.51281
-0.93060 0.51430
-0.92841 0.51146
-0.92493 0.49743
-0.92486 0.49712
-0.92258 0.48983
-0.91838 0.48487
-0.91420 0.48008
-0.91420 0.48008
-0.90967 0.47972
-0.90534 0.47431
-0.90412 0.47124
-0.90046 0.46938
-0.89881 0.46530
-0.89820 0.45790
-0.89734 0.45659
-0.89652 0.45404
-0.88912 0.44691
-0.88877 0.44657
-0.88494 0.44153
-0.88247 0.43688
-0.87851 0.43356
-0.87443 0.43029
-0.87415 0.42912
-0.87365 0.42791
-0.87353 0.41932
-0.87302 0.41617
-0.87050 0.41394
-0.86789 0.41444
-0.86488 0.41393
-0.86205 0.41185
-0.85973 0.41033
-0.85798 0.40445
-0.85568 0.39318
-0.85555 0.39295
-0.85206 0.38881
-0.84533 0.38039
-0.84518 0.38018
-0.84260 0.37786
-0.84112 0.37581
-0.83959 0.37342
-0.83758 0.36835
-0.83753 0.36824
-0.83506 0.36489
-0.83133 0.36181
-0.82713 0.35874
-0.82509 0.35558
-0.82217 0.35291
-0.81949 0.35065
-0.81787 0.34769
-0.81505 0.34386
-0.80999 0.33912
-0.80776 0.33539
-0.80571 0.33074
-0.80584 0.32729
-0.80485 0.32605
-0.80298 0.32573
-0.79925 0.32630
-0.79707 0.32483
-0.79431 0.32318
-0.79127 0.31929
-0.78682 0.31619
-0.78427 0.31148
-0.78180 0.30610
-0.77994 0.30118
-0.77960 0.30000
-0.77703 0.29904
-0.77308 0.29648
-0.76915 0.29429
-0.76678 0.29243
-0.76402 0.28821
-0.76140 0.28329
-0.75884 0.27880
-0.75682 0.27375
-0.75207 0.27244
-0.75196 0.27117
-0.75064 0.27020
-0.74813 0.27081
-0.74345 0.27071
-0.73930 0.26983
-0.73560 0.26742
-0.73377 0.26297
-0.73037 0.25806
-0.72799 0.25300
-0.72667 0.24955
-0.72241 0.24711
-0.72133 0.24522
-0.71907 0.24329
-0.71598 0.24174
-0.71213 0.24015
-0.70644 0.23892
-0.70143 0.23996
-0.69858 0.23627
-0.69864 0.23244
-0.70076 0.22781
-0.69997 0.22611
-0.69555 0.22378
-0.69001 0.22024
-0.68496 0.21885
-0.68017 0.21731
-0.67779 0.21113
-0.67504 0.20739
-0.67238 0.20383
-0.67222 0.20377
-0.66932 0.20193
-0.66590 0.20085
-0.66154 0.19987
-0.65672 0.19766
-0.65324 0.19617
-0.65044 0.19399
-0.64758 0.19100
-0.64426 0.18800
-0.64099 0.18456
-0.63842 0.18222
-0.63734 0.17932
-0.63437 0.17560
-0.63058 0.17403
-0.62597 0.17334
-0.62396 0.17259
-0.62192 0.17110
-0.61968 0.16790
-0.61508 0.16332
-0.60382 0.15562
-0.60354 0.15544
-0.60067 0.15203
-0.59960 0.14847
-0.59872 0.14683
-0.59617 0.14608
-0.59242 0.14556
-0.58347 0.14358
-0.58325 0.14351
-0.57930 0.14029
-0.57672 0.13845
-0.56936 0.12972
-0.56916 0.12950
-0.56785 0.12488
-0.56493 0.12223
-0.56129 0.12295
-0.55720 0.12568
-0.55710 0.12572
-0.55444 0.12497
-0.55188 0.12400
-0.54612 0.12029
-0.53521 0.11237
-0.53193 0.11116
-0.52904 0.10980
-0.52635 0.10872
-0.52225 0.10651
-0.51806 0.10902
-0.51372 0.10910
-0.51163 0.10913
-0.50885 0.10836
-0.50492 0.10498
-0.50287 0.10150
-0.49087 0.09175
-0.48187 0.08724
-0.48259 0.08785
-0.47948 0.08609
-0.47757 0.08825
-0.47371 0.08746
-0.46460 0.08654
-0.46442 0.08651
-0.46051 0.08579
-0.45866 0.07737
-0.45629 0.07351
-0.45421 0.07014
-0.44997 0.07027
-0.44617 0.07268
-0.44237 0.07633
-0.43855 0.07739
-0.43390 0.07696
-0.43046 0.07374
-0.42642 0.06993
-0.42271 0.06449
-0.41946 0.06219
-0.41547 0.06324
-0.40689 0.06351
-0.40668 0.06354
-0.40469 0.06195
-0.40114 0.05884
-0.39723 0.05597
-0.39321 0.05308
-0.39104 0.05109
-0.38878 0.04976
-0.38575 0.05031
-0.38044 0.05088
-0.37466 0.05188
-0.37034 0.04977
-0.36452 0.04783
-0.36021 0.04692
-0.35775 0.04458
-0.35352 0.04153
-0.35201 0.03734
-0.35166 0.03613
-0.34748 0.03662
-0.34428 0.03897
-0.34035 0.03972
-0.33612 0.03788
-0.32942 0.03479
-0.32735 0.03307
-0.32394 0.03194
-0.32250 0.03070
-0.31933 0.02936
-0.31292 0.02891
-0.30918 0.02991
-0.30752 0.02757
-0.30372 0.02454
-0.30053 0.02116
-0.29628 0.02023
-0.29164 0.02134
-0.28640 0.02271
-0.28557 0.02397
-0.28294 0.02368
-0.28158 0.02443
-0.27689 0.02403
-0.27058 0.01945
-0.26560 0.01459
-0.26138 0.01258
-0.25515 0.01278
-0.25188 0.01205
-0.24883 0.01231
-0.24794 0.01134
-0.24578 0.01096
-0.24235 0.01038
-0.23837 0.00954
-0.23404 0.01041
-0.23023 0.00975
-0.22305 0.00749
-0.21585 0.00804
-0.21302 0.00540
-0.21265 0.00278
-0.21194 0.00264
-0.20897 0.00358
-0.20550 0.00264
-0.20145 0.00330
-0.19614 0.00300
-0.19029 0.00199
-0.18508 -0.00177
-0.18170 -0.00167
-0.17989 -0.00160
-0.17736 -0.00238
-0.17452 -0.00277
-0.17045 -0.00266
-0.16457 -0.00320
-0.15983 -0.00428
-0.15559 -0.00416
-0.15054 -0.00313
-0.14749 -0.00220
-0.14492 -0.00303
-0.14167 -0.00441
-0.13757 -0.00745
-0.13225 -0.00833
-0.12676 -0.00807
-0.12192 -0.00750
-0.11766 -0.00764
-0.11357 -0.00715
-0.11080 -0.00764
-0.10799 -0.00746
-0.10407 -0.00659
-0.10124 -0.00840
-0.09721 -0.00979
-0.09438 -0.01075
-0.09123 -0.01007
-0.08802 -0.01082
-0.08333 -0.00987
-0.07887 -0.00949
-0.07445 -0.00932
-0.07094 -0.00896
-0.06678 -0.00910
-0.06312 -0.00957
-0.06017 -0.01128
-0.05724 -0.01285
-0.05423 -0.01381
-0.05012 -0.01284
-0.04691 -0.01155
-0.04593 -0.01100
-0.04080 -0.00961
-0.02998 -0.01207
-0.02971 -0.01212
-0.02375 -0.01385
-0.01849 -0.01153
-0.01864 -0.00838
-0.02476 -0.00622
-0.02654 -0.00668
-0.03123 -0.00791
-0.03050 -0.01176
-0.02549 -0.01240
-0.01883 -0.01160
-0.01564 -0.01128
-0.01614 -0.01067
-0.01691 -0.00879
-0.02112 -0.00731
-0.02495 -0.00951
-0.02758 -0.01159
-0.02888 -0.01124
-0.02722 -0.01014
-0.02470 -0.01010
-0.02444 -0.00845
-0.02048 -0.01098
-0.02066 -0.01259
-0.02306 -0.00973
-0.02446 -0.00953
-0.02206 -0.00963
-0.02191 -0.00884
-0.02215 -0.00970
-0.02266 -0.01133
-0.02213 -0.01196
-0.02257 -0.01150
-0.02281 -0.01052
-0.02388 -0.00941
-0.02384 -0.00881
-0.02442 -0.00954
-0.02442 -0.00957
-0.02380 -0.01003
-0.02337 -0.01126
-0.02315 -0.01143
