-0.01130 -0.00267
-0.01228 -0.00214
-0.01295 -0.00223
-0.01272 -0.00191
-0.01208 -0.00240
-0.01114 -0.00211
-0.01067 -0.00235
-0.00994 -0.00159
-0.01134 -0.00224
-0.01206 -0.00113
-0.01253 -0.00100
-0.01224 -0.00182
-0.01152 -0.00364
-0.01050 -0.00383
-0.00940 -0.00283
-0.00934 -0.00148
-0.01058 0.00006
-0.01213 0.00043
-0.01306 -0.00151
-0.01255 -0.00272
-0.01168 -0.00345
-0.01155 -0.00286
-0.01086 -0.00134
-0.01163 -0.00100
-0.01166 -0.00003
-0.01177 -0.00115
-0.01120 -0.00120
-0.01219 -0.00169
-0.01279 -0.00315
-0.01253 -0.00145
-0.01120 0.00042
-0.01060 -0.00011
-0.01124 -0.00089
-0.01095 -0.00139
-0.01184 -0.00189
-0.01173 -0.00117
-0.01150 -0.00272
-0.00922 -0.00282
-0.00375 -0.00285
0.00196 -0.00176
0.00833 -0.00082
0.01296 0.00121
0.01840 0.00175
0.02251 0.00104
0.02735 -0.00140
0.02921 -0.00147
0.03134 0.00099
0.03311 0.00187
0.03585 0.00245
0.04113 0.00264
0.04775 0.00114
0.05256 0.00136
0.05606 0.00308
0.05915 0.00477
0.06319 0.00438
0.06735 0.00486
0.07421 0.00364
0.07438 0.00363
0.07662 0.00399
0.08168 0.00468
0.09015 0.00698
0.09037 0.00701
0.09449 0.00790
0.09678 0.00713
0.09905 0.00815
0.10046 0.00882
0.10261 0.00981
0.10554 0.00638
0.11159 0.00527
0.11890 0.00831
0.12720 0.01105
0.13339 0.01325
0.13723 0.01435
0.13812 0.01436
0.14006 0.01201
0.14307 0.00923
0.14641 0.00942
0.14953 0.00990
0.15507 0.01460
0.15830 0.01802
0.16197 0.02094
0.16756 0.02303
0.17318 0.01893
0.17685 0.02041
0.17817 0.02154
0.17904 0.02298
0.18069 0.02267
0.18492 0.02272
0.18884 0.02438
0.19356 0.02654
0.19871 0.02774
0.20298 0.02915
0.20761 0.02979
0.21251 0.03028
0.21591 0.03077
0.21971 0.03183
0.22292 0.03234
0.22599 0.03320
0.22914 0.03532
0.23424 0.03757
0.23836 0.03830
0.24217 0.03794
0.24570 0.03640
0.25038 0.03761
0.25285 0.03872
0.25486 0.04095
0.25773 0.04320
0.26103 0.04544
0.26560 0.04659
0.26958 0.04639
0.27485 0.04718
0.27874 0.04689
0.28215 0.04920
0.28486 0.05153
0.28725 0.05271
0.29029 0.05257
0.29517 0.05400
0.29690 0.05613
0.30194 0.05820
0.30747 0.05831
0.31254 0.06022
0.31748 0.06240
0.32005 0.06399
0.32341 0.06475
0.32604 0.06549
0.32827 0.06666
0.33045 0.06729
0.33339 0.06843
0.33553 0.07069
0.33907 0.07230
0.34564 0.07520
0.35075 0.07601
0.35571 0.07777
0.36005 0.07942
0.36409 0.08057
0.36651 0.08282
0.36850 0.08549
0.37091 0.08734
0.37363 0.08800
0.37599 0.08672
0.38214 0.08701
0.38592 0.08946
0.38759 0.09127
0.39143 0.09457
0.39653 0.09731
0.39902 0.10129
0.40331 0.10069
0.40713 0.10102
0.41281 0.10205
0.41580 0.10346
0.41749 0.10582
0.42029 0.10918
0.42375 0.11126
0.42792 0.11390
0.43305 0.11500
0.43937 0.11919
0.44258 0.12100
0.44907 0.12778
0.45383 0.12921
0.45755 0.13017
0.46222 0.13099
0.46487 0.13219
0.46727 0.13356
0.46955 0.13431
0.47274 0.13510
0.47517 0.13503
0.47791 0.13633
0.47999 0.14051
0.48307 0.14461
0.48671 0.14722
0.49254 0.14863
0.49813 0.15195
0.50301 0.15499
0.50654 0.15795
0.51005 0.16077
0.51132 0.16367
0.51358 0.16694
0.51526 0.16807
0.51994 0.16770
0.52235 0.16638
0.52545 0.16687
0.52820 0.16830
0.53027 0.17268
0.53287 0.17756
0.53704 0.18027
0.54182 0.18476
0.54790 0.18832
0.55311 0.18868
0.55636 0.19178
0.55823 0.19371
0.55876 0.19619
0.56112 0.19770
0.56830 0.19885
0.56846 0.19888
0.57019 0.19681
0.57192 0.19838
0.57497 0.20188
0.57788 0.20734
0.58130 0.21074
0.58465 0.21667
0.58807 0.22187
0.59250 0.22436
0.59672 0.22391
0.59864 0.22566
0.60115 0.22641
0.60109 0.22712
0.60476 0.23023
0.60813 0.23347
0.61126 0.23627
0.61512 0.23821
0.61641 0.24009
0.62011 0.24261
0.62301 0.24376
0.62504 0.24583
0.62769 0.24923
0.63233 0.25171
0.63784 0.25606
0.64276 0.25907
0.64546 0.26443
0.64853 0.26530
0.65071 0.26428
0.65178 0.26531
0.65137 0.26667
0.65439 0.27200
0.65809 0.27577
0.66275 0.27926
0.66566 0.28407
0.66978 0.28886
0.67375 0.29296
0.67735 0.29670
0.68160 0.29763
0.68195 0.29905
0.68215 0.29746
0.68258 0.29882
0.68443 0.30127
0.68769 0.30743
0.69108 0.31129
0.69231 0.31276
0.69573 0.31459
0.69936 0.31750
0.70265 0.31978
0.70553 0.32325
0.70744 0.32808
0.70960 0.33200
0.71064 0.33472
0.71163 0.33887
0.71532 0.34196
0.72114 0.34447
0.72557 0.34723
0.72947 0.35179
0.73208 0.35466
0.73288 0.35536
0.73263 0.35715
0.73210 0.35862
0.73287 0.36109
0.73670 0.36458
0.74127 0.36845
0.74579 0.37101
0.75042 0.37517
0.75414 0.37982
0.75583 0.38313
0.75773 0.38647
0.75954 0.38825
0.75946 0.38867
0.76063 0.38918
0.76135 0.38933
0.76310 0.38959
0.76642 0.39300
0.76962 0.39843
0.77455 0.40513
0.78022 0.41168
0.78297 0.41727
0.78488 0.42179
0.78514 0.42504
0.78674 0.42660
0.78937 0.42785
0.79063 0.43027
0.79229 0.43151
0.79465 0.43664
0.79665 0.44040
0.79717 0.44332
0.79801 0.44514
0.80097 0.44741
0.80457 0.45006
0.80738 0.45282
0.80968 0.45655
0.81030 0.46438
0.81375 0.46928
0.81791 0.47408
0.82220 0.47609
0.82486 0.47925
0.82455 0.48277
0.82459 0.48672
0.82549 0.48796
0.82682 0.48933
0.82875 0.48896
0.83129 0.49223
0.83288 0.49750
0.83537 0.50203
0.83921 0.50665
0.84248 0.51150
0.84709 0.51946
0.85013 0.52535
0.85149 0.53092
0.85231 0.53220
0.85351 0.53172
0.85349 0.53084
0.85507 0.53266
0.85924 0.54586
0.86034 0.55011
0.86195 0.55316
0.86398 0.55438
0.87444 0.56833
0.87606 0.57099
0.87752 0.57543
0.87855 0.58093
0.87975 0.58427
0.88007 0.58792
0.88057 0.58939
0.88085 0.59374
0.88086 0.59383
0.88434 0.59605
0.88847 0.60178
0.89076 0.60932
0.89225 0.61467
0.89272 0.61750
0.89633 0.61920
0.89750 0.62010
0.89683 0.62510
0.89634 0.63183
0.90444 0.64222
0.90790 0.64952
0.90798 0.64971
0.91095 0.65605
0.91232 0.65766
0.91274 0.66479
0.91276 0.66498
0.90989 0.66676
0.90894 0.66920
0.91227 0.67235
0.91640 0.67699
0.91982 0.67970
0.92326 0.68405
0.92289 0.68623
0.92153 0.69697
0.92153 0.69697
0.92363 0.70047
0.92493 0.70511
0.92939 0.70814
0.92949 0.71042
0.93128 0.71376
0.92964 0.71748
0.93121 0.72343
0.93121 0.72358
0.93202 0.72620
0.93773 0.73735
0.93957 0.74002
0.93956 0.74340
0.94063 0.74878
0.94111 0.75455
0.94117 0.75947
0.94310 0.76251
0.94365 0.76677
0.94432 0.77029
0.94484 0.77211
0.94641 0.77460
0.94818 0.77853
0.94809 0.78104
0.94831 0.78446
0.95015 0.79147
0.95147 0.79678
0.95306 0.80193
0.95369 0.80469
0.95403 0.80610
0.95497 0.80903
0.95500 0.81168
0.95510 0.81617
0.95679 0.82161
0.95621 0.82566
0.95768 0.83004
0.95974 0.83322
0.96220 0.83770
0.96275 0.84340
0.96320 0.84726
0.96390 0.85090
0.96336 0.85359
0.96339 0.85597
0.96425 0.86102
0.96479 0.86672
0.96430 0.87157
0.96629 0.87617
0.96699 0.87928
0.96619 0.88331
0.96689 0.88669
0.96603 0.88972
0.96728 0.89111
0.96891 0.89523
0.97126 0.89969
0.97115 0.90526
0.97202 0.91118
0.97085 0.91812
0.96992 0.92243
0.97089 0.92468
0.97118 0.92349
0.97298 0.92296
0.97421 0.92441
0.97477 0.92770
0.97338 0.93119
0.97341 0.93405
0.97361 0.94013
0.97495 0.94730
0.97639 0.95572
0.97564 0.96080
0.97745 0.96295
0.97540 0.96828
0.97458 0.97261
0.97420 0.97449
0.97539 0.97628
0.97553 0.97989
0.97592 0.98307
0.97475 0.98642
0.97888 0.99307
0.97744 0.99934
0.97739 1.00323
0.97654 1.00668
0.97632 1.01032
0.97629 1.01380
0.97707 1.01703
0.97907 1.01960
0.97850 1.02370
0.97760 1.02791
0.97649 1.03301
0.97610 1.03700
0.97834 1.04006
0.97951 1.04228
0.97920 1.04366
0.97735 1.04540
0.97695 1.04934
0.97702 1.05518
0.97560 1.06236
0.97704 1.06681
0.97774 1.07377
0.97774 1.07892
0.97820 1.08267
0.97694 1.08662
0.97785 1.08950
0.97793 1.09353
0.97710 1.09755
0.97693 1.09957
0.97562 1.10261
0.97657 1.11031
0.97460 1.11520
0.97497 1.12054
0.97448 1.12479
0.97220 1.13704
0.97086 1.14215
0.97229 1.15895
0.97202 1.16494
0.97203 1.16508
0.96741 1.17370
0.96685 1.17768
0.96739 1.18265
0.96813 1.18695
0.96778 1.19123
0.96690 1.19544
0.96634 1.19748
0.96561 1.20013
0.96542 1.20163
0.96451 1.20473
0.96311 1.20868
0.96183 1.21308
0.96044 1.21912
0.96007 1.22481
0.95995 1.23656
0.95994 1.23685
0.95903 1.24146
0.95833 1.24456
0.95715 1.24764
0.95574 1.24887
0.95050 1.25782
0.94935 1.26120
0.95052 1.26323
0.94971 1.26726
0.94980 1.27164
0.94446 1.28530
0.94300 1.29067
0.94061 1.29643
0.93961 1.30214
0.94011 1.30539
0.93983 1.30839
0.93896 1.30873
0.93873 1.30937
0.93862 1.30848
0.93363 1.31410
0.93353 1.31422
0.93149 1.32001
0.93105 1.32440
0.93051 1.34039
0.93051 1.34073
0.92896 1.34459
0.92823 1.34690
0.92550 1.34942
0.92739 1.34931
0.92658 1.35563
0.92398 1.36109
0.92245 1.36451
0.92013 1.36405
0.91834 1.36496
0.91826 1.36397
0.91915 1.36760
0.91695 1.37012
0.91524 1.37156
0.91289 1.38027
0.91096 1.39025
0.90873 1.39925
0.90664 1.40602
0.90471 1.40895
0.90773 1.40684
0.90596 1.40837
0.90271 1.41100
0.90043 1.41297
0.89880 1.41264
0.89757 1.41465
0.89717 1.41798
0.89626 1.42164
0.89513 1.42679
0.89237 1.43266
0.89072 1.43950
0.88950 1.44504
0.88779 1.44962
0.88526 1.45386
0.88452 1.45430
0.88383 1.45704
0.88354 1.46303
0.88094 1.46914
0.87780 1.47349
0.87416 1.47798
0.87190 1.48033
0.86937 1.48238
0.86825 1.48382
0.86780 1.48679
0.86693 1.48988
0.86526 1.49297
0.86349 1.49668
0.86001 1.50341
0.85846 1.50896
0.85584 1.51459
0.85472 1.51844
0.85394 1.52098
0.85304 1.52301
0.85102 1.52427
0.84892 1.52609
0.84714 1.52929
0.84487 1.53437
0.84282 1.54065
0.83951 1.54456
0.83636 1.54791
0.83387 1.55164
0.83253 1.55417
0.83094 1.55539
0.83090 1.55646
0.83039 1.55931
0.82871 1.56186
0.82575 1.56375
0.82086 1.56727
0.81691 1.57175
0.81503 1.57772
0.81491 1.58339
0.81396 1.59014
0.81306 1.59494
0.81000 1.59862
0.80623 1.60238
0.80399 1.60609
0.80046 1.60885
0.80019 1.60699
0.79947 1.60560
0.79650 1.60781
0.79347 1.61149
0.79269 1.61729
0.79115 1.62279
0.78992 1.62744
0.78837 1.63109
0.78096 1.63200
0.77703 1.63293
0.77339 1.63618
0.77376 1.63995
0.77403 1.64609
0.77435 1.65294
0.77256 1.65706
0.77233 1.65856
0.76823 1.65839
0.76245 1.66045
0.76055 1.66314
0.75895 1.66519
0.75687 1.66677
0.75210 1.67374
0.74945 1.67823
0.74868 1.68307
0.74569 1.68727
0.74346 1.69006
0.74083 1.69267
0.73912 1.69299
0.73637 1.69471
0.73252 1.69737
0.72815 1.70010
0.72480 1.70368
0.72111 1.70880
0.71925 1.71197
0.71935 1.71488
0.71685 1.71777
0.71489 1.71894
0.71370 1.72058
0.71037 1.72157
0.70757 1.72233
0.70211 1.73027
0.70199 1.73047
0.70025 1.73500
0.69509 1.74091
0.69064 1.74264
0.68738 1.74709
0.68732 1.74721
0.68726 1.74809
0.68546 1.74963
0.68162 1.75005
0.67786 1.75173
0.67389 1.75562
0.66924 1.76055
0.66644 1.76567
0.66504 1.77070
0.66037 1.77835
0.65730 1.77968
0.65006 1.78336
0.64987 1.78347
0.64623 1.78586
0.64611 1.78594
0.64419 1.78906
0.64167 1.79028
0.63683 1.79296
0.63447 1.79592
0.62923 1.80084
0.62266 1.80348
0.62103 1.80667
0.61641 1.80875
0.61628 1.80882
0.61363 1.81176
0.61127 1.81754
0.60829 1.82146
0.60220 1.82423
0.60204 1.82434
0.59755 1.82616
0.59403 1.82802
0.59201 1.82972
0.59100 1.83186
0.58840 1.83365
0.58561 1.83635
0.58377 1.83838
0.57848 1.84287
0.57464 1.84543
0.56984 1.84843
0.56701 1.85088
0.56605 1.85263
0.56360 1.85579
0.56245 1.85641
0.55858 1.85780
0.55180 1.85966
0.54816 1.86304
0.54715 1.86630
0.54421 1.86753
0.54423 1.86930
0.54132 1.86990
0.53765 1.87185
0.53364 1.87523
0.52927 1.87796
0.52424 1.88208
0.51565 1.88887
0.51543 1.88905
0.51376 1.88959
0.51190 1.89191
0.50958 1.89295
0.50617 1.89382
0.50206 1.89468
0.49716 1.89576
0.49295 1.89730
0.49241 1.89964
0.49184 1.90230
0.48855 1.90427
0.48481 1.90685
0.47937 1.90956
0.47421 1.91080
0.47148 1.91239
0.46834 1.91504
0.46589 1.91772
0.46229 1.91830
0.45800 1.91918
0.45398 1.92093
0.44961 1.92468
0.44380 1.92745
0.43967 1.93034
0.43767 1.93410
0.43663 1.93671
0.43533 1.93813
0.43403 1.93924
0.42852 1.93880
0.42324 1.94013
0.42012 1.93984
0.41639 1.94179
0.41383 1.94462
0.41234 1.94619
0.41106 1.94529
0.40803 1.94445
0.40409 1.94793
0.39748 1.94996
0.39246 1.95165
0.38858 1.95663
0.38603 1.96257
0.38489 1.96453
0.38178 1.96505
0.37667 1.96592
0.37298 1.96498
0.36938 1.96406
0.36680 1.96347
0.36171 1.96537
0.35707 1.96807
0.35517 1.97144
0.35180 1.97606
0.34678 1.97974
0.34440 1.98127
0.33939 1.98170
0.33531 1.98230
0.33274 1.98257
0.32915 1.98468
0.32268 1.98561
0.31967 1.98678
0.31817 1.98510
0.31538 1.98579
0.31291 1.98775
0.31042 1.98952
0.30556 1.99331
0.30262 1.99613
0.29616 1.99899
0.29399 1.99584
0.29170 1.99572
0.28686 1.99647
0.28366 1.99716
0.27770 2.00330
0.27328 2.00727
0.26947 2.00932
0.26703 2.01062
0.26318 2.00944
0.25939 2.00906
0.25562 2.00956
0.25219 2.00943
0.24853 2.00985
0.24422 2.01083
0.24026 2.01319
0.23679 2.01509
0.23331 2.01653
0.22983 2.01947
0.22576 2.02159
0.22271 2.02066
0.21937 2.01925
0.21408 2.01688
0.20910 2.01650
0.20526 2.01805
0.20315 2.02087
0.20143 2.02436
0.19900 2.02749
0.19532 2.02783
0.18793 2.02742
0.18148 2.02716
0.17651 2.02839
0.17185 2.02859
0.16705 2.02914
0.16499 2.03027
0.16355 2.03239
0.15605 2.03318
0.15059 2.03176
0.14648 2.03230
0.14172 2.03362
0.13853 2.03424
0.12596 2.04185
0.12012 2.04474
0.11637 2.04442
0.11102 2.03795
0.11087 2.03785
0.10781 2.03765
0.10637 2.03713
0.10516 2.03797
0.10082 2.04039
0.09516 2.04340
0.08368 2.04431
0.08341 2.04434
0.07439 2.04766
0.07415 2.04773
0.06835 2.05008
0.06160 2.04915
0.06140 2.04914
0.06181 2.04799
0.06194 2.04629
0.06191 2.04625
0.05821 2.04529
0.04135 2.04554
0.04101 2.04553
0.03687 2.04645
0.03484 2.04683
0.03019 2.04812
0.02773 2.04936
0.02443 2.04984
0.01838 2.05018
0.00720 2.05459
0.00787 2.05515
0.00536 2.05617
0.00262 2.05578
-0.00521 2.05242
-0.00539 2.05235
-0.00899 2.05219
-0.01325 2.05271
-0.02562 2.05181
-0.03937 2.05544
-0.04187 2.05506
-0.04630 2.05584
-0.05115 2.05553
-0.06029 2.05099
-0.06052 2.05090
-0.06171 2.05112
-0.06205 2.05165
-0.06600 2.05221
-0.07064 2.05113
-0.07454 2.05240
-0.07898 2.05301
-0.08485 2.05426
-0.08835 2.05503
-0.09427 2.05465
-0.09576 2.05359
-0.09761 2.05304
-0.10165 2.05244
-0.10654 2.05276
-0.11220 2.05116
-0.11769 2.05008
-0.12172 2.04899
-0.12311 2.04781
-0.12887 2.04809
-0.13117 2.04929
-0.13398 2.04919
-0.13614 2.04876
-0.14042 2.04796
-0.14699 2.04636
-0.15337 2.04594
-0.15946 2.04616
-0.16314 2.04742
-0.16634 2.04838
-0.16925 2.04831
-0.16866 2.04509
-0.17223 2.04400
-0.17754 2.04190
-0.18008 2.04023
-0.18376 2.04126
-0.18624 2.04289
-0.18952 2.04239
-0.19228 2.04032
-0.19792 2.04014
-0.20292 2.03875
-0.20826 2.03961
-0.21527 2.04071
-0.22080 2.04026
-0.22417 2.04072
-0.22613 2.04106
-0.23084 2.03900
-0.23374 2.03720
-0.23709 2.03585
-0.23885 2.03429
-0.24225 2.03163
-0.24640 2.02873
-0.25242 2.02619
-0.25831 2.02663
-0.26366 2.02986
-0.26755 2.03323
-0.27183 2.03469
-0.27585 2.03405
-0.27900 2.03176
-0.28270 2.02990
-0.28501 2.02821
-0.28787 2.02727
-0.29101 2.02396
-0.29439 2.02097
-0.29886 2.02072
-0.30324 2.02125
-0.31000 2.02172
-0.31341 2.01815
-0.31560 2.01716
-0.31724 2.01659
-0.31844 2.01722
-0.31997 2.01611
-0.32187 2.01453
-0.32678 2.01188
-0.33193 2.00984
-0.33841 2.01002
-0.34306 2.01052
-0.34381 2.01130
-0.34701 2.01093
-0.35188 2.00732
-0.35617 2.00393
-0.35906 2.00261
-0.36329 2.00313
-0.36748 2.00224
-0.37204 2.00189
-0.37601 1.99878
-0.38025 1.99682
-0.38233 1.99670
-0.38615 1.99383
-0.39156 1.99261
-0.39356 1.99369
-0.39684 1.99033
-0.40434 1.98630
-0.40542 1.98674
-0.40927 1.98672
-0.41682 1.98759
-0.41701 1.98761
-0.42059 1.98490
-0.42289 1.98234
-0.42486 1.97976
-0.42773 1.97696
-0.43077 1.97449
-0.43471 1.97323
-0.43991 1.97185
-0.44533 1.97203
-0.45681 1.97023
-0.46920 1.96318
-0.47038 1.96136
-0.47929 1.95465
-0.48309 1.95252
-0.48629 1.95130
-0.49042 1.95215
-0.49559 1.95325
-0.50018 1.95087
-0.51280 1.94200
-0.51970 1.93999
-0.51990 1.93992
-0.52110 1.93876
-0.52235 1.93989
-0.53128 1.92829
-0.53408 1.92471
-0.53750 1.92361
-0.55187 1.92000
-0.55709 1.92087
-0.56379 1.91979
-0.56730 1.91684
-0.56736 1.91262
-0.56655 1.90726
-0.57002 1.90357
-0.57011 1.90346
-0.57383 1.90115
-0.58631 1.89154
-0.59287 1.89337
-0.59687 1.89573
-0.60233 1.89680
-0.60294 1.89493
-0.60550 1.89019
-0.60823 1.88469
-0.61219 1.88086
-0.61816 1.87536
-0.62143 1.87344
-0.62479 1.87148
-0.62802 1.86901
-0.63422 1.86364
-0.63441 1.86350
-0.63819 1.86089
-0.64230 1.85686
-0.64831 1.85495
-0.65398 1.85578
-0.65746 1.85544
-0.65986 1.85399
-0.66156 1.85198
-0.66356 1.84904
-0.66483 1.84348
-0.66678 1.84069
-0.66685 1.83827
-0.66711 1.83440
-0.67076 1.83167
-0.67424 1.82985
-0.67805 1.82664
-0.68419 1.82216
-0.68434 1.82204
-0.68842 1.81979
-0.69245 1.81691
-0.69678 1.81416
-0.69886 1.81391
-0.70144 1.81135
-0.70386 1.81158
-0.70847 1.80906
-0.71255 1.80642
-0.71627 1.80162
-0.71821 1.79728
-0.71907 1.79427
-0.71962 1.79288
-0.71908 1.78953
-0.72214 1.78435
-0.72697 1.78012
-0.73346 1.77774
-0.73674 1.77481
-0.73974 1.77519
-0.74397 1.77642
-0.74812 1.77651
-0.75407 1.77441
-0.75758 1.77354
-0.76206 1.76750
-0.76236 1.76077
-0.76363 1.75513
-0.76505 1.75355
-0.76606 1.75331
-0.76912 1.75490
-0.77149 1.75358
-0.77529 1.74862
-0.77815 1.74288
-0.78013 1.73870
-0.78207 1.73502
-0.78610 1.73236
-0.78840 1.73046
-0.79204 1.72883
-0.79600 1.72700
-0.79966 1.72387
-0.80341 1.72064
-0.80573 1.71784
-0.80666 1.71596
-0.80746 1.71384
-0.80842 1.71061
-0.80980 1.70409
-0.81056 1.69795
-0.81203 1.69131
-0.81548 1.68799
-0.81935 1.68789
-0.82282 1.68698
-0.82522 1.68738
-0.82712 1.68701
-0.82866 1.68525
-0.83179 1.68182
-0.83650 1.67563
-0.84006 1.67196
-0.84374 1.66802
-0.84567 1.66577
-0.84662 1.66339
-0.84825 1.66028
-0.85043 1.65856
-0.85137 1.65369
-0.85366 1.64945
-0.85454 1.64759
-0.85719 1.64328
-0.86219 1.63832
-0.86572 1.63313
-0.86954 1.63071
-0.87181 1.62840
-0.87443 1.62934
-0.87847 1.62731
-0.88072 1.62565
-0.88221 1.62222
-0.88455 1.61778
-0.88512 1.61429
-0.88612 1.60943
-0.88944 1.60548
-0.89190 1.60115
-0.89458 1.59929
-0.89777 1.59671
-0.89976 1.59445
-0.90098 1.59103
-0.90147 1.58763
-0.90237 1.58514
-0.90429 1.58281
-0.90870 1.57969
-0.91008 1.57659
-0.91432 1.57310
-0.91491 1.56933
-0.91571 1.56384
-0.91650 1.56275
-0.91905 1.56038
-0.92219 1.55811
-0.92515 1.55496
-0.93050 1.54570
-0.93062 1.54549
-0.93259 1.54069
-0.93393 1.53969
-0.93428 1.53794
-0.93537 1.53633
-0.93739 1.53349
-0.93927 1.52768
-0.94048 1.52149
-0.94171 1.51681
-0.94291 1.51214
-0.94543 1.50787
-0.94949 1.50712
-0.95265 1.50672
-0.95380 1.50536
-0.95645 1.49236
-0.96138 1.48138
-0.96488 1.47089
-0.96496 1.47066
-0.96692 1.46845
-0.96787 1.46826
-0.97517 1.45827
-0.97586 1.45366
-0.97965 1.44704
-0.98215 1.44516
-0.98149 1.44014
-0.97998 1.43528
-0.98350 1.43503
-0.98380 1.43109
-0.98616 1.42955
-0.98975 1.42540
-0.98991 1.42517
-0.99061 1.42201
-0.99118 1.41595
-0.99199 1.40795
-0.99357 1.40224
-0.99670 1.39743
-0.99946 1.39348
-1.00069 1.39102
-1.00168 1.39005
-1.00225 1.39017
-1.00258 1.38848
-1.00514 1.38451
-1.00702 1.37798
-1.00718 1.37041
-1.00788 1.35883
-1.00790 1.35856
-1.00878 1.35610
-1.01059 1.35586
-1.01282 1.35648
-1.01497 1.35493
-1.01563 1.35364
-1.01647 1.34946
-1.01733 1.34289
-1.01901 1.33548
-1.02191 1.32772
-1.02231 1.32389
-1.02245 1.32200
-1.02319 1.32112
-1.02544 1.31738
-1.02648 1.31436
-1.02666 1.31172
-1.02833 1.30530
-1.02824 1.29946
-1.03006 1.29392
-1.03149 1.28854
-1.03329 1.28523
-1.03502 1.28473
-1.03595 1.28441
-1.03896 1.28094
-1.03898 1.27764
-1.03937 1.27177
-1.03902 1.26632
-1.03845 1.26156
-1.03911 1.25660
-1.03978 1.25386
-1.04035 1.25204
-1.04193 1.24807
-1.04313 1.24553
-1.04508 1.24171
-1.04742 1.23733
-1.04741 1.23621
-1.04884 1.23319
-1.04915 1.23022
-1.05065 1.22512
-1.04800 1.21833
-1.04792 1.21388
-1.05032 1.20910
-1.05200 1.20445
-1.05269 1.20024
-1.05387 1.19690
-1.05435 1.19463
-1.05605 1.19136
-1.05627 1.18851
-1.05786 1.18475
-1.05883 1.18189
-1.05958 1.17893
-1.05948 1.17520
-1.06005 1.17105
-1.05885 1.16685
-1.05794 1.16071
-1.05778 1.15491
-1.05773 1.14892
-1.05842 1.14580
-1.06021 1.14441
-1.06238 1.14427
-1.06414 1.14122
-1.06625 1.13692
-1.06436 1.13140
-1.06488 1.12483
-1.06299 1.12012
-1.06404 1.11606
-1.06328 1.11205
-1.06392 1.10812
-1.06488 1.10430
-1.06457 1.09989
-1.06434 1.09390
-1.06527 1.08871
-1.06625 1.08766
-1.06847 1.08672
-1.06984 1.08667
-1.06969 1.08174
-1.06599 1.07539
-1.06646 1.06671
-1.06584 1.06254
-1.06665 1.05934
-1.06778 1.05712
-1.07022 1.05423
-1.06858 1.05134
-1.06750 1.04928
-1.06440 1.04596
-1.06383 1.04354
-1.06583 1.03914
-1.06812 1.03397
-1.06588 1.02762
-1.06665 1.02165
-1.06855 1.01482
-1.06894 1.01319
-1.07034 1.00925
-1.07021 1.00729
-1.06705 1.00541
-1.06622 1.00195
-1.06622 0.99393
-1.06621 0.99357
-1.06590 0.99023
-1.06531 0.98555
-1.06541 0.98193
-1.06562 0.97753
-1.06528 0.97402
-1.06501 0.96737
-1.06620 0.96166
-1.06449 0.95412
-1.06268 0.94460
-1.06178 0.93886
-1.06449 0.92994
-1.06453 0.92970
-1.06704 0.92819
-1.06631 0.92835
-1.06315 0.92573
-1.06166 0.92305
-1.06024 0.91978
-1.06054 0.90455
-1.06089 0.89532
-1.06090 0.89509
-1.06012 0.89031
-1.05523 0.88070
-1.05359 0.87605
-1.05300 0.86994
-1.05603 0.86258
-1.05603 0.86258
-1.05617 0.85915
-1.05582 0.85547
-1.05477 0.85282
-1.05441 0.85175
-1.05186 0.84735
-1.05198 0.84547
-1.05122 0.84158
-1.04948 0.83698
-1.04894 0.83122
-1.04839 0.82368
-1.04738 0.81749
-1.04861 0.80837
-1.04865 0.80816
-1.04561 0.80527
-1.04561 0.80527
-1.04343 0.80181
-1.04126 0.79833
-1.03886 0.79427
-1.03843 0.79085
-1.03880 0.78722
-1.04022 0.78410
-1.04096 0.77901
-1.04039 0.77275
-1.03857 0.76905
-1.03611 0.76637
-1.02823 0.75268
-1.02690 0.74621
-1.02764 0.74251
-1.02765 0.73880
-1.02910 0.73740
-1.03079 0.73662
-1.02893 0.73385
-1.02584 0.73137
-1.02250 0.72540
-1.02031 0.72166
-1.01891 0.71424
-1.01892 0.71127
-1.01961 0.70705
-1.01736 0.70315
-1.01592 0.69869
-1.01547 0.69222
-1.01543 0.69058
-1.01234 0.68488
-1.01019 0.68070
-1.00801 0.67809
-1.00877 0.67788
-1.00629 0.67541
-1.00524 0.67463
-1.00437 0.66904
-1.00363 0.66484
-1.00325 0.66235
-1.00095 0.66093
-0.99943 0.65078
-0.99818 0.64503
-0.99827 0.64269
-0.99481 0.64248
-0.99056 0.64011
-0.98759 0.63665
-0.98650 0.63455
-0.98734 0.63264
-0.98871 0.63126
-0.98991 0.62765
-0.98685 0.62352
-0.98337 0.61910
-0.98140 0.61529
-0.98036 0.61005
-0.97907 0.60453
-0.97702 0.59892
-0.97425 0.59408
-0.97373 0.59011
-0.97037 0.58613
-0.96935 0.58213
-0.96878 0.57788
-0.96633 0.57332
-0.96410 0.57373
-0.96035 0.57466
-0.95959 0.57163
-0.95947 0.56576
-0.95934 0.55936
-0.95714 0.55596
-0.95393 0.55066
-0.94912 0.54761
-0.94692 0.54800
-0.94315 0.54621
-0.94374 0.54224
-0.94623 0.53858
-0.94519 0.53469
-0.94182 0.52622
-0.93867 0.51652
-0.93681 0.51223
-0.93279 0.50974
-0.93020 0.50915
-0.93199 0.50862
-0.93043 0.50550
-0.92824 0.50524
-0.92537 0.50420
-0.92375 0.50145
-0.92117 0.49287
-0.91846 0.48542
-0.91690 0.47897
-0.91614 0.47728
-0.91585 0.47603
-0.91252 0.47410
-0.91101 0.47167
-0.90718 0.47028
-0.90101 0.46762
-0.89615 0.46361
-0.89634 0.45703
-0.89616 0.45109
-0.89505 0.44591
-0.89299 0.44268
-0.89182 0.44086
-0.88959 0.43957
-0.88717 0.43706
-0.88442 0.43583
-0.88165 0.43288
-0.87937 0.42938
-0.87682 0.42842
-0.87368 0.42581
-0.87206 0.42217
-0.87031 0.41862
-0.86896 0.41326
-0.86579 0.40855
-0.86392 0.40494
-0.86236 0.40257
-0.86011 0.40094
-0.85537 0.39773
-0.85359 0.39378
-0.85138 0.38915
-0.85082 0.38640
-0.84993 0.38395
-0.84636 0.37873
-0.84627 0.37859
-0.84288 0.37536
-0.84011 0.37248
-0.83717 0.36786
-0.83376 0.36326
-0.83062 0.35861
-0.82850 0.35464
-0.82575 0.35232
-0.82466 0.35240
-0.81678 0.34870
-0.81276 0.34404
-0.81078 0.33922
-0.80863 0.33314
-0.80728 0.32940
-0.80556 0.32524
-0.80060 0.32010
-0.80048 0.31992
-0.79781 0.31698
-0.79346 0.31580
-0.78891 0.31422
-0.78811 0.31278
-0.78475 0.31110
-0.77633 0.30101
-0.77297 0.29895
-0.76376 0.28705
-0.76160 0.28246
-0.75805 0.27945
-0.75462 0.27834
-0.75070 0.27789
-0.74879 0.27662
-0.74604 0.27392
-0.74443 0.27093
-0.74263 0.26642
-0.74257 0.26629
-0.74120 0.26347
-0.73763 0.25986
-0.73341 0.25641
-0.72880 0.25273
-0.72363 0.25189
-0.71771 0.24625
-0.71755 0.24611
-0.71546 0.24356
-0.71309 0.23919
-0.71302 0.23907
-0.70913 0.23818
-0.70587 0.23821
-0.70105 0.23711
-0.69220 0.22300
-0.69272 0.21703
-0.68711 0.21137
-0.68699 0.21121
-0.68467 0.20954
-0.68132 0.21014
-0.67934 0.21086
-0.67411 0.21048
-0.66790 0.21040
-0.66304 0.20728
-0.66069 0.20104
-0.66154 0.19487
-0.66213 0.18948
-0.66175 0.18743
-0.65688 0.19016
-0.65195 0.19118
-0.64657 0.19037
-0.64127 0.18749
-0.63879 0.18492
-0.63671 0.18199
-0.63468 0.17745
-0.63274 0.17215
-0.62855 0.16907
-0.62409 0.16828
-0.61827 0.16891
-0.61525 0.16852
-0.61361 0.16630
-0.61084 0.16449
-0.60700 0.16193
-0.60366 0.15718
-0.59836 0.15421
-0.59470 0.15056
-0.59234 0.14663
-0.58993 0.14510
-0.58637 0.14319
-0.58427 0.14217
-0.58168 0.14011
-0.57922 0.13849
-0.57483 0.13785
-0.56974 0.13656
-0.56537 0.13225
-0.56240 0.12814
-0.56161 0.12442
-0.55894 0.12290
-0.55423 0.12105
-0.54906 0.12158
-0.54639 0.12106
-0.54328 0.11998
-0.54161 0.11806
-0.53820 0.11681
-0.53336 0.11415
-0.52884 0.11204
-0.52575 0.11335
-0.52542 0.11358
-0.52496 0.11167
-0.52269 0.11037
-0.51709 0.11038
-0.50959 0.10949
-0.50392 0.10877
-0.50246 0.10483
-0.50151 0.09976
-0.50243 0.09533
-0.49903 0.09344
-0.49318 0.09214
-0.48890 0.09394
-0.48581 0.09531
-0.48301 0.09650
-0.48015 0.09464
-0.47824 0.08983
-0.47418 0.08632
-0.47089 0.08430
-0.46493 0.07973
-0.46050 0.07661
-0.45562 0.07502
-0.45098 0.07462
-0.44707 0.07599
-0.44309 0.07524
-0.43901 0.07213
-0.43469 0.06994
-0.43148 0.06802
-0.42953 0.06894
-0.42689 0.06828
-0.42440 0.06719
-0.42064 0.06630
-0.41541 0.06522
-0.41154 0.06157
-0.40841 0.06084
-0.40408 0.06128
-0.39990 0.06132
-0.39582 0.05950
-0.39199 0.05758
-0.39030 0.05497
-0.38832 0.05456
-0.38577 0.05408
-0.38157 0.05352
-0.37926 0.05418
-0.37486 0.05352
-0.37079 0.05192
-0.36619 0.04655
-0.36298 0.04085
-0.35896 0.03856
-0.35527 0.03841
-0.34985 0.03895
-0.34607 0.04054
-0.34269 0.04287
-0.34000 0.04348
-0.33671 0.04201
-0.33338 0.03906
-0.32989 0.03363
-0.32601 0.02890
-0.32241 0.02613
-0.31401 0.03039
-0.31381 0.03043
-0.31194 0.03249
-0.30934 0.03186
-0.30501 0.02691
-0.29812 0.02258
-0.29794 0.02246
-0.29330 0.02149
-0.29118 0.02058
-0.28777 0.02055
-0.28539 0.02078
-0.28140 0.02256
-0.27747 0.02308
-0.27402 0.02216
-0.26135 0.01249
-0.25632 0.01142
-0.25149 0.01234
-0.24877 0.01315
-0.24444 0.01407
-0.23439 0.01001
-0.23149 0.00793
-0.21693 0.00799
-0.21230 0.00644
-0.20475 0.00354
-0.20457 0.00347
-0.20150 0.00340
-0.19811 0.00383
-0.19520 0.00375
-0.19168 0.00271
-0.18843 0.00154
-0.18385 0.00208
-0.17836 0.00271
-0.17181 0.00338
-0.16604 0.00274
-0.16375 0.00072
-0.16077 -0.00064
-0.15977 -0.00191
-0.15713 -0.00235
-0.15400 -0.00477
-0.15086 -0.00428
-0.14397 -0.00216
-0.13598 -0.00077
-0.13445 -0.00250
-0.12982 -0.00319
-0.12604 -0.00533
-0.12437 -0.00575
-0.12229 -0.00420
-0.11797 -0.00377
-0.11479 -0.00302
-0.11050 -0.00471
-0.10600 -0.00620
-0.10120 -0.00649
-0.09710 -0.00761
-0.09164 -0.00877
-0.08677 -0.00788
-0.08291 -0.00631
-0.08025 -0.00560
-0.07444 -0.00598
-0.07429 -0.00599
-0.07084 -0.00793
-0.06083 -0.00814
-0.06059 -0.00815
-0.05629 -0.00861
-0.04993 -0.00968
-0.04978 -0.00970
-0.04803 -0.00956
-0.04508 -0.00912
-0.04101 -0.00895
-0.03263 -0.01039
-0.03242 -0.01043
-0.02742 -0.01236
-0.02507 -0.01129
-0.02184 -0.01065
-0.01794 -0.00922
-0.01389 -0.00807
-0.01125 -0.00539
-0.00801 -0.00516
-0.00422 -0.00687
-0.00192 -0.01041
0.00325 -0.01091
0.00965 -0.00964
0.01531 -0.00850
0.02071 -0.00509
0.02228 -0.00519
0.01904 -0.00543
0.00929 -0.00687
0.00112 -0.00854
-0.00022 -0.00866
0.00393 -0.00838
0.00722 -0.00807
0.00968 -0.00675
0.01018 -0.00396
0.01096 -0.00445
0.00879 -0.00688
0.00867 -0.00817
0.00793 -0.00908
0.00660 -0.00879
0.00748 -0.00813
0.00803 -0.00497
0.00896 -0.00426
0.00966 -0.00501
0.01003 -0.00769
0.01002 -0.00876
0.00911 -0.00844
0.00847 -0.00681
0.00798 -0.00628
0.00725 -0.00561
0.00744 -0.00617
0.00832 -0.00780
0.00974 -0.00817
0.01048 -0.00594
0.00997 -0.00473
0.01029 -0.00472
0.01138 -0.00506
0.01136 -0.00536
